Car -1 -1 1.795993 72.105553 257.041199 183.402740 330.191681 1.215459 1.543110 4.271077 -20.959280 -5.719790 69.956033 1.504897 1.104060
Car -1 -1 -1.388146 37.870132 630.989746 344.965790 983.095703 1.222480 1.414620 5.488587 -6.557170 2.497982 24.417433 -1.650501 0.660307
Car -1 -1 1.748955 176.069504 260.375214 285.612946 340.236267 1.244688 1.573064 4.249853 -17.510099 -5.247031 66.642116 1.492014 1.159346
Car -1 -1 1.744296 229.807953 222.107300 331.298431 305.089874 1.585450 1.714740 4.251913 -18.003811 -6.607858 73.537783 1.504195 1.038837
Car -1 -1 1.828171 0.000000 244.159164 75.988564 322.150879 1.356271 1.658890 4.236586 -24.559384 -6.063578 72.155240 1.500102 0.891883
Car -1 -1 1.743866 157.479782 188.007523 237.397827 243.930847 1.327203 1.649022 4.254812 -25.748173 -10.255788 93.744575 1.475813 0.843315
Car -1 -1 1.727312 306.109283 213.455460 389.268280 277.247040 1.262883 1.537580 4.252402 -17.743538 -7.953348 80.504337 1.510376 1.159573
Car -1 -1 1.778313 95.939667 170.907333 171.862732 225.017624 1.445920 1.579180 4.260206 -29.906364 -11.608004 100.481061 1.489030 0.598318
Car -1 -1 1.718396 181.149948 217.298874 268.479706 279.743866 1.249865 1.445286 4.246121 -21.310013 -7.888088 80.434438 1.459410 0.969793
Car -1 -1 1.738464 248.723816 154.986664 315.850830 206.990051 1.586873 1.751315 4.244606 -27.165683 -13.454974 111.016915 1.498481 0.584888
Car -1 -1 1.765981 195.268753 152.725800 257.233246 196.308945 1.349669 1.488795 4.255238 -30.551050 -14.380187 115.470572 1.507329 0.728056
Car -1 -1 1.730644 318.889984 167.931473 383.786560 213.441513 1.270479 1.633467 4.268272 -23.410637 -12.729920 106.900135 1.515052 0.560566
Car -1 -1 1.822202 8.183355 189.320801 99.327629 257.496307 1.595313 1.670836 4.256882 -29.491959 -9.490945 90.126869 1.505957 0.778812
Car -1 -1 1.723109 351.150818 194.308533 421.588745 248.844238 1.250465 1.501456 4.266104 -18.433055 -9.570723 89.027304 1.518945 0.768882
Car -1 -1 1.789624 144.115189 165.224350 209.312378 211.477463 1.232765 1.277592 4.241017 -30.940816 -13.186834 109.633927 1.514559 0.413627
Car -1 -1 1.739745 304.265320 141.281570 363.073090 183.715775 1.401212 1.609490 4.270029 -27.672669 -15.773283 122.404354 1.517407 0.225571
