Car -1 -1 -1.385398 332.234528 788.064148 597.202698 1030.567749 0.720001 1.465931 4.228030 -4.640975 3.105612 24.864805 -1.569923 2.314288
Car -1 -1 -1.613520 1018.657349 611.561523 1204.603760 807.196350 1.104548 1.840564 4.232481 1.310140 1.950840 32.411543 -1.573120 3.217382
Car -1 -1 -1.514823 663.601379 747.809998 897.158142 997.669861 0.956061 1.841453 4.237227 -1.910163 3.025533 26.097117 -1.587887 3.258012
Car -1 -1 1.652183 649.323181 289.199158 730.719482 378.275391 1.626371 1.615036 4.240175 -7.667385 -5.123336 70.466752 1.543800 1.346018
Car -1 -1 1.689490 602.575012 237.909409 673.981079 306.957764 1.658746 1.647789 4.244266 -11.390249 -8.545196 89.089740 1.562329 0.993629
Car -1 -1 -1.536552 1040.144165 178.331604 1084.322266 217.338272 1.519845 1.793092 4.251344 3.373094 -16.598691 132.782297 -1.511155 0.527805
Car -1 -1 -1.546224 869.703735 167.205948 909.857666 206.129578 1.598124 1.818619 4.238833 -5.262280 -18.216270 141.392803 -1.583424 0.587053
Car -1 -1 1.636566 734.874451 219.228165 793.256165 277.344330 1.609912 1.706885 4.240767 -8.265684 -10.517544 99.939620 1.554047 0.660747
Car -1 -1 -1.570538 940.424316 161.254639 976.158813 193.702881 1.402415 1.816069 4.257739 -1.908149 -20.459901 153.574888 -1.582963 0.531096
Car -1 -1 -1.554785 902.177002 128.300018 931.459290 155.391129 1.688508 1.934398 4.255998 -5.541344 -29.478336 202.176431 -1.582186 0.289875
Car -1 -1 1.628885 791.966125 155.377975 829.476135 192.300430 1.593283 1.679875 4.279593 -10.022789 -20.366973 152.523501 1.563266 0.329923
Car -1 -1 1.651803 698.952454 247.644699 766.868408 317.293793 1.589725 1.639857 4.244813 -7.993189 -7.892129 85.427210 1.558508 0.812469
