Car -1 -1 -1.745875 1282.135498 624.626709 1532.358887 847.169250 1.058252 1.572340 4.542880 4.289514 2.162544 29.369333 -1.600846 2.001426
Car -1 -1 -1.498727 543.379822 660.061646 778.728088 895.590698 1.036723 1.827141 4.244604 -3.170972 2.438197 27.393172 -1.613972 2.164576
Car -1 -1 -1.393207 214.010971 586.670288 473.642639 860.519592 1.534006 1.607246 4.250315 -6.453699 2.195626 28.193083 -1.618240 3.006283
Car -1 -1 -1.613433 939.211792 764.752991 1262.252075 1080.000000 2.005659 1.790087 5.170917 0.641290 4.061110 19.517086 -1.580587 2.339421
Car -1 -1 1.849537 124.116341 240.525269 217.651077 296.977631 1.327692 1.520153 4.240723 -27.068197 -8.425296 91.644827 1.562343 0.750870
Car -1 -1 1.786009 243.881393 238.568253 328.705963 295.151123 1.319181 1.652275 4.242937 -23.041883 -8.399156 90.770930 1.537413 0.707176
Car -1 -1 -1.631794 969.955627 660.355164 1194.990112 869.217529 0.803178 1.712780 4.622645 0.775538 2.227652 26.997487 -1.603075 1.122158
Car -1 -1 -1.439530 374.762817 913.489563 717.138855 1078.959717 0.837422 1.751396 4.222034 -3.060732 3.879040 20.005053 -1.591351 4.155370
Car -1 -1 1.719923 436.363983 189.014389 494.962555 231.252487 1.443475 1.753313 4.255274 -23.211595 -13.847054 122.461991 1.532604 0.631936
Car -1 -1 1.755831 295.920776 204.608444 360.911194 249.461182 1.309485 1.623967 4.247246 -26.547511 -11.911645 111.044008 1.521164 0.636755
Car -1 -1 1.738455 402.491638 179.336746 457.583496 218.283249 1.396312 1.648075 4.246288 -26.570067 -15.421920 131.286770 1.538770 0.486921
Car -1 -1 -1.810375 1409.581909 927.763489 1838.201416 1080.000000 0.884918 1.905787 4.168113 4.405887 4.050433 20.070958 -1.594287 3.355879
Car -1 -1 1.696586 515.187317 169.850235 558.330933 203.646866 1.295589 1.456899 4.246017 -23.979342 -17.903228 146.253920 1.534075 0.389557
Car -1 -1 1.660177 639.425537 159.653625 681.559509 199.106018 1.583815 1.743567 4.284332 -17.491413 -18.197486 147.040476 1.541777 0.217218
Car -1 -1 1.686197 618.533081 142.315918 655.447144 172.088821 1.639005 1.731116 4.297223 -23.974296 -24.831656 187.545357 1.559055 0.127103
Car -1 -1 1.703353 550.791138 154.062347 592.912170 188.501663 1.630194 1.749118 4.265200 -24.233151 -20.384550 160.518648 1.553516 0.229248
