Car -1 -1 2.570934 1143.864014 365.291565 1385.505371 468.385162 1.206487 1.893866 3.969726 5.900862 -2.289126 42.627093 2.708490 4.198984
Car -1 -1 -1.328028 403.958252 646.897827 644.988342 846.591431 0.606985 1.349867 4.228372 -4.577450 1.958176 23.317952 -1.521869 2.668786
Car -1 -1 2.760324 1515.248779 289.131256 1739.650513 397.593872 1.799454 1.923016 3.982264 15.117715 -4.031200 49.798969 3.055057 3.537070
Car -1 -1 -1.089725 929.832214 259.956421 1048.886230 326.669159 1.211625 1.480408 4.226146 0.775283 -6.938185 62.446337 -1.077311 1.319730
Car -1 -1 -0.432109 190.913864 320.458771 414.548676 419.682892 1.477993 1.844257 3.825640 -14.428250 -3.448148 47.580117 -0.726537 3.169172
Car -1 -1 -2.986631 314.813019 349.999451 571.188538 439.431580 1.260740 1.843444 4.664926 -10.666469 -2.822135 44.899570 3.063315 3.758008
Car -1 -1 1.837961 453.913116 242.020615 542.514404 305.766449 1.288125 1.370887 4.249835 -14.352278 -8.069323 67.499473 1.628453 1.235366
Car -1 -1 1.886774 324.974274 252.898270 424.736298 318.522095 1.237171 1.327320 4.242180 -17.367690 -7.375826 64.524414 1.623841 1.588521
Car -1 -1 1.924711 222.041779 249.899323 335.337921 319.716217 1.239137 1.491333 4.484324 -20.534158 -7.537885 65.522979 1.621016 0.916955
Car -1 -1 -1.545715 1013.523132 209.366196 1072.272827 261.414246 1.262073 1.816605 4.248238 2.961098 -11.125908 80.829181 -1.509097 0.955404
Car -1 -1 -1.260031 108.948067 867.202332 551.119812 1079.183472 0.929394 1.916631 4.209277 -4.779980 3.920622 17.325564 -1.529226 2.766829
Car -1 -1 1.896338 302.620117 207.760956 398.837585 284.318451 1.793526 1.294561 5.075585 -20.440051 -9.378071 72.929360 1.623077 0.693282
Car -1 -1 -1.795153 1409.090820 862.844360 1820.606201 1077.727539 1.104854 1.794080 4.178969 5.189920 4.241983 18.217694 -1.517621 2.452223
Car -1 -1 -1.562341 1018.421753 154.673004 1056.323975 189.890518 1.299565 1.701682 4.246163 3.847987 -18.850463 113.010069 -1.528304 0.556205
Car -1 -1 1.398742 560.570801 141.395218 607.363647 173.649384 1.425959 1.587522 4.018590 -22.219175 -22.045881 127.268632 1.225899 0.154596
Car -1 -1 -1.615499 1049.440186 793.780029 1236.000977 1023.871582 0.465384 1.553226 4.138903 1.683942 3.176496 21.340817 -1.536755 4.508732
