Car -1 -1 -1.642585 863.549866 628.917053 1098.002319 865.109619 0.901572 1.784929 4.435312 0.083300 2.076532 27.268407 -1.639530 1.556789
Car -1 -1 -1.835534 1322.133057 770.259766 1659.557373 1023.608948 0.603845 1.478460 4.412748 4.369137 2.903642 23.707295 -1.653284 2.194690
Car -1 -1 1.775252 18.448889 274.993927 143.110291 354.774445 1.143532 1.665905 4.266099 -20.341145 -4.782679 64.347333 1.469077 1.264939
Car -1 -1 1.740959 160.050568 272.309326 274.912292 352.655396 1.173930 1.729821 4.262482 -17.148290 -4.804897 64.163494 1.479804 1.431635
Car -1 -1 1.805609 0.000000 242.187546 53.174522 318.363556 1.292546 1.327652 4.280909 -25.157144 -6.233159 72.674165 1.472356 1.612185
Car -1 -1 1.766692 110.826065 242.389069 209.622818 313.187225 1.219288 1.520213 4.243843 -20.792213 -6.296856 72.127813 1.486032 1.253614
Car -1 -1 1.800984 34.264915 207.895432 136.267960 280.746368 1.507485 1.629740 4.258432 -25.532424 -7.919125 81.031822 1.495740 0.828099
Car -1 -1 1.722898 232.579514 243.109818 325.487366 315.976868 1.203613 1.460770 4.241657 -17.428990 -6.159601 71.070181 1.482408 1.181771
Car -1 -1 1.727278 334.997009 202.205063 412.233002 259.319672 1.244378 1.527135 4.231661 -18.299498 -9.015082 86.549782 1.518914 1.097099
Car -1 -1 1.783808 109.330605 187.953720 197.583115 251.758987 1.507779 1.624485 4.259936 -25.652372 -9.414938 88.155732 1.500638 0.989344
Car -1 -1 1.740316 280.505829 219.037857 365.991028 284.458313 1.254874 1.510504 4.243088 -18.191239 -7.660215 79.285637 1.514780 1.044952
Car -1 -1 1.747656 182.747589 218.658020 267.544525 282.454468 1.218415 1.477931 4.240654 -21.601568 -7.952827 81.559353 1.488743 1.167130
Car -1 -1 1.758408 192.026016 174.679855 253.793045 221.844070 1.242108 1.310245 4.241848 -26.888487 -11.740294 101.066264 1.498383 0.366945
Car -1 -1 1.858694 3.084099 155.887894 81.981178 206.108215 1.567488 1.712913 4.285652 -37.949794 -13.953790 114.759526 1.539324 0.191178
Car -1 -1 1.803070 31.945669 194.609833 118.263855 244.493317 1.265332 1.488308 4.226747 -29.524787 -10.091247 92.462460 1.493988 0.340527
Car -1 -1 1.712559 379.217957 145.224945 432.288635 190.877808 1.417075 1.711977 4.275009 -24.208172 -15.392000 121.089908 1.515241 0.258685
