Car -1 -1 -1.590049 769.054871 360.585297 876.074707 469.204407 1.251893 1.772561 4.249740 -2.878423 -1.947050 51.675518 -1.645694 1.737792
Car -1 -1 -1.555591 440.299561 522.827576 607.596313 696.118225 1.021772 1.711609 4.274101 -5.608358 1.041927 34.415629 -1.717130 3.063355
Car -1 -1 1.749999 138.901489 308.872467 262.830963 422.862640 1.572545 1.633152 4.253910 -15.780139 -2.950426 56.435982 1.477350 1.701783
Car -1 -1 -1.519112 392.018219 708.399841 628.222595 1016.804260 1.320955 1.629475 4.348743 -3.881718 2.950338 23.618631 -1.682005 1.599334
Car -1 -1 2.915137 1467.378296 280.912506 1682.134888 369.111542 1.676815 1.873949 4.491509 15.058833 -4.668349 69.243024 3.129280 2.286711
Car -1 -1 -1.560478 495.339752 429.524109 634.966003 570.184875 1.191514 1.755744 4.234607 -6.381836 -0.310859 43.050223 -1.707648 2.478113
Car -1 -1 1.483235 543.826416 298.222809 638.876099 386.114441 1.317878 1.615861 4.251343 -8.645759 -3.924790 61.856716 1.344364 0.966999
Car -1 -1 -1.603354 733.888794 284.832550 823.025574 362.462341 1.218828 1.873081 4.256693 -4.877825 -4.869631 68.234342 -1.674718 1.258008
Car -1 -1 1.723059 340.456207 226.835022 417.855682 288.871063 1.383417 1.589445 4.249632 -18.541289 -8.125554 86.066767 1.510873 0.767198
Car -1 -1 2.044517 167.482590 229.696426 303.522888 306.347748 1.567947 1.606294 4.490692 -21.768645 -7.275003 81.502454 1.783518 0.768852
Car -1 -1 1.692886 230.943344 285.668304 327.422150 369.499786 1.284158 1.565099 4.249281 -15.985575 -4.372199 63.547151 1.446445 1.285036
Car -1 -1 -1.565999 710.416565 211.233749 764.039795 261.998016 1.219600 1.728246 4.250168 -8.518488 -10.233400 98.905888 -1.651914 0.820199
Car -1 -1 1.703857 416.926270 276.480621 509.780487 351.171936 1.250611 1.698334 4.266050 -12.494483 -5.022719 67.594719 1.521076 1.261235
Car -1 -1 1.732105 395.240753 200.056091 463.415070 248.864136 1.285123 1.710051 4.265374 -19.982411 -10.880035 101.230182 1.537214 0.704184
Car -1 -1 1.706486 446.905853 222.755798 517.846741 279.724976 1.325170 1.595515 4.255276 -16.122009 -8.816807 90.609914 1.530401 0.865112
Car -1 -1 1.696117 503.935303 232.537811 577.523193 299.031097 1.420625 1.658950 4.258718 -13.234188 -7.732081 84.450600 1.540672 0.776935
Car -1 -1 -1.556226 704.002380 187.874161 749.011963 228.427139 1.182630 1.682308 4.259902 -10.217672 -13.042773 114.456039 -1.645261 0.623216
Car -1 -1 1.516484 539.206665 263.233337 622.962952 341.337891 1.476530 1.704954 4.306917 -10.133210 -5.426935 70.698088 1.374123 0.933705
Car -1 -1 1.650626 558.536743 205.179428 622.914673 258.510803 1.333286 1.721269 4.250679 -13.674336 -10.259797 98.306126 1.512414 0.608469
Car -1 -1 -1.560620 726.867126 156.501907 763.673706 188.277817 1.307558 1.775021 4.273746 -11.991753 -18.336895 144.532785 -1.643399 0.373439
Car -1 -1 1.630512 599.658691 117.443810 632.740112 145.301468 1.555651 1.917038 4.280066 -25.588469 -27.915576 197.464016 1.501644 0.292661
Car -1 -1 1.661105 583.534790 183.112686 640.025574 234.993835 1.606971 1.802032 4.263118 -14.203491 -12.155497 108.753883 1.531238 0.251217
