Car -1 -1 -1.812140 1398.545776 708.430786 1682.569336 957.770813 0.969467 1.472354 4.233932 4.811362 2.818228 26.280915 -1.631071 3.238407
Car -1 -1 -1.666670 1013.580444 738.467957 1266.648071 999.900391 0.942883 1.707438 4.245688 1.007944 3.014941 25.318749 -1.626881 2.040966
Car -1 -1 -1.372578 187.938156 745.820740 463.747162 980.698853 0.706236 1.477672 4.250810 -6.070148 2.821964 24.816257 -1.612471 3.229152
Car -1 -1 -1.288603 0.000000 670.974365 184.084778 957.707642 1.252476 1.889995 4.229437 -9.321348 2.742046 25.822694 -1.635022 3.561891
Car -1 -1 1.743499 311.721741 186.749939 378.533142 235.694870 1.372756 1.604818 4.251559 -25.827097 -11.882498 106.700046 1.506013 0.829441
Car -1 -1 1.819562 131.392456 223.988907 228.946838 295.793640 1.547697 1.603243 4.271816 -24.674649 -7.554569 81.897922 1.526926 1.100362
Car -1 -1 1.793341 207.505234 167.708221 270.121307 208.637589 1.295240 1.574144 4.254061 -34.412229 -14.773228 122.700708 1.519909 0.571750
Car -1 -1 1.768010 301.171844 165.273132 360.887390 208.591507 1.333891 1.570799 4.250988 -30.939698 -15.063345 125.055055 1.525472 0.418202
Car -1 -1 1.718267 430.438904 154.396210 482.186188 193.599304 1.374144 1.767998 4.265790 -26.341655 -16.273157 130.332037 1.518842 0.336762
Car -1 -1 1.722402 372.757904 146.696091 424.110077 184.343567 1.477509 1.646060 4.256669 -31.048972 -17.842074 139.390030 1.503232 0.199010
Car -1 -1 1.797912 98.884598 200.474884 189.017609 264.384735 1.593295 1.763990 4.278007 -29.556731 -9.639007 94.145789 1.493710 0.312494
