Car -1 -1 -1.658342 1020.423828 436.317261 1152.969116 569.489624 1.134948 1.661829 4.261332 1.876653 -0.600639 36.212615 -1.606565 3.967749
Car -1 -1 2.794731 1636.843262 236.604294 1860.440063 327.533844 2.212288 2.104972 5.511957 23.935294 -7.343188 67.348978 3.136202 2.582426
Car -1 -1 1.682929 566.607361 252.347214 635.623230 311.206879 1.238483 1.554500 4.270768 -11.677996 -8.089002 69.232276 1.515823 0.863207
Car -1 -1 1.424689 695.412415 259.310089 773.885437 335.926849 1.523081 1.560372 4.282174 -6.956194 -6.871369 64.018830 1.316455 0.602388
Car -1 -1 -1.335073 319.245239 786.821472 668.167664 1076.147095 0.747845 1.856458 4.515202 -4.055217 3.275769 19.452854 -1.540593 2.604441
Car -1 -1 1.665856 703.139526 201.098557 751.690063 247.027481 1.462313 1.605725 4.260507 -10.691910 -13.732945 96.197367 1.555165 0.616540
Car -1 -1 -1.600323 961.334900 267.887756 1035.531982 353.025269 1.641387 1.718782 4.519997 0.774293 -6.071119 60.630766 -1.587553 0.882591
Car -1 -1 -1.568448 918.472961 237.794571 975.826660 288.228455 1.209571 1.760632 4.245874 -0.830815 -9.987094 79.092628 -1.578952 0.945020
Car -1 -1 1.687465 662.679871 191.726883 706.414246 230.295151 1.370575 1.478879 4.263634 -13.714465 -15.700003 105.037693 1.557632 0.586973
Car -1 -1 1.659364 735.298767 187.431366 778.096558 225.162308 1.359410 1.633510 4.263318 -10.700102 -16.649170 109.741193 1.562168 0.557323
Car -1 -1 0.175609 1299.766235 156.474289 1375.127808 188.092133 1.582942 1.865129 4.110933 23.772116 -23.575660 141.175026 0.342432 0.136158
