Car -1 -1 1.798789 245.392517 297.563263 362.636627 388.542236 1.609521 1.668991 4.250576 -17.119003 -4.782562 68.954900 1.555445 1.341297
Car -1 -1 -1.756676 1333.658203 759.391785 1608.305176 978.566345 0.685817 1.647792 4.384543 4.450077 2.913348 26.410587 -1.589748 2.699909
Car -1 -1 1.749544 390.444153 312.420013 489.991150 387.092529 1.255342 1.547699 4.240498 -13.709760 -4.784445 68.839070 1.552959 1.373449
Car -1 -1 -1.669703 1054.895020 870.820312 1341.950684 1079.781372 1.129388 1.734465 4.317718 1.526146 4.013528 22.226130 -1.601146 3.260501
Car -1 -1 1.678055 639.974854 299.073151 730.981934 375.417755 1.355804 1.783070 4.262053 -7.840967 -5.206009 70.969230 1.568017 1.255842
Car -1 -1 -1.544739 857.965393 227.660172 914.457214 280.350006 1.392991 1.739964 4.240590 -3.790772 -10.370378 99.274536 -1.582905 1.123317
Car -1 -1 1.722759 509.686768 310.471191 602.670105 385.667694 1.282723 1.584248 4.237803 -10.946334 -4.872858 69.566582 1.566688 1.507004
Car -1 -1 -1.564152 952.635559 247.060715 1017.196167 302.470184 1.292915 1.919864 4.250661 -0.246878 -8.802699 90.601465 -1.566876 1.277104
Car -1 -1 -1.555595 924.865173 181.569702 969.468323 221.104797 1.421736 1.868512 4.255204 -2.110029 -16.010771 129.144771 -1.571932 0.654607
Car -1 -1 -1.576766 1013.764282 205.859268 1062.957031 249.126068 1.327266 1.789084 4.244410 1.882127 -12.954342 113.076109 -1.560122 0.779226
Car -1 -1 1.709960 559.250916 267.385864 634.682800 351.354309 1.679381 1.333845 4.510046 -10.877824 -6.224318 76.339099 1.568420 0.601223
Car -1 -1 1.665424 660.381470 259.708679 742.306030 333.173218 1.502172 1.837399 4.253654 -8.346243 -6.923040 79.318033 1.560585 1.345171
Car -1 -1 1.743564 443.334442 286.674133 525.126465 352.585205 1.258171 1.389525 4.238855 -14.135909 -6.224946 77.087776 1.562205 1.051104
Car -1 -1 1.719956 491.095856 260.051910 565.462891 319.007782 1.298486 1.561232 4.245182 -14.294820 -7.807253 85.280860 1.553879 0.917126
Car -1 -1 1.681335 605.719360 246.853027 671.339172 309.248077 1.503025 1.477787 4.251167 -10.996348 -8.121446 85.943602 1.554078 0.901929
Car -1 -1 -1.508512 1045.499512 178.926224 1089.244629 212.880051 1.288289 1.654480 4.250787 3.697395 -17.169829 135.487810 -1.481230 0.460859
Car -1 -1 -1.560428 913.646484 133.198624 940.755798 158.132324 1.518324 1.733737 4.241324 -4.682814 -29.100737 200.811967 -1.583743 0.269502
Car -1 -1 -1.654898 1206.415039 200.735641 1257.785400 245.579971 1.456708 1.777397 4.261590 10.106980 -13.490043 116.710984 -1.568515 0.734556
Car -1 -1 -1.578653 1001.002075 159.227264 1038.596802 191.626816 1.419047 1.896323 4.249902 1.508908 -21.066974 157.247057 -1.569058 0.411359
Car -1 -1 -1.598675 1086.708984 135.673309 1118.122192 163.272690 1.497016 1.884490 4.259903 7.734240 -28.080517 195.451849 -1.559124 0.230418
Car -1 -1 1.676747 682.227722 141.645203 717.156311 172.892410 1.666294 1.694740 4.254544 -18.569933 -24.533626 175.287447 1.571201 0.287796
Car -1 -1 1.650200 717.672363 152.835464 755.259888 182.913208 1.415527 1.743843 4.242720 -14.797160 -21.864913 160.120202 1.558049 0.236886
Car -1 -1 -1.585111 994.526306 141.317215 1024.641968 166.017532 1.372141 1.783578 4.244120 1.211123 -25.938157 182.715735 -1.578482 0.131608
