Car -1 -1 -1.531213 769.598572 477.122833 903.546021 621.732666 1.231496 1.825744 4.252271 -2.356021 0.149734 42.396283 -1.586728 2.262320
Car -1 -1 -1.727303 1236.401245 554.961670 1446.307739 775.718994 1.499204 1.650955 4.682939 4.157398 1.659942 33.923963 -1.605361 2.627621
Car -1 -1 -1.648148 1041.964355 797.920044 1266.471436 1039.784912 0.737813 1.614388 4.236729 1.359341 3.217165 24.940037 -1.593697 2.013311
Car -1 -1 -1.593821 972.414062 389.113251 1073.015137 482.360809 1.135462 1.739198 4.258976 0.559323 -2.099042 54.260821 -1.583513 1.868050
Car -1 -1 1.775097 282.088257 295.233337 384.525421 377.601440 1.510453 1.535664 4.254719 -16.940485 -5.182407 71.287209 1.541788 1.197991
Car -1 -1 -1.640725 1082.142090 345.237274 1176.197510 427.760925 1.177858 1.707214 4.242383 3.044803 -3.521547 62.266604 -1.591864 1.041435
Car -1 -1 1.643453 639.221985 300.426910 726.214661 388.652374 1.538727 1.727778 4.246367 -7.615734 -4.729135 68.254449 1.532334 1.263025
Car -1 -1 -1.582477 942.834534 289.462067 1014.285706 357.110168 1.259240 1.778388 4.257350 -0.391328 -6.142649 77.165842 -1.587548 1.432430
Car -1 -1 1.291524 682.700928 287.095367 784.202515 360.447388 1.350690 1.553292 4.232955 -7.040052 -5.834913 74.362462 1.197133 0.603131
Car -1 -1 -1.562748 961.535278 238.632706 1021.262573 293.510193 1.360361 1.860533 4.251601 -0.043466 -9.275019 92.917717 -1.563216 1.056330
Car -1 -1 -1.569754 925.930176 183.126907 966.504456 220.689926 1.377337 1.722185 4.244079 -2.207176 -16.360107 131.746860 -1.586505 0.678214
Car -1 -1 1.658366 694.252197 248.137970 763.685425 310.536591 1.366889 1.694163 4.250448 -8.107655 -8.075333 85.172526 1.563461 1.069650
Car -1 -1 -1.563523 942.371948 138.396912 970.481323 165.057190 1.510396 1.689703 4.261212 -2.502894 -27.105571 189.956055 -1.576699 0.228713
Car -1 -1 -1.557771 889.065186 131.884171 917.214905 157.832520 1.553727 1.807925 4.230136 -6.332000 -28.581558 197.381123 -1.589840 0.277113
Car -1 -1 -1.595940 1000.321350 161.484558 1037.358887 193.396255 1.417181 1.821125 4.252316 1.461914 -20.703841 155.377798 -1.586531 0.498928
Car -1 -1 -1.556091 880.392639 149.964615 912.480774 178.376389 1.361172 1.737231 4.247011 -5.948086 -23.611989 171.011269 -1.590859 0.428352
Car -1 -1 -1.561229 940.267639 164.051804 976.603088 198.042175 1.376027 1.760786 4.228697 -1.819362 -19.767987 149.780776 -1.573376 0.534171
Car -1 -1 -1.607070 1083.103760 129.875824 1110.337646 154.497314 1.532275 1.812946 4.240631 7.752803 -30.038997 205.701944 -1.569398 0.171031
Car -1 -1 1.677407 618.015381 155.263626 659.786926 184.704605 1.404791 1.838439 4.251798 -21.122477 -22.474122 165.279855 1.550298 0.194026
