Car -1 -1 0.616838 994.105591 266.797485 1142.179077 337.611267 1.403329 1.833110 3.688320 3.683654 -6.512028 63.150988 0.675102 1.477762
Car -1 -1 -1.305951 142.730087 710.973328 448.482758 967.814453 0.834603 1.621018 4.219431 -6.156903 2.786905 21.496188 -1.584902 4.538762
Car -1 -1 -1.630680 954.748413 783.183533 1199.992188 1066.391357 0.629703 1.757050 4.597247 1.131522 3.235835 20.073182 -1.574370 2.915313
Car -1 -1 1.868874 186.049988 243.676376 287.812622 321.372314 1.626193 1.538555 4.229676 -21.341632 -7.369917 66.582957 1.558694 1.340157
Car -1 -1 -1.853644 1339.297607 770.733948 1683.880493 1060.912720 0.793735 1.709803 4.296729 5.083177 3.265373 20.234278 -1.607521 4.031427
Car -1 -1 -1.462315 466.158508 799.118042 771.585388 1080.000000 1.008263 1.998267 4.318817 -2.645146 3.630601 19.276594 -1.598684 2.997190
Car -1 -1 1.780165 369.542908 197.044418 464.157074 287.308350 2.320024 1.929458 4.962087 -17.961704 -9.421716 75.343834 1.546137 0.469718
Car -1 -1 1.906199 59.316372 257.497223 160.535522 323.153381 1.328783 1.304471 4.216876 -25.315662 -7.317039 66.865377 1.544270 1.217425
Car -1 -1 1.769725 419.688232 251.793045 504.988708 321.147980 1.349735 1.502983 4.242952 -14.398163 -7.324804 66.120448 1.555315 1.289547
Car -1 -1 1.769971 451.445404 200.258148 517.359314 252.833908 1.451908 1.533103 4.230550 -17.903158 -11.901566 86.107482 1.564975 0.984904
Car -1 -1 1.800981 306.713226 254.277542 398.756409 317.824188 1.275581 1.561792 4.240201 -17.846348 -7.440450 66.624898 1.539262 1.470354
Car -1 -1 1.729118 512.528137 184.206146 567.414734 225.604721 1.271509 1.414972 4.241268 -17.953431 -14.694446 98.342081 1.548545 0.641683
Car -1 -1 1.845287 256.999542 223.818344 337.550781 287.801453 1.590348 1.416913 4.303300 -22.046803 -9.297377 75.156117 1.559945 0.987318
Car -1 -1 1.722168 542.463318 163.330124 595.650085 207.895111 1.707853 1.756302 4.277078 -17.950951 -16.483888 105.819076 1.554129 0.505711
Car -1 -1 1.888024 128.496094 240.454910 215.079086 300.846008 1.381602 1.135499 4.218109 -25.264875 -8.507750 71.878145 1.550017 1.252217
Car -1 -1 1.832429 285.558136 191.268204 352.562195 234.199814 1.327997 1.514435 4.240187 -26.041148 -13.318236 91.863139 1.556199 0.779631
Car -1 -1 1.917420 81.220024 193.432129 163.426254 244.424377 1.538458 1.505911 4.254551 -33.629442 -12.725614 90.017302 1.559887 0.924188
Car -1 -1 1.794433 324.220734 215.103088 390.386902 261.996735 1.176723 1.272934 4.255808 -22.103630 -11.103428 82.694526 1.533246 1.138225
Car -1 -1 1.722908 485.900146 167.223328 535.264771 201.429413 1.293552 1.597235 4.233226 -21.700566 -17.543119 110.530846 1.529044 0.591686
Car -1 -1 1.673132 622.685242 136.053696 663.553223 172.452377 1.762922 1.876214 4.241420 -18.936695 -23.925706 139.658500 1.538361 0.328498
Car -1 -1 1.774025 447.024445 176.184708 500.773682 217.224655 1.414283 1.499206 4.270560 -21.586365 -15.417200 101.259848 1.563991 0.661985
Car -1 -1 1.800056 360.202789 160.133774 420.665588 204.554337 1.766540 1.628572 4.465149 -27.618424 -17.237956 109.811464 1.553659 0.377101
Car -1 -1 1.749905 479.831024 193.783096 536.000671 238.326004 1.290179 1.450202 4.204731 -18.114673 -13.241125 92.008092 1.555510 0.431325
Car -1 -1 1.841509 233.830887 211.868286 303.684631 257.372131 1.141920 1.286077 4.231393 -26.463693 -11.797264 86.154493 1.543491 0.408998
Car -1 -1 1.712391 582.685730 153.173325 629.326477 189.043060 1.544244 1.666100 4.225835 -18.784796 -20.021114 122.242123 1.559915 0.182456
Car -1 -1 1.724526 564.623596 164.036743 610.441345 197.445953 1.526886 1.743534 4.226971 -17.986098 -17.557314 110.326769 1.562922 0.260039
