Car -1 -1 1.894148 98.704590 311.539795 237.177200 413.277863 1.498043 1.449144 4.308372 -17.318299 -3.635274 49.297129 1.556311 1.751874
Car -1 -1 1.714668 564.506836 185.173218 620.952148 231.625534 1.432590 1.616427 4.243073 -15.183215 -14.037655 95.621083 1.557197 0.673079
Car -1 -1 1.848127 255.106964 247.903046 368.606873 331.556641 1.654170 1.701039 4.387192 -18.355275 -6.858715 64.132011 1.569369 1.171265
Car -1 -1 1.882308 141.628113 254.716187 249.362503 332.846985 1.534997 1.304457 4.256264 -21.444731 -6.688531 63.133909 1.554865 1.357734
Car -1 -1 1.916241 110.473618 235.073944 212.165619 306.615997 1.538045 1.445268 4.252958 -25.165174 -8.275314 70.851460 1.574957 0.924661
Car -1 -1 1.762953 411.192139 254.042175 505.285095 319.593231 1.305742 1.764780 4.284168 -14.598240 -7.380880 66.462354 1.546739 1.285586
Car -1 -1 -1.613312 1020.147705 205.357697 1069.458130 251.732635 1.322284 1.676015 4.247207 4.252779 -12.428180 89.781314 -1.565980 0.868940
Car -1 -1 1.815045 382.444580 213.545258 460.532196 282.299652 1.745281 1.421193 4.452407 -18.150861 -9.700989 76.761014 1.582850 0.688147
Car -1 -1 -1.749135 1373.611328 255.632950 1453.572388 318.890564 1.282776 1.485759 4.243855 14.970142 -7.718241 69.252177 -1.536243 1.040289
Car -1 -1 1.742876 452.127777 167.516174 512.058105 216.954117 1.746196 1.811428 4.290890 -21.551431 -15.726193 102.892218 1.536404 0.491496
Car -1 -1 1.813245 350.346649 181.773560 416.628693 228.000732 1.373002 1.612577 4.247605 -25.133295 -14.730550 98.855691 1.564278 0.612370
Car -1 -1 1.873195 255.740067 231.285980 346.094147 287.904846 1.306022 1.550160 4.248136 -21.650843 -9.181055 74.299896 1.589648 0.870816
Car -1 -1 1.809073 351.501190 207.070892 422.247009 254.646988 1.278569 1.397080 4.231966 -21.387128 -11.653518 84.932032 1.562388 0.616355
Car -1 -1 1.754619 487.704773 146.941544 531.971497 180.265503 1.429068 1.566711 4.234052 -25.476007 -21.757420 129.536059 1.560427 0.493494
