Car -1 -1 1.947023 104.405365 344.354095 224.529999 423.653015 1.123268 1.083868 4.641711 -20.081448 -4.166216 55.131794 1.597715 0.746437
Car -1 -1 -1.617254 983.829773 194.007034 1025.031250 231.539810 1.395662 1.891139 4.243795 1.950407 -17.405844 114.368205 -1.600202 0.688658
Car -1 -1 1.196869 1811.846802 164.607391 1892.853027 211.261703 1.648076 1.816201 4.391693 42.329057 -16.875201 104.731416 1.580963 0.304980
Car -1 -1 -1.880873 1754.906616 173.599121 1824.758789 212.794510 1.378633 1.538720 4.254836 39.258609 -16.726345 104.465764 -1.521398 0.602473
Car -1 -1 1.993688 1735.589233 206.285767 1832.869263 258.696442 1.480063 1.823827 4.220529 32.020726 -12.126050 85.747158 2.351084 0.264834
Car -1 -1 2.774697 1722.169800 163.998505 1822.309204 202.361313 1.490037 1.817484 3.976781 40.547311 -18.149508 110.456819 3.126513 0.196430
Car -1 -1 -1.553874 920.740051 154.689362 950.287292 181.267075 1.434708 1.827075 4.268902 -2.256630 -27.555413 159.267793 -1.568042 0.371071
Car -1 -1 -1.581056 964.528870 141.518280 990.652100 164.862091 1.540706 1.865575 4.234788 0.979690 -33.202511 184.695118 -1.575751 0.338857
Car -1 -1 1.192954 1872.849121 170.442734 1919.119141 210.448547 1.420101 1.588749 4.222095 45.217040 -16.876147 104.851711 1.600104 0.210726
Car -1 -1 -2.734788 47.458710 196.290894 131.268204 227.050507 1.267564 1.860752 3.371446 -47.755464 -18.217835 118.906523 -3.116691 0.122706
Car -1 -1 2.827446 1588.897217 148.396729 1673.639160 181.983459 1.521773 1.796607 3.963157 39.263123 -22.190779 128.714492 3.123521 0.155745
