Car -1 -1 -1.681580 1188.184082 466.333954 1353.428833 611.499390 1.243006 1.843170 4.326171 4.163858 0.009313 42.164220 -1.583146 2.180058
Car -1 -1 -1.539867 793.151978 378.657776 898.942322 473.196228 1.145758 1.834432 4.252948 -2.880126 -2.321737 54.968043 -1.592215 1.775120
Car -1 -1 1.666996 666.639526 266.127747 741.899170 329.625488 1.318630 1.730998 4.250898 -8.358288 -7.092129 80.433797 1.563452 1.254335
Car -1 -1 -1.578511 996.856689 309.586060 1073.395508 384.221741 1.220792 1.734832 4.249400 1.071558 -4.912326 69.393540 -1.563070 1.632783
Car -1 -1 1.846346 127.978012 251.436020 231.992661 322.894379 1.634120 1.721647 4.304631 -25.158811 -7.768703 85.755909 1.560976 0.906180
Car -1 -1 1.704166 541.791443 231.988235 608.721619 283.354065 1.314651 1.587739 4.244331 -14.558779 -9.995062 96.570958 1.554535 0.750435
Car -1 -1 -1.597403 1032.279053 218.524567 1085.254883 263.662018 1.291914 1.788553 4.241309 2.530019 -11.577392 105.493104 -1.573425 0.805167
Car -1 -1 -1.537378 850.196289 220.343521 900.957214 265.334503 1.331643 1.745645 4.247347 -4.436468 -11.505141 105.551745 -1.579385 1.012838
Car -1 -1 -1.567255 995.742798 260.003998 1057.067627 320.367096 1.277538 1.699444 4.239419 1.017016 -7.538757 82.635099 -1.554949 1.140843
Car -1 -1 -1.566366 934.719788 173.851700 977.252197 222.316849 1.756267 1.748515 4.430111 -1.710323 -16.153049 130.466250 -1.579475 0.341755
Car -1 -1 -1.546714 870.199585 193.597214 913.730713 234.116806 1.367495 1.705469 4.242054 -4.389729 -14.547748 121.576591 -1.582805 0.704265
Car -1 -1 -1.593597 1001.583557 170.533493 1041.771606 203.993805 1.439352 1.826857 4.241772 1.509167 -18.210061 140.927805 -1.582888 0.530902
Car -1 -1 -1.569411 939.090942 132.400879 965.914673 157.111267 1.454401 1.721948 4.242861 -2.880279 -28.747690 198.115420 -1.583948 0.331256
Car -1 -1 -1.553936 883.048767 130.814285 911.799683 158.734055 1.649412 1.856537 4.257992 -6.865537 -28.820172 199.151094 -1.588396 0.324359
Car -1 -1 -1.574635 1028.955933 189.909378 1071.003784 225.289795 1.259583 1.716508 4.255593 2.687749 -15.652050 128.033703 -1.553646 0.666550
Car -1 -1 1.606662 754.441284 139.741287 784.258362 166.563950 1.424391 1.633198 4.247606 -15.024872 -26.468839 186.295468 1.526186 0.286689
Car -1 -1 1.618824 800.490723 133.877838 829.071533 159.042221 1.452808 1.724219 4.246514 -12.660074 -28.499822 197.030284 1.554658 0.305830
Car -1 -1 -1.581691 985.135742 137.983932 1014.263245 162.283325 1.356915 1.760841 4.236655 0.494152 -27.787995 193.392946 -1.579136 0.252574
Car -1 -1 1.645585 713.039490 134.878235 741.351013 158.082184 1.370485 1.685512 4.231887 -19.497442 -29.430951 202.981916 1.549824 0.215811
Car -1 -1 -1.609975 1002.155884 151.964905 1036.333618 181.360901 1.416469 1.760433 4.239580 1.588916 -23.002031 167.331588 -1.600480 0.184978
Car -1 -1 -1.613133 1085.297241 136.352097 1116.262207 163.643356 1.515305 1.810546 4.277607 7.566263 -27.778770 193.698554 -1.574091 0.171630
Car -1 -1 -1.566584 935.480225 161.658737 973.713135 196.687408 1.461029 1.825404 4.225587 -2.034639 -19.568085 148.001608 -1.580331 0.247701
Car -1 -1 1.703416 581.986938 159.556412 631.483093 191.750549 1.454813 1.895941 4.256787 -21.830265 -20.889006 156.313377 1.564657 0.164104
