Car -1 -1 -1.615026 960.969055 489.522552 1099.254883 624.689636 0.965039 1.722028 4.244481 1.313856 0.265767 33.457600 -1.575777 2.901681
Car -1 -1 -1.802198 1283.335327 612.587524 1518.438232 815.263428 0.992185 1.583904 4.239726 5.358402 2.020169 26.001247 -1.598960 3.171045
Car -1 -1 1.892907 83.775177 323.787598 209.382996 414.575500 1.179217 1.125759 4.377285 -17.472570 -3.577260 48.372835 1.546284 1.321338
Car -1 -1 -1.716585 1116.679932 371.413391 1231.954712 469.032806 1.087966 1.629917 4.292346 4.803618 -2.387877 45.486209 -1.611369 1.331876
Car -1 -1 -1.534674 787.686279 305.025330 881.856140 396.537628 1.440608 1.999949 4.265310 -2.573606 -4.313921 53.803984 -1.582471 1.464982
Car -1 -1 -1.607558 942.477783 291.607483 1020.461426 364.438721 1.214740 1.796616 4.244724 1.064423 -5.446535 58.549419 -1.589380 2.171019
Car -1 -1 -1.629654 1004.590149 865.378540 1293.413574 1078.233521 0.946762 1.793264 4.239797 1.524113 3.960166 17.645954 -1.543496 3.203685
Car -1 -1 -1.537715 833.202820 225.563812 895.874695 278.287170 1.260356 1.934416 4.247922 -2.673504 -9.880063 77.423388 -1.572232 1.285803
Car -1 -1 -1.555984 862.579956 185.980515 908.502014 229.772964 1.347029 1.822205 4.263928 -2.441547 -14.327062 97.231726 -1.581090 0.797104
Car -1 -1 1.850873 233.754333 240.174301 325.072144 299.778778 1.267067 1.446781 4.336534 -21.488386 -8.512102 71.384768 1.558478 1.129311
Car -1 -1 -1.667460 1057.233154 262.248260 1133.458984 327.325958 1.268423 1.722003 4.256897 4.656535 -7.128594 66.215659 -1.597251 1.450831
Car -1 -1 -1.543068 858.458862 161.745636 899.041138 201.060425 1.500735 1.849621 4.245815 -3.211779 -18.067669 113.575835 -1.571339 0.600208
Car -1 -1 1.871562 178.956894 223.456055 268.423981 281.123596 1.339734 1.561994 4.249212 -24.645667 -9.545263 75.399634 1.555642 0.843274
Car -1 -1 -1.626606 1009.040039 212.223923 1067.453491 262.757050 1.276520 1.773880 4.226236 3.723504 -11.303080 84.127456 -1.582374 0.811637
Car -1 -1 -1.590467 942.656433 234.195267 997.167419 295.262848 1.445446 1.568310 4.254972 0.961691 -8.738603 72.577745 -1.577218 1.111076
Car -1 -1 -1.600530 930.779236 129.593536 959.462036 157.196777 1.540504 1.869091 4.261718 0.320268 -27.560393 155.533432 -1.598471 0.403481
Car -1 -1 0.338397 73.161995 125.722633 166.839996 171.622940 2.320637 2.170765 4.514271 -51.187113 -23.388581 136.466004 -0.020453 0.182012
Car -1 -1 1.724236 577.425720 124.995667 613.242493 150.672775 1.462059 1.815381 4.235916 -25.650084 -29.264897 162.697395 1.567868 0.207948
