Car -1 -1 2.942278 1063.952026 365.496674 1308.731934 487.836945 1.657434 1.916571 4.163330 4.280256 -1.676221 43.212696 3.041007 3.667324
Car -1 -1 -2.392950 1246.868774 255.608734 1413.249146 334.399200 1.681450 1.915527 4.787110 11.305513 -6.992858 68.258314 -2.228812 1.349260
Car -1 -1 2.848108 1282.355103 421.190277 1579.201904 538.520996 1.390862 1.912805 4.332322 8.077411 -0.641072 38.111235 3.056960 4.879532
Car -1 -1 -1.394156 587.927063 600.508423 780.057983 768.526062 0.693296 1.475276 4.227172 -3.378757 1.714732 26.537880 -1.520793 2.771915
Car -1 -1 -1.506328 862.576111 646.013184 1053.654663 837.150024 0.629596 1.719399 4.259979 -0.024310 2.130395 24.242585 -1.507331 3.245095
Car -1 -1 -1.281901 311.085693 567.237305 563.379211 763.778198 0.938768 1.490904 4.398551 -6.354267 1.590878 26.566127 -1.516677 2.883263
Car -1 -1 -1.770494 1429.651123 696.496399 1673.546509 913.846497 0.636382 1.454447 4.256138 5.910307 2.603583 22.495638 -1.513569 3.703115
Car -1 -1 2.762102 1543.121704 386.977173 1799.380127 482.247955 1.325416 1.891755 4.162908 14.093250 -1.711064 43.703960 3.074044 4.199608
Car -1 -1 -1.639273 1161.232788 643.460388 1367.195068 867.016907 0.844536 1.755441 4.453624 3.109044 2.320393 23.731497 -1.509006 2.163089
Car -1 -1 2.663434 384.381287 470.446564 697.305786 594.058472 1.044612 1.859071 4.045373 -6.623322 0.090284 33.505698 2.468273 3.858134
Car -1 -1 -2.879790 339.390472 297.155701 540.897522 365.730530 1.329785 1.905843 4.554558 -14.363741 -5.172031 58.992936 -3.118625 2.156839
Car -1 -1 0.328275 0.018700 346.134430 245.356323 430.185242 1.357389 1.878800 4.347237 -18.616884 -2.870630 47.857118 -0.042721 2.671002
Car -1 -1 0.198007 446.609222 340.970612 671.244690 421.751862 1.289427 1.901470 4.261395 -9.198650 -3.130533 48.890573 0.012033 3.086139
Car -1 -1 -1.151626 0.000000 792.721802 372.398224 1080.000000 0.912001 2.141409 4.296136 -7.070348 3.553212 18.998855 -1.507893 4.605463
Car -1 -1 -1.463530 693.785767 875.677002 1008.801208 1079.281494 0.995117 1.824619 4.284572 -0.777650 4.148164 17.289875 -1.508477 2.368250
Car -1 -1 0.316516 98.796585 304.347778 315.662872 402.686951 1.854192 1.902027 4.224830 -18.286636 -3.726274 52.234728 -0.020235 2.042866
Car -1 -1 2.867177 431.520538 411.280212 722.561768 517.741699 1.143161 1.906592 4.452484 -7.044430 -1.059286 38.807782 2.687611 3.681605
Car -1 -1 -1.320565 302.742126 809.259155 693.082092 1079.128296 0.944019 1.969680 4.483619 -3.805225 3.714651 18.553472 -1.522854 2.202953
Car -1 -1 -1.569446 1071.905151 158.761398 1106.253418 195.865692 1.889526 1.967853 4.533937 7.874017 -22.382313 140.942271 -1.513637 0.183108
