Car -1 -1 -1.377967 196.623688 851.722778 533.980286 1079.270996 1.012693 1.799252 4.253263 -5.044340 3.788519 22.952251 -1.594303 3.149416
Car -1 -1 -1.541955 809.027893 347.319427 899.026184 432.838409 1.199067 1.750179 4.231951 -3.055747 -3.393719 61.561370 -1.591552 1.777018
Car -1 -1 -1.654151 1069.166504 908.958557 1363.416870 1077.346558 0.838459 1.769171 4.284223 1.631542 3.939387 21.770982 -1.579350 4.244686
Car -1 -1 -1.581102 960.590027 308.550171 1037.680908 405.611237 1.661041 1.600983 4.577169 0.130577 -4.204558 66.188527 -1.579129 0.810604
Car -1 -1 -1.571325 932.803223 246.342377 991.426025 299.853607 1.266386 1.785667 4.246415 -1.017751 -8.984120 91.705634 -1.582423 1.097005
Car -1 -1 1.667490 648.998840 298.970734 730.932556 380.110779 1.436803 1.563763 4.246476 -7.609529 -5.021663 69.891464 1.559041 1.237094
Car -1 -1 -1.549659 832.599731 273.780426 901.206421 335.595459 1.295175 1.787866 4.243343 -3.625116 -6.893174 80.252639 -1.594799 1.109393
Car -1 -1 -1.550601 859.549011 211.295486 908.568054 256.952911 1.372740 1.755042 4.256372 -4.320987 -12.387068 110.547578 -1.589668 0.818170
Car -1 -1 -1.597344 1041.639404 247.947327 1104.125977 306.012817 1.382090 1.812955 4.249069 2.597199 -8.562657 89.312248 -1.568272 1.083628
Car -1 -1 -1.571373 919.974915 199.251816 965.067322 239.802933 1.309744 1.712132 4.227418 -2.153174 -13.849751 117.711085 -1.589662 0.722345
Car -1 -1 -1.589904 1000.060059 185.632797 1043.588867 223.466675 1.369282 1.859033 4.258399 1.354567 -15.842007 128.702457 -1.579380 0.642056
Car -1 -1 -1.438733 1058.171509 173.171677 1103.669800 208.951477 1.397368 1.534210 4.256505 4.557782 -18.009431 140.761211 -1.406365 0.350998
Car -1 -1 -1.608291 1042.905396 224.921997 1093.938232 267.462280 1.191250 1.736265 4.251110 2.927701 -11.638080 107.072384 -1.580955 0.644588
Car -1 -1 -1.562693 933.577942 171.967926 974.016296 212.819275 1.525533 1.755700 4.244107 -1.896993 -17.106859 134.728775 -1.576772 0.515194
Car -1 -1 -1.551994 875.999207 161.981277 913.011292 193.026291 1.350006 1.737179 4.238114 -5.485678 -20.629514 154.724906 -1.587434 0.317105
Car -1 -1 -1.571142 942.041870 153.417801 974.974854 181.009430 1.446473 1.817915 4.256318 -2.096915 -23.519486 171.102668 -1.583396 0.218349
Car -1 -1 1.645422 721.816956 150.774612 757.033508 181.562332 1.488161 1.715949 4.238227 -15.267079 -22.830744 166.616864 1.554047 0.332643
Car -1 -1 -1.544575 873.002380 175.191010 912.064331 215.383774 1.602318 1.671112 4.351014 -4.782740 -16.668275 132.476003 -1.580662 0.231691
Car -1 -1 1.645654 695.224609 179.496460 742.067444 215.354401 1.264366 1.677942 4.221859 -12.836588 -16.318731 129.847935 1.547116 0.192331
Car -1 -1 -1.542478 878.935669 143.257950 909.168335 169.456924 1.418073 1.792729 4.262724 -6.223942 -24.597137 174.835946 -1.578062 0.141122
