Car -1 -1 2.500535 802.412231 455.280518 1079.693726 585.787598 1.261271 1.856427 3.861403 -0.814613 -0.271438 44.388891 2.482186 3.442455
Car -1 -1 0.253690 113.267418 422.736511 353.968872 534.623474 1.467659 1.813342 3.557572 -13.293794 -0.942665 48.688637 -0.012850 3.980321
Car -1 -1 -1.655054 1021.517578 756.313965 1267.890259 1015.522949 0.923954 1.756640 4.262052 1.296708 3.046067 25.318463 -1.603883 2.335111
Car -1 -1 -0.748531 702.168152 341.902496 918.144775 439.657257 1.471531 1.799710 4.374560 -3.857920 -3.143631 59.977967 -0.812765 1.438986
Car -1 -1 1.779402 277.676514 292.985138 384.630676 375.207947 1.509867 1.621881 4.255324 -17.038092 -5.253630 71.423195 1.545227 1.078510
Car -1 -1 -1.783584 1356.271240 811.339111 1674.101196 1054.194580 0.601139 1.673017 4.528254 4.494914 3.209057 24.557481 -1.602552 3.704146
Car -1 -1 -2.940520 308.045746 396.508362 557.076050 501.425903 1.492613 1.849329 4.094696 -10.351572 -1.542028 51.699912 -3.138131 2.529632
Car -1 -1 -1.510849 611.799927 818.500244 847.016907 1075.234985 0.689939 1.659714 4.252447 -2.182782 3.287253 23.876199 -1.602017 2.724827
Car -1 -1 -1.297291 833.006836 316.410614 941.743164 386.923187 1.184493 1.512950 4.239256 -2.567242 -4.815127 69.334245 -1.334301 1.004101
Car -1 -1 1.740358 399.722412 292.666779 494.428772 372.156006 1.480659 1.562036 4.251921 -14.178162 -5.363041 72.121799 1.546247 1.107930
Car -1 -1 0.001837 0.492325 401.023102 118.839355 504.593506 1.370215 1.883733 4.123668 -19.430847 -1.641165 53.590880 -0.345998 1.205430
Car -1 -1 -1.700651 1310.648682 257.077515 1397.659302 330.131042 1.567579 1.832597 4.243561 10.651648 -7.221832 81.677241 -1.570971 0.824475
Car -1 -1 1.703118 517.950745 300.505798 611.151306 374.266907 1.300471 1.661999 4.238924 -11.030362 -5.279192 71.523694 1.550104 1.178443
Car -1 -1 1.751379 450.264465 240.246201 538.454468 334.471191 2.061689 1.575411 4.584426 -14.447143 -7.008574 80.445618 1.573685 0.615926
Car -1 -1 1.666956 648.583374 299.829620 731.308533 381.984985 1.432685 1.607713 4.248516 -7.656986 -5.025410 70.213865 1.558333 1.180290
Car -1 -1 1.782991 356.972626 268.721741 438.348145 335.537537 1.320189 1.317337 4.232285 -17.507554 -7.079204 81.477834 1.571334 1.123427
Car -1 -1 -0.357614 220.253281 380.454163 476.193237 467.236053 1.165898 1.864935 4.363508 -12.817710 -2.316291 54.652529 -0.587982 1.143207
Car -1 -1 -1.574154 963.678711 182.318375 1005.702698 221.799118 1.417355 1.806201 4.237019 -0.361222 -15.956213 128.894107 -1.576957 0.661216
Car -1 -1 1.704109 558.336975 265.930420 635.996704 339.102753 1.479118 1.529070 4.238187 -11.458497 -6.867880 80.312777 1.562392 1.164270
Car -1 -1 1.695798 599.495056 255.426941 665.205750 314.960571 1.349805 1.478175 4.257900 -11.159633 -7.981360 86.039164 1.566814 1.067413
Car -1 -1 1.702762 587.016968 212.246414 643.818970 257.287415 1.273955 1.422974 4.243853 -14.731799 -12.101329 107.901539 1.567071 0.561535
Car -1 -1 1.711548 547.381531 218.775528 614.128113 276.082672 1.508496 1.606526 4.258567 -14.875824 -10.625854 100.119242 1.564046 0.561008
Car -1 -1 1.732737 499.563446 214.596512 562.373779 261.921783 1.395077 1.517791 4.237029 -17.864011 -11.758391 106.716385 1.566878 0.402728
