Car -1 -1 2.783388 955.791443 423.078857 1228.344849 551.792297 1.483840 1.846096 4.011100 1.655113 -0.717687 46.188232 2.819206 4.130645
Car -1 -1 2.730700 263.424133 502.375946 618.863220 657.161621 1.322707 1.877593 4.189240 -7.894579 0.655791 39.434746 2.533118 4.194009
Car -1 -1 -1.509758 652.636719 770.381714 884.734131 1028.331421 0.880186 1.745012 4.237601 -1.933420 3.107764 25.064997 -1.586742 3.504724
Car -1 -1 -3.075682 694.163269 394.492523 957.364746 495.171814 1.422806 1.846342 4.468474 -3.097448 -1.661315 51.724098 -3.135495 3.679608
Car -1 -1 -0.243748 0.000000 377.622894 225.039490 508.136292 1.628846 1.860011 4.499243 -17.203969 -1.669462 52.426616 -0.560830 1.676170
Car -1 -1 -0.812131 753.049622 334.078156 940.174377 420.896698 1.325529 1.676885 4.165625 -3.211220 -3.595409 61.464201 -0.864329 1.572612
Car -1 -1 -0.542520 308.163361 345.473785 555.314514 449.256287 1.419414 1.854145 4.449266 -11.562503 -2.839519 56.782772 -0.743401 2.348455
Car -1 -1 -2.944005 234.683716 393.489441 523.537109 495.106934 1.396024 1.867243 4.696328 -11.480241 -1.706580 51.998038 3.121884 2.498746
Car -1 -1 -1.776816 1348.055786 789.234680 1650.880371 1062.635498 0.920538 1.645113 4.237878 4.322682 3.271196 24.274534 -1.600589 3.169674
Car -1 -1 1.792140 258.272797 295.991821 369.704987 381.146729 1.579276 1.580959 4.244413 -17.166157 -5.005394 70.179244 1.552245 1.386826
Car -1 -1 -1.646329 1022.930847 829.021790 1294.312012 1078.236450 1.213851 1.758721 4.258746 1.278650 3.823152 23.093529 -1.591017 2.635163
Car -1 -1 1.659383 649.988159 288.811890 738.349243 375.870789 1.600082 1.738918 4.242824 -7.603875 -5.198256 70.844080 1.552460 1.178318
Car -1 -1 -1.515355 919.844543 292.465759 994.334656 356.774597 1.194122 1.748608 4.246130 -0.924996 -5.990681 75.517595 -1.527603 1.377293
Car -1 -1 1.726647 510.603973 294.097626 605.061157 377.062469 1.484311 1.640592 4.236112 -11.035917 -5.132411 70.393749 1.571138 1.140286
Car -1 -1 1.725093 465.215912 261.960327 552.279785 331.035675 1.481043 1.787395 4.248627 -14.342397 -7.212427 82.103990 1.552152 1.140102
Car -1 -1 1.775781 341.172974 272.580048 428.578461 343.584564 1.473982 1.411747 4.240647 -16.772782 -6.373315 76.510346 1.559972 1.146815
Car -1 -1 1.744623 399.087036 294.682037 485.936279 365.311798 1.257585 1.470816 4.253029 -14.352423 -5.521228 72.108788 1.548152 1.289172
Car -1 -1 1.697662 565.149963 278.240997 638.494141 344.202057 1.321750 1.421659 4.252253 -11.023786 -6.519400 78.202467 1.557620 0.620295
Car -1 -1 -1.602237 1084.386963 131.359528 1115.314087 157.315735 1.529853 1.879441 4.242356 8.062728 -30.127991 206.906910 -1.563289 0.159893
Car -1 -1 1.628117 730.295837 217.439651 791.301880 278.350647 1.705346 1.768200 4.240158 -8.119362 -10.192087 97.109433 1.544701 0.469709
