Car -1 -1 -1.750753 1295.617676 664.266541 1573.150635 909.008728 1.025056 1.656225 4.521256 4.199540 2.488545 27.159713 -1.597344 1.840759
Car -1 -1 -1.492114 555.358032 640.232666 781.878601 870.473694 1.111661 1.796755 4.230846 -3.184628 2.321104 28.115129 -1.604905 2.941015
Car -1 -1 -1.623501 970.531921 664.057312 1172.658569 883.481262 0.978370 1.687508 4.229644 0.725012 2.416815 28.066108 -1.597674 1.919943
Car -1 -1 -1.361970 154.359467 621.221863 442.537140 855.570435 1.124042 1.775516 4.256329 -6.801162 2.145024 27.828723 -1.601665 3.094861
Car -1 -1 1.852415 67.987183 282.509613 178.487137 355.210754 1.217953 1.361635 4.253009 -22.408043 -5.297004 71.692452 1.549478 1.061988
Car -1 -1 -1.601425 870.034119 816.705933 1143.664673 1078.563477 1.480375 1.633180 4.741925 0.033324 3.895434 20.408967 -1.599792 2.214284
Car -1 -1 1.833822 143.822830 257.641724 248.965424 320.140930 1.272894 1.608099 4.317717 -23.626286 -7.011228 82.702523 1.555556 0.932998
Car -1 -1 1.755336 345.023560 229.507767 426.281555 292.505554 1.534034 1.634139 4.255704 -19.671230 -8.424562 90.273323 1.540783 0.766428
Car -1 -1 1.242647 469.165192 267.433228 593.681213 358.770233 1.552630 1.636838 4.376885 -11.821610 -5.257547 71.240341 1.078206 0.738851
Car -1 -1 1.699905 515.393677 215.182892 580.605774 266.604065 1.328586 1.615052 4.252790 -16.148968 -10.321555 101.171119 1.541620 0.641071
Car -1 -1 1.680025 429.745605 252.348816 512.361694 313.215240 1.281500 1.652924 4.256304 -16.037919 -7.476467 85.597979 1.494809 0.759288
Car -1 -1 1.794672 231.481232 215.718430 305.948944 265.283020 1.331228 1.602789 4.246394 -27.118451 -10.645296 104.167152 1.539989 0.572869
Car -1 -1 1.839254 86.323074 239.054993 176.817154 299.401337 1.427482 1.509098 4.226333 -27.571851 -8.092143 88.913467 1.538560 0.908933
Car -1 -1 1.830210 158.879745 223.977478 234.868713 276.197388 1.314931 1.363273 4.250426 -28.079688 -9.649422 98.069479 1.551346 0.780085
Car -1 -1 -1.568407 938.325012 138.808075 966.021851 163.533905 1.465456 1.806920 4.250269 -2.871007 -27.683568 204.581454 -1.582439 0.353651
Car -1 -1 1.682684 631.034851 137.134689 662.456970 164.002182 1.601180 1.634031 4.302311 -25.814399 -28.162296 208.533742 1.559520 0.125066
Car -1 -1 1.676346 569.269836 153.553848 608.347107 184.488174 1.458709 1.721014 4.244903 -24.352760 -21.567606 167.937703 1.532339 0.210036
