Car -1 -1 -1.634825 959.848816 418.493500 1131.183838 577.536072 0.871068 1.751435 4.400802 0.895190 -0.271612 35.692851 -1.609749 1.940734
Car -1 -1 -1.539894 725.125000 232.822525 834.708862 342.438568 1.301362 1.852491 4.248060 -3.707843 -4.264271 54.423173 -1.607918 1.747661
Car -1 -1 -1.672058 1051.784912 197.046799 1177.238037 316.081360 1.547091 1.929685 4.685353 2.811471 -4.815611 55.359458 -1.621316 1.115275
Car -1 -1 -1.631802 364.711731 359.042297 506.536835 491.903198 0.897729 1.555280 4.266804 -7.807196 -1.314783 40.184067 -1.823697 2.385941
Car -1 -1 -1.830378 1406.062866 678.310242 1740.351685 942.403931 0.701993 1.507493 4.294924 5.032450 2.321754 23.741184 -1.621499 3.318181
Car -1 -1 -2.821668 1670.493286 119.160568 1861.525879 190.437988 1.415867 1.881841 4.378033 22.887740 -10.010168 79.643724 -2.541832 1.607059
Car -1 -1 -1.678369 999.360718 738.860596 1309.698120 1058.773315 0.809490 1.780360 4.298615 1.303904 2.798272 21.505146 -1.617811 2.372485
Car -1 -1 -1.688700 1001.443542 120.637672 1078.566284 188.905838 1.399555 1.671727 4.270802 2.021731 -10.304566 81.698450 -1.663959 0.985578
Car -1 -1 1.883513 0.270841 159.453094 88.373222 248.472961 1.531986 1.788205 4.324353 -23.362066 -7.274791 68.055849 1.552839 0.955853
Car -1 -1 -1.524651 552.750549 696.779480 814.968750 983.257935 0.704309 1.761197 4.284426 -2.266675 2.448534 22.722801 -1.624075 2.197015
Car -1 -1 -1.541933 746.763916 126.543785 819.596191 188.332352 1.176599 1.879995 4.262092 -5.476875 -10.274574 81.212623 -1.609270 1.131046
Car -1 -1 1.856168 0.856354 211.400253 120.781090 313.063019 1.279582 1.780681 4.387558 -19.168718 -5.027150 57.473287 1.534246 1.288178
Car -1 -1 -1.688277 1375.354736 163.758850 1472.169189 241.333679 1.136319 1.642918 4.263534 11.231606 -7.599148 68.812881 -1.526484 1.083040
Car -1 -1 -1.589536 880.907959 155.153564 969.141357 240.175323 1.378566 1.952219 4.273383 -1.149938 -7.543899 68.438471 -1.606337 1.071165
Car -1 -1 -1.335246 0.000000 845.283020 351.976746 1079.044922 1.099948 1.990732 4.297431 -5.678572 3.698169 18.829166 -1.628156 2.858330
Car -1 -1 1.723177 359.009735 121.792953 437.680267 183.970535 1.271711 1.490432 4.254865 -17.076932 -10.558975 82.721020 1.519597 1.013442
Car -1 -1 1.769517 201.159027 138.698624 299.654846 203.462921 1.201378 1.651330 4.298040 -20.402288 -9.552509 78.614796 1.515596 0.903543
Car -1 -1 1.781026 182.561005 81.188499 248.388824 129.482086 1.275988 1.435425 4.274708 -29.007863 -15.475869 106.477521 1.515049 0.652185
Car -1 -1 1.798145 143.890213 119.812317 243.954514 182.092087 1.261753 1.595680 4.277013 -23.953387 -10.988481 85.499468 1.524989 0.917155
Car -1 -1 1.747463 230.358368 93.237610 306.406158 147.912979 1.402361 1.670499 4.267237 -24.595680 -13.514744 97.094267 1.499365 0.810044
Car -1 -1 1.819198 104.347183 95.757011 192.262543 153.669052 1.454032 1.547457 4.272829 -28.205706 -13.040503 95.096932 1.530863 0.713084
Car -1 -1 1.740162 336.953125 86.725403 410.504822 143.892609 1.441530 1.569535 4.289564 -21.135449 -13.809713 98.225506 1.528221 0.689800
Car -1 -1 1.719610 408.284058 107.201584 477.483002 162.565659 1.186226 1.438630 4.251441 -17.004593 -12.004312 89.187739 1.531211 0.886726
Car -1 -1 1.776032 245.574982 65.341820 303.732666 104.294868 1.230743 1.515536 4.253746 -29.983338 -18.238609 119.349033 1.529902 0.653591
Car -1 -1 1.720689 388.894684 73.955986 450.440430 120.472153 1.291082 1.464586 4.244201 -21.632331 -16.115275 108.684625 1.524219 0.580707
Car -1 -1 1.714440 432.828613 93.314758 495.197327 145.456268 1.220413 1.354988 4.252732 -17.595883 -13.558826 96.427632 1.533949 0.740188
Car -1 -1 1.702132 465.310059 72.788086 526.637939 126.783363 1.372888 1.473547 4.247349 -17.754510 -15.194863 103.578512 1.532371 0.683341
Car -1 -1 1.848818 0.000000 88.424072 76.854614 135.380829 1.256170 1.622983 4.284534 -35.240112 -14.867422 104.039864 1.522230 0.310146
Car -1 -1 1.746289 323.552887 65.502327 384.461487 108.728264 1.316903 1.601869 4.258177 -26.234416 -17.937711 118.000051 1.527522 0.463624
Car -1 -1 1.875509 2.062367 128.780609 85.203499 189.799179 1.166980 1.514739 4.259623 -28.835247 -10.794023 85.660850 1.550802 0.778875
Car -1 -1 -1.576513 862.445923 22.981817 901.043213 59.808029 1.454031 1.874864 4.266044 -4.685034 -24.855610 148.107318 -1.608135 0.271295
Car -1 -1 1.873487 33.240967 75.158249 109.177521 120.242424 1.336543 1.429779 4.270706 -36.447293 -16.647760 112.653514 1.560581 0.277972
Car -1 -1 1.763560 291.879700 54.790329 344.289764 95.928017 1.350276 1.411152 4.275563 -29.253513 -19.382028 124.235155 1.532304 0.321859
