Car -1 -1 0.857073 1642.841553 221.127304 1807.043945 294.499054 1.252440 1.814446 3.992318 19.816572 -6.248744 58.451720 1.183937 0.923208
Car -1 -1 1.972942 860.840942 398.046936 1027.734009 517.629822 1.014700 1.129028 4.451529 -0.560270 -0.812494 39.447463 1.958740 2.287170
Car -1 -1 -1.316755 1000.919678 650.367615 1261.759644 857.780457 0.569646 1.484757 4.515947 1.738656 2.391613 23.371761 -1.242501 1.495720
Car -1 -1 -1.480733 1332.336304 641.418274 1576.470703 890.075134 0.845544 1.759975 4.244144 4.805690 2.476221 21.742583 -1.263204 2.594493
Car -1 -1 1.939680 781.476196 324.598846 903.217407 404.607483 1.077140 1.151167 4.533923 -3.282542 -3.322303 53.405207 1.878292 1.034197
Car -1 -1 0.610390 405.471863 330.590942 565.485535 397.432281 1.251041 1.891400 3.830781 -14.655474 -4.040551 65.051172 0.388798 2.053494
Car -1 -1 -1.617348 1725.463013 696.988892 1918.688110 963.056458 0.556736 1.898736 4.594539 7.717108 2.615608 19.357209 -1.237990 1.549435
Car -1 -1 0.656866 209.456085 322.612518 356.183960 388.416046 1.431726 1.895601 3.569946 -22.527003 -4.608328 70.759383 0.348651 1.165705
Car -1 -1 -1.207494 642.377380 846.232727 1134.944702 1079.464233 1.067420 2.115525 4.293448 -0.451707 4.182469 17.223070 -1.233715 4.104911
Car -1 -1 0.667394 0.774295 425.501770 122.601265 504.517487 1.317672 1.854641 3.796500 -23.244930 -0.852566 53.027979 0.254269 0.459555
Car -1 -1 1.734289 1322.024292 157.425720 1368.460693 195.158447 1.251334 1.550671 4.259514 18.413908 -16.234269 111.039718 1.898625 0.511815
Car -1 -1 0.708106 84.861938 365.662231 248.859344 434.839996 1.270537 1.873065 3.884047 -22.866216 -2.816256 61.638318 0.352870 0.931542
Car -1 -1 -1.445216 1170.160400 862.654968 1532.242065 1077.929810 1.020864 1.775663 4.548982 2.914290 4.156828 16.170365 -1.266906 3.209668
Car -1 -1 1.793365 1222.723022 170.725418 1280.372070 213.366714 1.471492 1.620173 4.244618 12.935435 -14.514835 104.942420 1.916008 0.501901
Car -1 -1 1.708475 1365.643677 156.909363 1414.722168 201.945175 1.457429 1.426254 4.260731 19.419136 -14.961968 103.980573 1.893106 0.531148
Car -1 -1 2.147120 375.553894 464.791595 598.546387 593.274353 1.176467 1.437489 3.593204 -8.192017 0.457818 36.767642 1.927896 0.480687
Car -1 -1 1.755808 1270.895508 167.840836 1329.540894 214.627655 1.444905 1.795673 4.274059 14.792398 -14.073821 101.584270 1.900408 0.495677
Car -1 -1 0.753834 1.441171 338.402222 127.995140 399.686310 1.346058 1.864620 3.167974 -30.034244 -4.284175 71.660404 0.356955 0.263807
Car -1 -1 1.687625 1430.670288 150.086563 1482.830933 197.335449 1.566441 1.778636 4.250588 22.578949 -15.144424 103.938545 1.901535 0.364002
Car -1 -1 2.056883 1070.002319 181.543732 1150.997437 224.076797 1.408909 1.698636 4.303020 6.647912 -15.232749 112.932303 2.115681 0.228587
Car -1 -1 0.775120 11.215301 351.603943 150.827393 420.417664 1.376583 1.857595 3.514320 -27.016781 -3.425347 65.924953 0.386185 0.205741
Car -1 -1 1.919646 694.036072 402.000549 828.318848 478.356201 0.959069 1.298957 3.858089 -4.641086 -1.354716 46.354599 1.819857 0.324315
Car -1 -1 1.690165 1397.544189 152.271530 1439.578125 186.990051 1.211530 1.426952 4.252204 22.637816 -16.956480 113.385466 1.887227 0.320398
Car -1 -1 -1.552836 1636.854248 101.861801 1668.793823 130.844254 1.349750 1.620757 4.251502 43.384793 -24.501161 141.655409 -1.255637 0.208891
Car -1 -1 1.689900 1423.992432 132.663879 1461.587280 167.542648 1.502238 1.590400 4.275207 26.001342 -19.354617 123.563588 1.897303 0.223764
