Car -1 -1 -1.177172 640.526306 646.104004 909.548767 838.926941 0.650360 1.243985 4.233019 -2.148367 2.450607 24.578509 -1.264359 3.044796
Car -1 -1 -1.439358 1358.422607 618.340637 1559.602905 824.928284 0.745833 1.475957 4.226281 5.288447 2.206337 23.743401 -1.220202 2.152237
Car -1 -1 0.605361 1567.724487 249.064743 1750.250366 327.510101 1.271472 1.888474 3.823165 17.060140 -5.132301 55.148512 0.905372 2.218776
Car -1 -1 1.939889 783.399109 427.927673 966.487793 556.317810 1.025525 1.227292 4.448518 -1.692953 -0.167534 37.293602 1.894524 2.215513
Car -1 -1 2.036212 619.943054 427.124817 797.822083 542.102905 0.999160 0.912040 4.618158 -4.768970 -0.351853 39.382154 1.915704 1.906536
Car -1 -1 -1.296211 998.190918 620.099304 1258.401855 873.774048 1.011621 1.317693 4.338743 1.699988 2.497856 23.175582 -1.222990 2.032411
Car -1 -1 1.910469 938.518677 309.281921 1053.149048 390.859100 1.156274 1.299457 4.328658 0.435667 -3.685399 54.389345 1.918479 1.462580
Car -1 -1 1.818884 1076.426880 245.331558 1163.120239 319.277740 1.453991 1.322209 4.265028 4.267030 -6.406628 66.623047 1.882844 1.023629
Car -1 -1 0.616043 274.200073 319.798096 431.288605 387.493530 1.436343 1.877488 3.849181 -19.915286 -4.567717 69.441980 0.336749 1.490558
Car -1 -1 1.943968 908.134705 275.462860 1007.044861 351.827271 1.432090 1.336631 4.238089 -0.637619 -5.170062 62.779666 1.933812 1.389691
Car -1 -1 -1.480650 795.009827 280.798309 868.198486 341.428619 1.092185 1.562470 4.271913 -4.639061 -5.909662 68.068664 -1.548698 0.976223
Car -1 -1 1.857715 1016.841309 247.358704 1102.852051 304.833649 1.165425 1.387543 4.250502 2.621154 -7.258461 71.570106 1.894322 1.185864
Car -1 -1 1.391714 1359.044312 248.715424 1456.119385 320.585785 1.197619 1.590696 4.297829 11.302852 -5.595149 58.431812 1.582791 0.849137
Car -1 -1 -1.172771 539.612793 870.202515 1088.730835 1078.869385 1.021759 2.201210 4.627125 -0.981950 4.337303 16.888773 -1.230848 3.925344
Car -1 -1 0.684939 138.550888 346.543610 296.418793 407.971375 1.208047 1.830426 3.682598 -22.713390 -3.705112 65.535815 0.351315 0.396792
Car -1 -1 1.203859 1482.682739 210.781143 1580.298218 272.775757 1.199255 1.397518 4.237676 17.095461 -7.902162 68.351633 1.448942 0.465403
Car -1 -1 0.770432 35.063129 383.951874 178.571182 454.508362 1.318713 1.816347 3.151949 -24.362856 -2.279166 61.075608 0.390877 0.504606
Car -1 -1 -1.436964 1124.891235 875.135315 1510.693359 1079.656250 0.993929 1.915738 4.668253 2.702727 4.201858 16.133600 -1.270983 3.000653
Car -1 -1 0.700619 107.146500 356.708710 254.491806 429.127136 1.297723 1.813925 3.423179 -23.750945 -3.214704 65.179866 0.351182 0.424693
Car -1 -1 -1.899714 828.476501 248.054672 908.836670 303.127960 1.239432 1.478422 4.188179 -4.063770 -7.969069 78.222389 -1.951619 0.388251
Car -1 -1 -1.421363 1.989706 816.935425 632.049500 1076.609375 1.320650 2.678020 4.668715 -5.933357 4.469976 18.542025 -1.731061 3.558573
Car -1 -1 1.393094 1451.175903 149.857254 1509.150513 192.552719 1.337595 1.735218 4.270021 23.467967 -15.251303 103.277560 1.616531 0.389092
Car -1 -1 0.735407 0.000000 352.958130 101.484749 417.409943 1.368913 1.854590 3.672425 -31.189443 -3.797367 71.669092 0.324940 0.207687
Car -1 -1 0.677258 122.905624 334.110626 275.308411 389.796387 1.173160 1.811502 3.769857 -24.672154 -4.413010 69.196329 0.334757 0.495091
Car -1 -1 -2.535958 196.508469 291.522095 313.154419 333.765533 1.206329 1.876413 3.727407 -30.213413 -7.902267 90.957830 -2.856661 0.588905
Car -1 -1 1.698553 1361.280396 163.262573 1408.403198 201.496796 1.199865 1.436294 4.271659 18.940918 -14.753642 102.762593 1.880825 0.580837
Car -1 -1 2.183700 1024.150146 181.012131 1113.220215 226.965866 1.434694 1.587145 4.343245 4.408859 -14.735357 110.289424 2.223654 0.188681
Car -1 -1 -1.519210 1596.941284 137.029800 1639.709595 175.639832 1.321843 1.749877 4.280273 31.927905 -16.984245 109.854746 -1.236365 0.479352
Car -1 -1 -2.737257 495.383972 244.335266 606.190796 287.049164 1.153990 1.844050 4.184103 -19.865718 -10.992112 101.496137 -2.930542 0.333121
Car -1 -1 0.062935 1782.378662 261.153320 1917.731201 382.899506 1.683342 1.986778 4.772573 20.008858 -3.382317 46.353427 0.470432 1.297819
Car -1 -1 -1.538132 1578.066040 120.176697 1614.353882 151.311447 1.272936 1.660752 4.252290 36.258148 -21.279852 129.328371 -1.264792 0.370763
Car -1 -1 -2.327205 129.628189 277.220215 221.388580 310.579407 1.086612 1.862323 3.357070 -38.548189 -10.093174 104.846949 -2.679526 0.185312
Car -1 -1 2.317356 23.326576 724.892212 411.666534 1056.916992 1.766621 2.118519 4.808035 -7.438432 4.068645 19.937156 1.960257 1.890570
Car -1 -1 0.733551 1.893931 378.209991 71.388054 439.620422 1.312015 1.805164 2.997268 -30.331091 -3.087868 68.613494 0.317322 0.122774
Car -1 -1 -1.548629 1620.002075 75.349960 1644.471069 99.119278 1.459956 1.701620 4.237123 55.458106 -34.738889 186.798242 -1.260030 0.089381
