Car -1 -1 -1.384239 89.113998 779.210449 404.171021 1040.477661 0.657397 1.586967 4.236392 -6.273296 2.960298 23.040993 -1.650063 3.333796
Car -1 -1 -1.708241 1055.377808 703.872803 1290.258057 940.345154 0.778846 1.528775 4.254508 1.351451 2.627177 26.204951 -1.656714 2.699580
Car -1 -1 -1.603853 977.746582 405.759705 1089.179688 516.979248 1.096359 1.646127 4.247476 0.217166 -1.085555 48.179321 -1.599345 2.634497
Car -1 -1 -2.886301 1256.819214 278.216370 1438.674194 351.653778 1.390366 1.856619 4.230275 8.941400 -5.480737 74.773506 -2.767286 1.958198
Car -1 -1 2.960441 1446.537964 303.185211 1654.056396 376.053314 1.271363 1.869456 4.484747 13.842316 -4.738545 72.241945 -3.133428 1.931090
Car -1 -1 1.793244 196.781738 211.684906 286.374023 275.318573 1.382253 1.666826 4.270743 -24.566378 -8.717348 87.904976 1.520731 0.786035
Car -1 -1 -1.720841 1218.531250 245.022186 1301.495239 301.476105 1.143619 1.794761 4.288506 7.811048 -8.113905 89.741419 -1.634020 0.702294
Car -1 -1 1.742383 336.635773 181.980103 401.134827 231.844025 1.325122 1.608940 4.256163 -25.362959 -12.286810 108.555812 1.512861 0.592249
Car -1 -1 -1.720844 1175.357178 217.519150 1238.016357 265.791779 1.207184 1.673739 4.247746 6.966056 -10.479319 102.893522 -1.653246 0.633963
Car -1 -1 1.800250 166.039047 173.736862 230.579147 218.450272 1.352908 1.364412 4.250121 -33.825362 -13.437236 114.660295 1.513382 0.525962
Car -1 -1 1.723174 385.540924 161.142029 443.481720 206.207901 1.493814 1.718965 4.245789 -27.140833 -15.136111 124.981807 1.509336 0.479334
Car -1 -1 1.748709 288.326538 148.085754 340.541382 186.673447 1.365270 1.551580 4.254884 -34.700357 -17.483941 136.943214 1.500540 0.343338
Car -1 -1 1.774987 220.216141 183.122910 288.111237 232.111252 1.336911 1.551284 4.253472 -29.704724 -12.182756 107.962165 1.506491 0.351103
Car -1 -1 1.740820 346.438873 159.402573 398.825562 196.835007 1.258646 1.607489 4.269058 -30.149360 -16.110350 129.983605 1.512903 0.275437
Car -1 -1 1.712377 483.080688 139.912994 527.666565 173.602325 1.472900 1.674668 4.249897 -27.127665 -19.299121 147.105302 1.530016 0.194838
