Car -1 -1 0.893163 890.292786 283.606537 1031.114990 355.411743 1.321069 1.892532 3.570408 -0.248409 -5.925207 59.975535 0.889021 0.710993
Car -1 -1 0.458655 999.965698 322.723633 1214.350464 406.321259 1.245182 1.882415 4.322445 3.265826 -4.008976 51.351099 0.522168 2.841393
Car -1 -1 -0.354090 1726.828003 348.943542 1919.106323 437.855042 1.390472 1.889104 5.085119 19.395292 -2.948061 46.766147 0.039049 0.562308
Car -1 -1 -1.704913 1444.171265 698.836548 1691.585449 932.545227 0.625169 1.726580 4.623453 6.098303 2.563827 22.764507 -1.443172 1.912618
Car -1 -1 0.736976 769.320862 199.726944 881.802490 249.689575 1.548036 1.803267 4.554709 -6.377135 -13.770507 96.795090 0.671189 0.759665
Car -1 -1 1.246580 730.104858 252.718643 822.715637 315.703400 1.324408 1.442922 4.381783 -6.167661 -7.909507 68.654739 1.156985 0.807611
Car -1 -1 2.816785 1605.405762 269.148315 1769.854858 326.550720 1.330078 1.832124 4.122355 22.161837 -7.333325 67.463901 3.134179 2.535446
Car -1 -1 1.704786 596.101013 215.255524 658.253845 267.199249 1.419245 1.638751 4.272343 -13.227657 -11.337775 84.235845 1.549027 0.945267
Car -1 -1 1.656926 713.792480 191.259003 763.066284 234.179016 1.480183 1.718269 4.265436 -10.723087 -15.003064 101.307977 1.551473 0.583427
Car -1 -1 -1.589787 933.085999 192.576859 980.775696 248.996933 1.918763 1.792719 4.254462 -0.596809 -13.659906 96.254589 -1.595987 0.810720
Car -1 -1 1.647184 736.964050 183.623520 781.500122 222.214951 1.450685 1.651687 4.257798 -10.635437 -16.857721 110.243340 1.551010 0.538492
Car -1 -1 0.186797 1298.686157 157.074539 1372.814453 188.340637 1.578040 1.845279 4.040765 23.236932 -23.152006 138.876033 0.352583 0.143502
Car -1 -1 -1.564748 888.158142 128.214691 908.545837 148.415375 1.620457 1.694539 4.352144 -6.774794 -38.416147 209.465787 -1.597080 0.116446
