Car -1 -1 -2.816703 173.336136 259.602936 341.722992 328.195709 1.562879 1.856061 4.049223 -21.179931 -7.036860 64.963967 -3.131863 2.692343
Car -1 -1 -1.093283 1589.278442 438.891632 1821.204346 581.798889 1.347334 1.595553 4.222399 12.059212 -0.350138 35.608411 -0.766745 0.762192
Car -1 -1 3.132675 840.918579 256.047577 977.803284 314.005249 1.372366 1.840354 3.941137 -1.968911 -7.921323 69.335751 3.104286 2.324656
Car -1 -1 -1.404595 468.004303 635.686646 713.263184 853.282654 0.826062 1.687998 4.253950 -3.924804 2.021473 23.295922 -1.571504 4.373610
Car -1 -1 -1.513220 738.927551 738.718750 967.642578 986.386230 0.576889 1.687464 4.256104 -0.971520 2.661183 20.019928 -1.561709 4.019040
Car -1 -1 2.904675 1287.888550 261.089996 1448.927734 316.298248 1.307718 1.831026 4.472542 12.745007 -7.938912 70.149336 3.084399 2.149385
Car -1 -1 -2.937120 526.420837 246.157715 685.767883 319.432739 1.729522 1.860219 4.102994 -11.065141 -7.454978 66.638105 -3.101667 2.282957
Car -1 -1 2.895246 1426.514404 265.280975 1590.950439 335.716644 1.583334 1.842961 4.123841 15.722687 -6.724151 63.931718 3.136389 2.204944
Car -1 -1 1.745723 490.371338 190.316711 552.271301 245.939117 1.908513 1.778295 4.268299 -19.873499 -13.894618 96.904479 1.543444 0.728081
Car -1 -1 1.677013 687.695312 204.297043 745.883911 258.457306 1.621956 1.750583 4.491351 -10.615138 -12.654428 91.402951 1.561395 0.455814
Car -1 -1 -1.612628 931.601624 148.400146 958.987793 172.719437 1.411577 1.796619 4.270925 -1.853174 -28.283579 163.211727 -1.623982 0.372598
Car -1 -1 1.647817 711.717224 193.767349 757.807800 238.096390 1.484854 1.654758 4.250939 -10.996943 -14.986192 102.115463 1.540539 0.553326
Car -1 -1 0.153853 1294.595581 155.924896 1366.270020 187.733856 1.573057 1.838253 3.945808 22.920438 -23.064179 138.175855 0.318235 0.133357
Car -1 -1 1.620565 736.203308 143.108612 770.018860 171.723114 1.614840 1.923024 4.260200 -16.107808 -28.268448 162.373482 1.521687 0.289221
Car -1 -1 1.652069 737.395447 189.441055 778.510864 226.872223 1.355724 1.572933 4.245807 -10.272613 -16.117875 106.853822 1.556226 0.319115
Car -1 -1 1.614685 805.866638 135.749115 833.508911 159.858963 1.521786 1.873842 4.244395 -12.208269 -31.740445 177.134688 1.545873 0.149577
