Car -1 -1 1.780416 240.236496 501.470245 425.149719 675.985107 1.409505 1.445967 4.290417 -8.961043 0.787100 37.862261 1.548017 2.571059
Car -1 -1 1.799151 165.753143 422.648590 337.653778 561.213135 1.449232 1.696709 4.395670 -12.380756 -0.696876 46.461368 1.538728 2.098392
Car -1 -1 -1.520934 656.931335 767.599060 884.373169 1005.278809 0.766360 1.738482 4.260691 -1.952298 3.003965 25.473895 -1.597423 2.294979
Car -1 -1 1.713784 487.202820 324.903595 590.268555 409.030487 1.253366 1.639879 4.244035 -10.473768 -4.042935 64.012866 1.551601 1.372643
Car -1 -1 1.854612 0.466222 539.306396 149.973358 732.260132 1.507958 1.745563 4.324158 -12.492071 1.385209 36.004906 1.520653 3.192702
Car -1 -1 -1.004247 984.239990 286.970734 1116.834473 352.925385 1.243580 1.589690 4.142185 1.602911 -6.165583 76.320741 -0.983248 0.886820
Car -1 -1 -1.646986 1000.225525 830.626160 1241.619995 1075.391602 0.616136 1.623333 4.240313 1.003900 3.297379 23.804409 -1.604838 2.997302
Car -1 -1 1.855120 28.369968 374.183807 198.989899 512.823547 1.677207 1.462377 4.639981 -16.246995 -1.588435 51.388803 1.548906 1.212932
Car -1 -1 1.781150 245.573914 307.799744 357.388367 393.116516 1.420395 1.561607 4.250687 -17.084047 -4.662704 68.534717 1.536853 1.336037
Car -1 -1 1.724156 435.779510 396.221588 561.933289 505.810150 1.257926 1.613268 4.258580 -8.914833 -1.577247 50.123825 1.548140 1.757036
Car -1 -1 -1.780897 1362.567749 787.588562 1626.498901 1031.271484 0.789532 1.381271 4.232914 4.411199 3.154522 24.908691 -1.605620 2.225805
Car -1 -1 1.749992 387.981659 309.651215 486.765594 384.086121 1.260386 1.533335 4.232874 -13.934962 -4.902222 69.558097 1.552274 1.179782
Car -1 -1 1.679723 596.668213 255.896469 667.027283 314.279358 1.305090 1.595341 4.246181 -11.134669 -7.964528 85.519438 1.550251 1.083244
Car -1 -1 1.717014 470.613220 260.525146 558.501221 332.590088 1.539350 1.777859 4.246888 -13.973629 -7.085935 81.053855 1.546293 0.996001
Car -1 -1 1.485925 675.580200 278.733582 762.284973 354.228729 1.445688 1.771707 4.244604 -7.419663 -6.007201 74.607618 1.386802 1.122087
Car -1 -1 1.732180 545.330383 228.470612 611.804749 280.943481 1.336149 1.582933 4.254735 -14.559997 -10.153030 97.260457 1.583583 0.883407
Car -1 -1 -1.614299 1030.469238 247.768005 1092.339355 304.721405 1.321931 1.684206 4.261297 2.188722 -8.546834 88.725818 -1.589636 0.802171
Car -1 -1 1.681004 645.182007 216.504257 708.471313 271.014679 1.500286 1.650521 4.238732 -11.569116 -10.917893 101.586707 1.567608 0.705310
Car -1 -1 1.647034 715.040588 225.786209 777.384094 282.916443 1.496816 1.803799 4.255870 -8.547433 -9.915648 95.727956 1.557981 0.855985
Car -1 -1 1.676142 597.941528 208.459076 651.206604 254.494019 1.381987 1.577312 4.244780 -14.667579 -12.439159 110.208480 1.543830 0.569167
Car -1 -1 -1.603207 1088.238892 135.831711 1120.125122 162.720978 1.555038 1.921527 4.240898 7.704791 -27.347502 190.749059 -1.562836 0.248840
Car -1 -1 1.681608 624.702698 190.408951 674.892761 230.220535 1.301921 1.548257 4.251818 -15.288292 -14.957326 123.588433 1.558530 0.442106
Car -1 -1 1.710585 677.845520 204.782394 730.042725 248.850876 1.348415 1.481457 4.264493 -11.798005 -13.018497 113.301307 1.606829 0.193941
