Car -1 -1 -1.643778 942.524353 706.471741 1158.265503 950.244995 0.798928 1.683585 4.222223 0.985217 2.754196 22.240462 -1.599509 4.024508
Car -1 -1 -1.825732 1334.872070 710.567078 1587.353394 923.185242 0.630860 1.404542 4.194649 5.332190 2.667330 22.983560 -1.597765 2.084812
Car -1 -1 2.847504 1439.167969 366.905151 1704.557861 460.473511 1.385130 1.867943 4.623484 13.168429 -2.370498 46.011482 3.126251 4.066595
Car -1 -1 1.833328 307.907104 250.247940 392.542908 314.316681 1.313587 1.247045 4.207871 -18.397730 -7.737825 68.320440 1.570281 1.249629
Car -1 -1 1.920550 58.287735 256.329102 165.810883 323.024109 1.346751 1.469400 4.257849 -25.382888 -7.374510 67.247575 1.559629 1.323844
Car -1 -1 1.762703 449.536407 203.387634 516.546631 251.000427 1.363091 1.593587 4.240632 -18.132980 -12.012771 86.780058 1.556713 0.881212
Car -1 -1 1.803127 367.754852 230.580475 444.765625 288.637573 1.318198 1.436673 4.226304 -18.308352 -9.306400 75.158454 1.564184 1.056631
Car -1 -1 1.703969 548.365234 145.578094 591.704590 177.322647 1.439298 1.857229 4.254292 -22.340485 -22.279481 131.893575 1.536179 0.530568
Car -1 -1 1.836015 344.155518 209.151169 410.164001 257.332306 1.184715 1.327877 4.226814 -21.780826 -11.569768 84.678093 1.584253 0.804061
Car -1 -1 1.894712 147.527908 234.356567 223.535446 292.806976 1.350472 1.078796 4.218836 -25.529541 -9.001045 73.915001 1.562150 1.197423
Car -1 -1 1.661244 636.655640 139.118103 673.210876 168.370499 1.357337 1.679306 4.247555 -18.227795 -24.135652 139.595830 1.531403 0.464530
Car -1 -1 1.740421 516.150757 139.435989 555.575928 169.646149 1.452762 1.634821 4.269732 -26.005774 -24.199075 140.626234 1.557558 0.378633
Car -1 -1 1.670951 617.994202 114.510963 649.598816 140.074463 1.695268 1.801353 4.294858 -25.379079 -33.377895 181.043198 1.531676 0.235452
Car -1 -1 1.667993 677.775024 111.132805 705.032349 134.291351 1.611789 1.864378 4.240782 -22.647111 -37.078104 198.286438 1.554272 0.146697
