Car -1 -1 1.908518 213.377991 248.409073 316.730957 318.718109 1.356069 1.361481 4.261114 -20.617811 -7.348191 64.513074 1.599186 1.562612
Car -1 -1 1.833619 425.255341 247.529724 518.946167 312.105225 1.191984 1.499091 4.277512 -14.731554 -7.698765 65.613491 1.612761 1.236732
Car -1 -1 1.813026 498.578003 228.343460 575.668091 288.100739 1.265152 1.319124 4.258902 -13.924282 -9.084602 71.539239 1.620791 1.099713
Car -1 -1 1.796023 543.368408 248.976425 630.137024 313.898743 1.243781 1.457526 4.262499 -11.156501 -7.535367 64.789516 1.625499 1.076567
Car -1 -1 1.774554 596.910400 160.171661 652.273743 205.939331 1.531883 1.565672 4.267577 -16.035817 -16.547695 103.134082 1.620304 0.571601
Car -1 -1 1.872024 305.482391 224.731567 386.914886 286.903503 1.300331 1.244672 4.238659 -20.393580 -9.203544 72.032153 1.596127 1.188732
Car -1 -1 -1.536981 958.601624 115.595848 992.149231 161.753006 2.197750 1.848421 4.865911 0.754290 -23.520154 131.746957 -1.531256 0.221115
Car -1 -1 1.830661 455.115356 185.934052 518.968628 232.634079 1.405291 1.357991 4.238423 -19.591428 -13.356033 89.717400 1.615668 0.752220
Car -1 -1 -1.569098 1016.148376 129.807709 1046.410156 162.573242 1.478601 1.640898 4.352007 4.156455 -23.931252 134.162880 -1.538127 0.321699
Car -1 -1 -1.590010 1076.593750 145.610291 1112.329346 176.185501 1.233149 1.720355 4.294685 7.303767 -21.056366 122.110941 -1.530269 0.566456
Car -1 -1 1.884220 344.745941 231.867874 443.730591 304.848938 1.479309 1.246353 4.606308 -17.393337 -8.051553 66.855520 1.629699 0.925440
Car -1 -1 1.783215 555.455505 205.589874 627.489441 256.770447 1.242879 1.532101 4.251488 -13.622776 -11.131033 79.713701 1.613954 0.732403
Car -1 -1 1.778868 511.328857 189.761398 570.661987 235.475800 1.237250 1.296259 4.224183 -17.069424 -13.078818 88.297934 1.587907 0.430003
Car -1 -1 -1.589714 1098.296875 121.325035 1126.419189 147.617920 1.387101 1.719880 4.274308 9.981876 -26.965211 146.643806 -1.521750 0.292326
Car -1 -1 -1.566096 1040.935547 98.062119 1064.055054 122.551949 1.650129 1.664501 4.409546 7.605474 -36.617980 187.767687 -1.525613 0.079711
