Car -1 -1 -1.765007 1355.104126 780.731689 1632.243408 1012.843018 0.702852 1.559785 4.259250 4.479014 3.048713 25.338582 -1.590048 2.569298
Car -1 -1 -1.527098 702.371826 754.382324 910.307495 975.722595 0.727873 1.657755 4.244511 -1.688892 2.877673 26.266505 -1.591308 2.702315
Car -1 -1 1.839700 76.084587 459.133484 255.114426 591.034424 1.204499 1.386454 4.239136 -12.973155 -0.226355 43.670246 1.550933 2.901692
Car -1 -1 1.753255 374.991150 372.932983 507.147797 495.548950 1.539011 1.575763 4.361476 -10.176966 -1.810428 51.330137 1.557528 1.412670
Car -1 -1 -1.645448 1038.795044 731.295715 1288.827515 991.676453 0.952589 1.860475 4.595038 1.496476 2.904821 25.866713 -1.587659 1.479880
Car -1 -1 -1.396032 298.056458 779.469299 562.306824 1004.027893 0.671764 1.525751 4.246487 -5.051757 2.997466 25.399655 -1.592361 2.357503
Car -1 -1 1.714455 501.478821 312.256073 602.413147 402.548889 1.432116 1.608816 4.231091 -10.481307 -4.307122 66.011012 1.556988 1.293650
Car -1 -1 1.814822 291.565308 349.060455 418.869598 442.890961 1.260396 1.540586 4.325220 -13.449041 -3.053468 58.520719 1.588928 1.248635
Car -1 -1 1.902511 0.410201 586.384583 204.168854 924.785950 2.010824 1.581845 4.946717 -9.935877 2.565163 29.152739 1.574036 2.093998
Car -1 -1 1.925733 0.000000 423.842743 104.813248 574.752869 1.510861 1.546167 4.420124 -16.930169 -0.605865 47.107634 1.580714 1.950686
Car -1 -1 1.707723 474.538116 246.664215 560.749084 326.674774 1.720795 1.746258 4.313078 -14.203685 -7.457299 82.891843 1.538019 0.778526
Car -1 -1 1.748671 400.737183 304.471558 497.153107 375.883972 1.292862 1.530981 4.250361 -13.977524 -5.197946 71.295645 1.555077 1.182155
Car -1 -1 -1.575229 979.082764 136.213974 1008.351135 161.741577 1.435094 1.872966 4.249687 0.087247 -28.427240 197.723583 -1.574788 0.429764
Car -1 -1 1.618445 753.718994 135.508102 784.764954 162.078445 1.492209 1.792663 4.247910 -15.448708 -27.538307 191.762314 1.538057 0.269334
Car -1 -1 -1.446801 1077.089844 162.489426 1127.578857 200.153564 1.603676 1.906754 4.258028 5.773152 -18.943634 144.735671 -1.406934 0.151999
