Car -1 -1 -1.598165 868.109497 513.644165 1042.738037 707.428040 0.951676 1.718328 4.241675 -0.059661 0.635385 25.671286 -1.600489 3.412588
Car -1 -1 -1.698851 1102.290649 564.092346 1332.633423 769.397461 0.831470 1.747321 4.267943 2.777401 1.125780 23.858055 -1.582960 3.976393
Car -1 -1 -1.426187 489.809601 617.417358 732.746948 841.321655 0.689257 1.647282 4.262926 -3.358092 1.577882 22.099256 -1.576988 3.380011
Car -1 -1 2.744577 1658.381714 192.453354 1836.895264 251.466583 1.354858 1.881254 4.377486 25.163595 -10.256200 69.399093 3.092426 2.413403
Car -1 -1 -1.607136 814.940125 768.614197 1069.075073 1076.198242 0.811394 1.790647 4.523975 -0.199164 2.884355 18.154204 -1.618107 2.285677
Car -1 -1 1.697566 672.870239 117.219162 720.771484 160.324722 1.684984 1.830934 4.270275 -13.043379 -20.568055 110.823323 1.580410 0.542092
Car -1 -1 1.732044 582.336365 135.089417 636.975281 173.137573 1.282899 1.701728 4.259284 -16.420093 -18.714696 103.820067 1.575184 0.735796
Car -1 -1 1.695999 633.571289 133.450317 685.779053 174.256409 1.415497 1.750089 4.244092 -13.740247 -18.281070 101.643597 1.561633 0.677246
Car -1 -1 -2.830826 1390.162476 148.729553 1497.489868 189.204636 1.303461 1.859136 3.850283 21.945796 -16.952218 97.695174 -2.609858 0.745152
Car -1 -1 1.658258 727.379333 133.106003 771.868042 170.867172 1.300468 1.631002 4.246683 -9.610899 -18.567443 102.416970 1.564691 0.611270
