Car -1 -1 -1.697675 1072.007568 776.882996 1326.125732 1022.065369 0.621388 1.486916 4.250323 1.463831 2.996097 24.240426 -1.637360 2.855920
Car -1 -1 -1.380431 88.352356 779.103699 404.298035 1041.033691 0.650800 1.558891 4.229219 -6.232006 2.940427 22.872493 -1.646441 3.319881
Car -1 -1 0.280307 624.082153 217.142853 768.622925 271.473206 1.314054 1.829037 4.269740 -10.659283 -9.159837 92.076759 0.165055 1.267625
Car -1 -1 2.934198 1798.552612 322.639496 1919.057617 394.978027 1.366387 1.862236 4.094745 22.040656 -4.013825 69.030549 -3.039930 0.581270
Car -1 -1 -1.683428 1188.844727 230.807114 1251.179199 282.600952 1.161967 1.540449 4.241320 7.023995 -9.319822 96.529184 -1.610790 0.946620
Car -1 -1 1.780125 188.039795 165.365646 253.755310 211.934921 1.466764 1.570200 4.253917 -33.354194 -13.824863 116.183512 1.500561 0.662577
Car -1 -1 1.810055 129.021301 197.397141 215.921967 254.446625 1.372524 1.683345 4.261423 -28.631444 -9.940324 94.144321 1.514820 0.978903
Car -1 -1 1.778505 256.879242 174.416489 325.315094 220.988586 1.383608 1.625431 4.254947 -29.231968 -12.985603 111.788327 1.522738 0.567433
Car -1 -1 -1.593537 893.045776 156.331741 932.125366 191.876434 1.396028 1.777745 4.263999 -5.603411 -18.567489 147.941528 -1.631395 0.397890
Car -1 -1 1.740737 377.191498 167.457657 437.072754 209.155975 1.330096 1.724842 4.270067 -26.463980 -14.459471 120.327952 1.524252 0.551961
Car -1 -1 -0.083661 1806.893677 390.424438 1918.879272 516.714172 1.529083 1.840371 4.548362 17.592372 -1.182759 52.488697 0.239737 1.331305
Car -1 -1 -1.554526 826.270935 131.219650 856.425964 157.619415 1.314353 1.702291 4.245348 -11.607764 -24.967514 182.474387 -1.618054 0.193130
Car -1 -1 1.754391 321.086853 142.166931 371.220093 178.528641 1.483757 1.661055 4.245064 -35.318983 -18.950860 145.687149 1.516550 0.173143
