Car -1 -1 -1.514375 719.570007 643.492432 889.384766 817.631470 0.852942 1.626507 4.242928 -2.089146 2.045732 31.871368 -1.579831 2.141785
Car -1 -1 -1.733245 1236.868652 611.053162 1432.620605 776.945251 0.911204 1.594696 4.238029 4.084386 1.745186 33.749163 -1.612809 2.812049
Car -1 -1 -1.542841 784.269653 393.473785 894.027100 495.063049 1.150224 1.829397 4.247912 -2.887859 -1.862451 52.661166 -1.597625 2.246651
Car -1 -1 -1.675331 1145.760132 420.524536 1269.571289 529.344666 1.124583 1.706006 4.293925 3.796793 -1.214448 49.421405 -1.598657 1.524191
Car -1 -1 -1.601585 955.467407 457.170227 1077.817993 588.116333 1.243822 1.701712 4.232576 0.357087 -0.262464 44.517823 -1.593564 2.327408
Car -1 -1 -1.620338 1067.039307 324.649689 1158.882080 411.948212 1.383147 1.890957 4.251407 2.800253 -4.027753 65.260214 -1.577456 1.539713
Car -1 -1 -1.639862 1025.437622 758.936707 1259.831543 980.794983 0.736970 1.805955 4.241607 1.357728 2.979620 26.682950 -1.589022 2.791311
Car -1 -1 1.652104 665.762207 288.548340 745.128479 360.045776 1.332144 1.623843 4.242527 -7.633846 -5.774488 73.713126 1.548910 1.485118
Car -1 -1 -1.573784 920.642700 271.856659 987.620361 332.132446 1.243681 1.808051 4.255482 -1.114444 -7.072883 81.074648 -1.587529 1.019468
Car -1 -1 -1.373485 184.217407 848.613159 510.281616 1079.328125 1.045877 1.715651 4.247859 -5.246203 3.827216 23.162101 -1.596227 2.500351
Car -1 -1 -1.538007 822.473755 301.072845 896.189758 373.685486 1.253022 1.643504 4.250198 -3.419618 -5.296331 71.505883 -1.585794 1.315238
Car -1 -1 -1.646310 1011.872498 256.964722 1082.101807 315.394165 1.280062 1.801043 4.246198 1.673219 -7.998611 86.081949 -1.626875 1.117450
Car -1 -1 -1.542596 848.700378 215.014084 900.403992 261.664001 1.327068 1.810982 4.233095 -4.671613 -12.183552 109.993605 -1.585042 0.842003
Car -1 -1 -1.582826 996.877930 196.577393 1045.644165 238.486618 1.404434 1.782155 4.252005 1.269049 -13.929374 118.309967 -1.572100 0.663269
Car -1 -1 -1.600569 1042.241699 230.101181 1100.427002 282.017670 1.394521 1.731157 4.248414 2.794351 -10.192782 98.269443 -1.572141 0.835478
Car -1 -1 -1.567457 943.425842 226.614853 997.714844 275.736877 1.284286 1.654874 4.226028 -0.800861 -10.692522 100.956022 -1.575390 0.880038
Car -1 -1 -1.561974 956.876282 177.675323 998.711365 218.088379 1.504652 1.839167 4.232433 -0.682896 -16.256084 130.331002 -1.567214 0.462398
Car -1 -1 -1.545776 864.044678 186.517639 909.169922 233.726028 1.667028 1.764434 4.253669 -4.675486 -14.735112 123.099461 -1.583739 0.583603
Car -1 -1 -1.441916 1042.524902 178.293381 1092.993652 216.815613 1.437470 1.792241 4.236266 3.679151 -16.631223 132.565860 -1.414169 0.376910
Car -1 -1 -1.548353 888.945618 153.365982 920.738770 181.621353 1.355306 1.744675 4.236556 -5.234825 -22.568854 164.533229 -1.580159 0.428648
Car -1 -1 1.614634 790.554382 135.336472 819.456482 161.059540 1.463236 1.818833 4.241822 -13.140829 -27.879750 193.673291 1.546887 0.254986
Car -1 -1 1.660258 672.221680 168.007370 716.983093 204.167969 1.479468 1.733424 4.240709 -15.174037 -18.227761 141.018162 1.553067 0.538174
Car -1 -1 1.621281 763.461487 190.139526 809.545105 232.993225 1.391916 1.693345 4.237098 -9.103576 -14.562516 120.943694 1.546151 0.436159
Car -1 -1 1.637825 715.975098 130.587814 746.021606 156.639114 1.564750 1.764610 4.252778 -19.639054 -30.246456 207.917375 1.543649 0.275758
Car -1 -1 -1.573174 947.175415 160.597610 985.614380 199.725082 1.569263 1.855735 4.248069 -1.396803 -19.605841 148.932930 -1.582552 0.291614
Car -1 -1 -1.563436 941.015625 144.421219 971.944458 174.506851 1.446864 1.835141 4.269510 -2.219604 -24.028119 171.937349 -1.576344 0.326539
Car -1 -1 1.628083 758.070129 131.314270 788.424438 158.185608 1.475369 1.750643 4.231353 -16.013294 -29.415176 202.212458 1.549058 0.178426
Car -1 -1 1.614356 782.747498 169.810272 821.722046 207.598785 1.471762 1.599049 4.249905 -9.515641 -17.795602 138.526582 1.545772 0.240545
Car -1 -1 1.654559 736.933350 155.217651 772.257690 186.023773 1.469667 1.668379 4.239472 -13.882808 -21.862238 161.320072 1.568713 0.104736
