Car -1 -1 -1.585844 1652.319824 480.839996 1808.518311 639.174927 0.870430 1.711405 4.224486 9.825721 0.710591 28.868040 -1.257777 2.847510
Car -1 -1 -1.416421 1310.045898 378.749969 1445.451416 489.113647 0.978679 1.558126 4.261837 7.354919 -1.243431 40.264766 -1.235749 2.212818
Car -1 -1 1.845457 933.982483 348.838684 1073.603149 461.524475 1.269995 1.379736 4.312049 0.569462 -1.787023 44.164138 1.858351 2.086931
Car -1 -1 -1.595436 1660.968872 300.402313 1762.549927 395.728058 1.062619 1.745015 4.249321 15.444634 -3.163800 46.427566 -1.274291 1.911144
Car -1 -1 -1.817596 933.350037 276.895813 1023.404053 339.772095 1.073954 1.411236 4.265996 -0.177096 -5.534014 63.366061 -1.820391 1.135394
Car -1 -1 -1.636926 1670.709351 798.307556 1919.194824 1076.428101 0.873561 1.895176 4.326160 6.707023 3.649505 17.746763 -1.275590 2.906362
Car -1 -1 0.642226 211.608795 321.945343 355.293671 381.989197 1.292621 1.868897 3.503495 -22.303202 -4.732606 70.207601 0.334633 0.632411
Car -1 -1 -1.549529 1539.989990 252.840637 1625.705566 340.528992 1.384286 1.831586 4.246823 15.104012 -4.868495 54.980658 -1.281428 1.567214
Car -1 -1 -1.593766 727.462219 256.625122 840.274658 312.494934 1.435137 1.815711 3.483670 -7.317646 -7.822531 80.783283 -1.684103 0.378635
Car -1 -1 1.800921 1160.728149 221.406738 1233.452393 275.220123 1.191064 1.381413 4.261101 7.626564 -8.746376 76.778066 1.899929 0.928334
Car -1 -1 0.735290 0.483554 355.760010 138.883743 422.112457 1.363400 1.848535 3.840870 -27.880868 -3.376908 66.773248 0.339750 0.277356
Car -1 -1 -1.474378 1422.347656 257.264893 1511.568237 333.568878 1.159073 1.686772 4.237202 13.014965 -5.365236 58.556725 -1.255670 1.215947
Car -1 -1 1.901858 919.913269 318.672241 1034.279907 409.371887 1.279647 1.387699 4.211911 -0.083117 -3.090156 51.658872 1.900249 1.334096
Car -1 -1 0.650150 182.113098 342.847534 336.442596 406.309540 1.239645 1.870923 3.609140 -22.152831 -3.855177 67.194913 0.331691 0.763813
Car -1 -1 1.608178 1307.948242 270.122192 1384.307495 350.319427 1.208700 1.346654 4.248586 9.329813 -4.716720 55.907552 1.773534 0.845018
Car -1 -1 1.841716 1092.174805 213.581528 1165.763184 268.685730 1.178223 1.288638 4.258216 5.419054 -9.378455 80.038337 1.909318 0.835147
Car -1 -1 1.825047 1059.472168 260.313782 1144.537231 322.629181 1.157449 1.334944 4.259289 3.634381 -6.079807 64.510337 1.881325 1.175467
Car -1 -1 0.701741 81.684685 368.595490 249.348663 435.705078 1.241256 1.825667 4.054708 -23.255878 -2.837477 62.457063 0.345296 1.131960
Car -1 -1 -1.965462 818.949158 268.130249 922.636597 321.800293 1.208252 1.364296 4.153605 -3.855958 -7.034154 75.268779 -2.016646 0.393895
Car -1 -1 1.759483 1256.596558 183.070663 1317.126831 228.622910 1.301955 1.569626 4.242481 13.170966 -12.504817 94.215969 1.898379 0.583396
Car -1 -1 1.748288 1266.488647 210.381546 1336.269043 261.325317 1.183880 1.598917 4.255322 11.528663 -9.402015 78.776822 1.893602 0.766494
Car -1 -1 -1.588979 1684.791992 199.626160 1753.170044 260.274109 1.198090 1.794449 4.246253 23.422166 -8.433943 69.649797 -1.264575 1.184668
Car -1 -1 -1.520082 1590.655029 151.909714 1643.658325 201.056900 1.416595 1.782423 4.263761 26.568202 -13.188981 91.351832 -1.237055 0.793805
Car -1 -1 1.789369 1183.016846 186.810791 1243.335571 230.903381 1.196413 1.503667 4.247408 10.076744 -12.515997 94.871083 1.895188 0.561241
Car -1 -1 -1.486499 1525.635986 153.869888 1573.578247 194.710327 1.341991 1.669973 4.247973 25.782353 -14.535646 99.299117 -1.232465 0.656497
Car -1 -1 1.651112 1415.917603 157.210938 1466.320923 208.565277 1.390082 1.526843 4.253390 19.655967 -13.234418 93.565182 1.858178 0.432843
Car -1 -1 -1.513237 1472.547363 197.448746 1529.481079 255.903122 1.233603 1.564554 4.259877 17.910864 -9.223808 75.386905 -1.279976 0.855190
Car -1 -1 1.730348 1364.735107 150.039047 1415.409790 196.341476 1.684400 1.580444 4.395237 19.909988 -15.491388 106.258415 1.915574 0.300594
Car -1 -1 -1.569302 1681.797729 107.544792 1717.990601 145.007095 1.495344 1.731162 4.261414 42.177245 -21.595516 128.693099 -1.252598 0.225643
Car -1 -1 -1.557861 1630.399048 125.140465 1677.063354 170.202957 1.700420 1.794311 4.445186 34.283896 -17.510830 111.645912 -1.259924 0.289351
Car -1 -1 1.671917 1459.236938 142.051682 1503.563965 180.698929 1.336572 1.536669 4.296774 24.763567 -16.486911 108.457448 1.896394 0.340104
Car -1 -1 -1.534654 1568.498657 124.468498 1606.101196 156.962479 1.260988 1.661202 4.253214 34.119684 -20.040723 123.469999 -1.265043 0.374763
Car -1 -1 -1.582012 1691.452148 135.791092 1733.075684 171.328354 1.171343 1.694777 4.248930 35.188251 -16.530684 105.604821 -1.260375 0.314701
Car -1 -1 -1.557474 1705.076538 75.613007 1731.427246 99.907684 1.287428 1.623552 4.266323 58.170583 -32.304709 173.203188 -1.233459 0.110853
Car -1 -1 1.705306 1413.405396 132.361633 1456.450562 170.783112 1.550666 1.701286 4.270377 24.341730 -18.280789 117.436956 1.909687 0.295357
Car -1 -1 -1.541782 1644.912842 73.092316 1670.345337 96.965195 1.346512 1.636382 4.226985 55.385064 -33.628449 179.396313 -1.242335 0.078399
