Car -1 -1 -1.202613 884.770447 302.311890 1020.640015 404.513824 1.674978 1.685551 4.306675 -0.344563 -4.757751 56.470870 -1.208715 0.937953
Car -1 -1 -1.512049 697.697266 671.404968 894.467346 879.454346 0.712906 1.701190 4.252497 -1.723718 2.213959 23.757956 -1.584476 3.403664
Car -1 -1 -1.829789 1342.057373 668.901428 1621.215698 879.854370 0.602111 1.593468 4.510926 5.334303 2.099278 23.323258 -1.604944 2.831208
Car -1 -1 -1.671305 1041.794067 670.684692 1260.782593 908.908142 0.775469 1.697309 4.259378 1.824406 2.312593 22.979298 -1.592078 3.573595
Car -1 -1 1.184992 1811.388794 164.191071 1894.175537 214.058533 1.722225 1.806734 4.479548 41.999031 -16.635668 103.823309 1.569392 0.309986
Car -1 -1 -1.919718 1753.219849 172.128479 1824.410767 211.911896 1.347420 1.516856 4.252044 39.250116 -16.792747 104.521723 -1.560490 0.518369
Car -1 -1 1.989347 1735.656250 205.909714 1832.710571 260.193115 1.493524 1.837056 4.218697 32.217091 -12.174092 86.272147 2.346746 0.243088
Car -1 -1 2.768393 1726.464844 164.399918 1823.299438 202.768295 1.482089 1.835329 3.874014 40.525027 -18.089071 110.227655 3.120703 0.143721
Car -1 -1 -1.689692 1064.891113 927.558777 1402.117065 1079.787354 0.655235 1.844557 4.237383 1.879898 3.993440 16.973132 -1.579384 3.950440
Car -1 -1 1.207756 1871.561157 170.829468 1918.710571 211.266846 1.470529 1.579913 4.205527 44.838122 -16.777186 104.469089 1.613179 0.363484
Car -1 -1 -2.747259 37.840679 196.528564 121.004906 227.031113 1.189879 1.813977 3.250111 -47.846415 -18.214778 118.504191 -3.130996 0.123415
Car -1 -1 2.839989 1556.278076 138.998276 1634.683960 174.476501 1.869247 1.878517 3.978826 39.305784 -24.074092 136.968185 3.119450 0.121771
Car -1 -1 2.907407 1595.691162 152.150116 1678.144653 184.036041 1.473976 1.813865 3.914476 39.021609 -21.980520 127.787088 -3.079407 0.083998
