Car -1 -1 -1.482238 621.687988 527.132690 796.724548 674.786499 0.949697 1.839115 4.306096 -3.620191 0.918091 36.385388 -1.581407 2.179643
Car -1 -1 -1.738300 1254.103149 639.796326 1486.927979 853.508423 1.006858 1.562526 4.258997 3.830395 2.221841 28.787741 -1.606020 2.965298
Car -1 -1 -1.606949 926.911438 632.741516 1134.534424 837.995117 0.844258 1.764942 4.354576 0.320893 2.045128 28.885391 -1.595840 1.854568
Car -1 -1 -1.339694 152.962387 667.604309 448.492157 889.453430 0.855868 1.690950 4.339665 -6.620727 2.346864 27.187840 -1.578563 2.011372
Car -1 -1 1.874237 18.444395 279.946991 146.293686 364.793579 1.461188 1.494639 4.655402 -22.400189 -4.840796 68.508621 1.558225 0.693896
Car -1 -1 -1.452692 445.232361 773.543518 734.805664 1070.479370 0.929718 1.706422 4.230249 -3.161546 3.141133 22.787493 -1.590552 3.013927
Car -1 -1 -1.801917 1379.827759 871.128784 1788.161011 1077.462402 1.046756 1.918385 4.274064 4.424134 3.921261 21.475915 -1.598754 3.182988
Car -1 -1 1.710474 457.883118 233.379608 534.196411 294.623993 1.475482 1.695266 4.255738 -15.889512 -8.253170 89.182975 1.534157 0.761079
Car -1 -1 1.614955 610.776123 139.163361 644.278931 167.950165 1.691618 1.749111 4.308486 -25.476122 -25.960100 194.186965 1.484506 0.153151
Car -1 -1 -1.582920 865.918335 933.552673 1179.838135 1080.000000 0.485554 1.885929 4.357410 0.167608 3.790906 19.999204 -1.574540 1.840131
Car -1 -1 -1.629086 1084.243652 140.795120 1114.678101 167.434250 1.632891 1.970938 4.271563 7.723201 -26.536025 197.698278 -1.590040 0.059564
