Car -1 -1 -1.943986 1643.995239 541.808594 1880.325317 694.604980 0.857328 1.482704 4.350005 11.545932 0.998386 31.114226 -1.588655 2.751548
Car -1 -1 1.903258 6.797340 339.557495 165.052231 451.266174 1.397111 1.346557 4.407662 -17.621489 -2.699354 45.296792 1.532250 2.051072
Car -1 -1 -1.637333 955.680115 701.141113 1176.162598 952.927429 0.842858 1.780245 4.246571 1.146225 2.793317 22.561864 -1.586573 3.574882
Car -1 -1 1.816024 298.072357 251.259674 395.336212 320.026978 1.429415 1.681178 4.251427 -17.948679 -7.334460 66.277060 1.551555 1.317338
Car -1 -1 1.877100 79.922707 288.771149 197.754517 358.187134 1.215867 1.487172 4.333762 -21.404410 -5.572412 58.647871 1.527156 1.237699
Car -1 -1 1.773147 430.818695 211.857605 501.200287 262.910339 1.316707 1.586437 4.245299 -17.944228 -11.122022 82.877804 1.559924 0.935941
Car -1 -1 1.881167 196.283417 222.784439 278.382233 278.646667 1.345733 1.412414 4.230087 -25.258371 -10.059242 78.810292 1.571015 0.710825
Car -1 -1 1.876126 209.752060 249.854828 303.382965 308.391144 1.241840 1.427945 4.254153 -21.658960 -8.017365 69.537935 1.574180 1.265800
Car -1 -1 1.795516 371.110016 200.295349 442.162079 249.496948 1.412843 1.659021 4.256701 -21.342146 -12.165516 87.385293 1.555975 0.758626
Car -1 -1 1.866017 291.856995 197.496063 361.917053 243.028641 1.367705 1.515371 4.231801 -25.214225 -12.756018 90.120664 1.593210 0.786973
Car -1 -1 1.741086 477.797333 186.127151 543.884766 238.919907 1.661415 1.739815 4.248001 -18.125169 -13.258386 92.350242 1.547284 1.018526
Car -1 -1 1.991918 0.000000 260.320007 78.978470 366.679626 1.922906 1.611314 4.876885 -25.654173 -5.596326 59.666629 1.585855 1.230784
Car -1 -1 1.740447 522.852783 178.142029 577.664001 221.598022 1.412174 1.556168 4.236475 -18.002170 -15.317939 101.388789 1.564723 0.687730
Car -1 -1 1.717060 583.596436 158.356583 626.050049 192.388077 1.353323 1.487763 4.240336 -18.268037 -19.347374 119.000516 1.564736 0.507964
Car -1 -1 1.810299 301.384308 222.716965 377.508728 273.932190 1.280178 1.513896 4.272588 -21.719273 -10.241940 79.188012 1.542607 0.892601
Car -1 -1 1.816931 347.009857 183.471603 407.673187 223.869431 1.290633 1.328205 4.224686 -25.367792 -14.751310 98.402419 1.564628 0.769176
Car -1 -1 1.715805 551.742859 169.559479 597.110535 204.640366 1.289215 1.424248 4.230811 -18.504378 -17.400151 110.594734 1.550023 0.628545
Car -1 -1 1.819860 328.850708 138.921021 382.860199 179.235626 1.831303 1.580557 4.369641 -34.133621 -21.486323 127.676869 1.558626 0.234200
Car -1 -1 1.688488 606.020508 148.420776 645.531372 181.160568 1.365113 1.541410 4.223977 -18.650607 -21.832598 129.948773 1.545939 0.228042
