Car -1 -1 -3.102498 662.699402 181.181503 828.352173 243.388916 1.509663 1.869499 4.793180 -6.691782 -10.623913 70.305678 3.085792 1.846330
Car -1 -1 2.848393 1248.598877 189.471100 1406.065796 245.361969 1.403709 1.858760 4.307286 12.111975 -10.663870 71.320284 3.016613 1.985273
Car -1 -1 0.073313 734.374268 233.829147 958.027100 334.022583 1.840623 2.021044 4.828517 -2.620597 -6.002928 52.807244 0.023728 2.691489
Car -1 -1 -3.140608 882.129150 174.006119 1028.289185 233.533783 1.584286 1.864453 4.657600 -0.000575 -11.587453 74.893991 -3.140616 1.940318
Car -1 -1 1.684937 654.083496 111.877602 709.619263 170.895645 2.174578 1.893711 4.815981 -13.223115 -19.248624 105.848108 1.560656 0.257460
Car -1 -1 2.805124 1649.848022 180.411911 1794.190308 232.397079 1.325021 1.860853 3.844607 26.342111 -11.646440 75.156116 -3.140942 0.442477
Car -1 -1 -2.988331 1482.650024 147.457016 1602.455200 196.631760 1.471417 1.864009 4.093321 23.971280 -15.255038 89.265187 -2.725981 0.735273
Car -1 -1 2.737362 1688.879517 193.747208 1868.643799 251.322144 1.319112 1.849089 4.428746 25.993893 -10.172848 69.003255 3.097627 1.780607
Car -1 -1 2.669967 1830.053833 179.456985 1919.104614 236.631912 1.542818 1.925453 4.301020 31.935053 -11.135750 73.184994 3.081421 0.373326
Car -1 -1 2.937603 1100.835083 179.417435 1244.975342 224.638092 1.322439 1.848362 4.573878 7.796963 -12.348942 78.449584 3.036666 1.429880
Car -1 -1 2.767696 1746.854736 162.402420 1855.213867 202.905609 1.174959 1.843755 3.663691 32.861937 -14.146564 84.559914 3.138356 0.253455
