Car -1 -1 -2.842923 0.000000 288.807190 185.803513 378.314789 1.659212 1.886871 4.744711 -21.745722 -4.227393 65.585345 3.120106 0.906933
Car -1 -1 2.900164 1740.603638 309.906403 1921.591675 384.646576 1.380823 1.873480 4.484991 20.941220 -4.241730 68.074815 -3.084588 0.747310
Car -1 -1 -3.097414 782.317871 293.579651 967.779358 365.280518 1.395442 1.852403 4.281054 -2.872556 -4.712951 69.048375 -3.138992 2.250940
Car -1 -1 -1.757745 1292.466309 719.245911 1572.798584 953.026917 0.685834 1.618831 4.627090 4.008134 2.659588 26.028950 -1.604958 1.891352
Car -1 -1 -1.618271 921.675110 715.429138 1140.971680 964.887756 0.920614 1.665587 4.224352 0.295019 2.781866 25.609604 -1.606752 2.253383
Car -1 -1 3.095598 1019.617249 305.705902 1215.712402 381.374908 1.393612 1.842915 4.334293 3.037609 -4.233609 66.839048 3.141014 2.378429
Car -1 -1 -0.216545 1362.538818 348.282166 1656.372559 458.274139 1.632353 1.963787 4.874945 9.999131 -2.088643 54.028894 -0.033546 3.552304
Car -1 -1 2.933767 1445.646484 297.802338 1643.632690 369.077667 1.353224 1.859247 4.369151 14.068594 -4.736430 70.424714 3.130939 1.929594
Car -1 -1 -1.473267 506.403351 552.310913 773.781433 883.359436 1.879519 2.034852 5.094647 -3.432751 2.279860 28.305240 -1.593954 1.217608
Car -1 -1 1.771752 216.181931 225.549866 313.913483 301.102356 1.802574 1.852465 4.597597 -23.034655 -8.018276 88.059337 1.515903 0.368283
Car -1 -1 1.756363 316.593292 202.952545 397.746490 270.440399 1.829198 1.814745 4.513196 -23.129007 -10.241968 101.283126 1.531853 0.391640
Car -1 -1 1.730668 452.870605 226.241241 533.899658 292.998535 1.603657 1.768532 4.261112 -16.143951 -8.424496 90.187761 1.553540 0.622184
Car -1 -1 1.694138 553.546143 199.942780 607.614075 244.129654 1.341537 1.460998 4.249043 -16.675911 -12.309653 113.096871 1.547745 0.330885
Car -1 -1 1.689353 481.589111 214.559692 551.687256 276.011749 1.456223 1.633998 4.259477 -16.627028 -9.737075 97.816742 1.520981 0.301156
Car -1 -1 1.722740 527.736389 208.839828 585.385864 259.828308 1.378685 1.362432 4.281728 -16.174597 -10.751749 103.367101 1.567521 0.230476
Car -1 -1 -1.613801 1084.451294 138.822281 1115.445068 166.039703 1.524519 1.935038 4.251953 7.660363 -26.474022 196.839065 -1.574904 0.101111
