Car -1 -1 -1.454010 410.535309 630.771545 638.537842 842.440857 0.692664 1.769496 4.274184 -4.906734 2.101207 23.402583 -1.660683 3.707898
Car -1 -1 1.892993 1.185831 354.370880 113.278725 473.205017 1.275026 1.789021 4.633040 -18.854199 -1.939835 42.502758 1.475475 1.579601
Car -1 -1 -1.585702 813.836975 196.449280 870.760376 255.152313 1.549993 1.912103 4.251452 -5.545646 -10.333371 79.458341 -1.655382 0.702442
Car -1 -1 1.333407 439.236267 229.754135 524.781494 291.261902 1.249342 1.606138 4.260290 -16.145925 -7.954765 68.509802 1.101957 0.550457
Car -1 -1 1.713514 510.184631 178.598465 561.077820 220.972931 1.276186 1.493442 4.256921 -20.039907 -13.759514 95.401207 1.506465 0.636261
Car -1 -1 1.714447 458.376068 201.445602 526.097778 250.655243 1.266736 1.681041 4.248546 -18.733518 -10.758440 81.488396 1.488481 0.937337
Car -1 -1 -1.598568 874.336914 159.645157 914.639587 193.147461 1.251774 1.760224 4.258116 -5.207275 -17.575133 113.194494 -1.644538 0.636941
Car -1 -1 1.682360 542.696960 167.685715 590.200256 205.380127 1.301103 1.547055 4.274592 -20.197232 -15.494817 102.957961 1.488650 0.625637
Car -1 -1 1.671923 560.013428 154.521408 603.835388 191.408310 1.379599 1.666427 4.260606 -21.073224 -17.460819 111.671700 1.485410 0.371784
Car -1 -1 1.585380 575.980286 145.784500 614.606689 179.127945 1.314371 1.509626 4.244965 -21.175939 -18.644312 115.503630 1.404058 0.321714
Car -1 -1 1.659171 591.519104 109.887299 623.264404 136.442108 1.571745 1.787269 4.254292 -29.848946 -30.053394 168.054390 1.483389 0.120038
