Car -1 -1 0.141426 478.368347 406.252869 724.240601 513.242737 1.301622 1.833795 3.840913 -6.178522 -1.236397 39.942318 -0.012044 3.909775
Car -1 -1 2.902390 943.098999 346.070740 1213.158081 464.966217 1.724113 1.948900 4.673078 2.705338 -2.270833 44.402221 2.963243 3.938334
Car -1 -1 -3.041137 136.586441 380.207306 399.200470 482.173798 1.276994 1.880395 4.235256 -12.777641 -1.853168 41.849948 2.945718 4.482042
Car -1 -1 3.062586 610.850281 364.803558 852.853821 468.836151 1.418636 1.854206 4.373143 -4.222888 -2.154174 43.777650 2.966421 3.516765
Car -1 -1 -1.457923 556.260315 716.257568 801.105042 971.939880 0.797247 1.700220 4.215275 -2.419059 2.787169 21.271783 -1.571158 3.320949
Car -1 -1 -1.647191 992.636475 731.302612 1213.588013 960.280090 0.609838 1.669622 4.232634 1.480227 2.735405 21.298128 -1.577802 3.435308
Car -1 -1 -1.807967 1308.000488 755.389160 1580.534790 993.034790 0.597549 1.401737 4.215448 4.699300 2.935075 20.984833 -1.587664 3.640716
Car -1 -1 1.925389 36.687344 260.724579 146.764801 331.323700 1.355499 1.348609 4.222739 -24.943191 -6.871840 64.480848 1.556287 1.344369
Car -1 -1 1.860618 151.131470 263.299438 252.189148 330.466888 1.312981 1.430415 4.234988 -21.700392 -6.870768 64.449575 1.535838 1.507280
Car -1 -1 1.811940 305.035919 254.116043 395.567108 318.162781 1.326890 1.524994 4.239442 -18.086074 -7.474321 67.163878 1.548897 1.436350
Car -1 -1 1.772828 414.749115 255.909164 501.039978 324.014587 1.325794 1.531254 4.234779 -14.425902 -7.181928 65.592195 1.556341 1.529195
Car -1 -1 -2.756520 1592.638062 291.082001 1760.203857 350.656738 1.178775 1.841467 3.875238 20.951696 -6.017316 62.213961 -2.431681 2.387928
Car -1 -1 1.948008 0.000000 219.223755 75.537636 291.341125 1.728322 1.953660 4.776049 -31.454196 -9.106286 74.022381 1.546198 0.810435
Car -1 -1 1.895917 129.576279 241.551666 218.605392 300.643646 1.283430 1.290291 4.214341 -25.382539 -8.614355 72.427360 1.558837 1.137166
Car -1 -1 1.849425 243.500610 235.134079 336.581085 293.561035 1.359753 1.548121 4.242876 -22.007656 -8.977113 74.089921 1.560686 1.131202
Car -1 -1 1.856244 210.666870 215.905487 293.618286 270.790710 1.439622 1.526585 4.237088 -25.208292 -10.473764 80.427015 1.552512 0.617623
Car -1 -1 1.787331 370.743286 233.273178 446.596649 292.791290 1.324495 1.421920 4.233480 -17.898320 -8.995036 73.691325 1.549062 1.404690
Car -1 -1 1.776436 417.404175 214.773376 488.327271 267.021698 1.284212 1.433818 4.247699 -17.974856 -10.722639 80.717149 1.557322 1.036354
Car -1 -1 1.751375 463.026031 195.894104 525.533203 244.141495 1.343918 1.394449 4.244963 -17.994269 -12.557079 88.510457 1.550808 0.813853
Car -1 -1 1.795189 319.188263 217.658234 392.435303 266.666107 1.206777 1.478078 4.234208 -21.696567 -10.751518 81.194273 1.534072 1.007998
Car -1 -1 1.796963 379.435089 197.977631 441.806824 239.459518 1.231202 1.409958 4.218828 -21.870111 -12.933556 90.596649 1.560094 0.843227
Car -1 -1 1.779905 429.943298 187.507019 484.615234 225.009537 1.145773 1.372255 4.253356 -21.767164 -14.782572 98.703949 1.562849 0.694558
Car -1 -1 1.739354 473.476532 171.443130 528.005249 208.992813 1.346389 1.654361 4.258846 -21.409286 -16.600668 106.510075 1.540990 0.646265
Car -1 -1 1.697379 561.663757 132.726364 601.169617 163.253174 1.559788 1.847583 4.265253 -24.042089 -25.588144 146.432228 1.534645 0.430407
Car -1 -1 0.375373 71.478638 126.002472 172.441299 171.830887 2.318253 2.153414 4.465928 -50.419683 -23.133188 134.894105 0.017679 0.173203
Car -1 -1 1.685337 651.197205 122.822029 686.158325 158.816742 1.877935 1.789240 4.322937 -18.710393 -26.622065 150.480044 1.561634 0.260490
Car -1 -1 -0.010099 1407.826294 322.810425 1771.041992 496.365234 2.449946 2.353820 5.567408 11.169159 -1.344378 37.428018 0.279905 1.048597
