Car -1 -1 -1.616183 1130.460571 366.776733 1240.481323 476.825684 1.390855 1.957810 4.257532 4.615263 -2.119750 46.524616 -1.517306 1.453632
Car -1 -1 -1.522588 882.512512 554.138489 1027.501465 699.709595 0.870618 1.713103 4.240141 -0.111329 1.265211 31.026551 -1.526176 3.360091
Car -1 -1 -2.718620 1408.168091 292.176971 1585.700195 356.621307 1.169910 1.872627 4.400725 15.435725 -5.899626 63.516455 -2.480222 2.274622
Car -1 -1 -1.542692 916.389160 371.455322 1017.271240 464.005005 1.104519 1.864762 4.286342 -0.003729 -2.338762 46.655472 -1.542772 1.248018
Car -1 -1 1.774195 628.885803 242.093643 701.317566 295.424683 1.283659 1.557594 4.255074 -10.853187 -9.161150 77.820744 1.635625 0.959499
Car -1 -1 -1.603734 1109.469604 266.567627 1168.836670 322.021271 1.205124 1.731534 4.233307 5.646497 -7.653461 71.749265 -1.525199 1.218542
Car -1 -1 1.826121 525.291138 239.768402 609.305725 295.712799 1.305996 1.711178 4.386729 -14.398094 -9.203374 78.059643 1.643721 0.765858
Car -1 -1 1.874820 408.727539 238.101151 492.184753 296.960175 1.455604 1.425138 4.242512 -18.293738 -8.973487 76.751652 1.640836 1.227938
Car -1 -1 -1.542772 997.765625 211.714615 1049.686401 269.212006 1.686456 1.890193 4.465487 2.342265 -11.515032 89.632330 -1.516646 0.588301
Car -1 -1 -1.644610 1230.138794 282.825409 1303.033203 350.047119 1.312646 1.674748 4.269522 9.043682 -6.301790 65.953284 -1.508337 1.102801
Car -1 -1 1.829031 489.521423 222.917343 562.771851 273.135376 1.403083 1.528131 4.258977 -17.436508 -10.828451 85.544713 1.627956 0.717005
Car -1 -1 -1.548597 968.220032 283.459442 1036.242432 344.590118 1.184369 1.815419 4.242454 1.078020 -6.365106 65.407305 -1.532116 1.403848
Car -1 -1 -1.608530 1174.138062 197.029282 1214.966797 234.615814 1.344870 1.786028 4.228021 11.683365 -15.978225 111.882703 -1.504482 0.648054
Car -1 -1 1.754540 694.655518 218.492264 759.154114 265.794495 1.318720 1.643899 4.274854 -9.905722 -11.592966 89.145792 1.643875 0.681845
Car -1 -1 -1.574583 1090.786621 203.922012 1131.897827 242.280930 1.372520 1.763716 4.234755 7.106391 -15.021580 107.751648 -1.508726 0.838011
Car -1 -1 1.783910 631.151672 199.352448 693.097595 249.805313 1.686957 1.481290 4.654655 -13.390767 -12.884533 94.765402 1.643535 0.366210
Car -1 -1 1.709700 757.298035 200.112823 805.644714 238.570038 1.303770 1.621338 4.248848 -8.822223 -14.482382 102.753165 1.624051 0.734085
Car -1 -1 1.746548 692.725708 191.955490 744.413635 234.049271 1.517494 1.699738 4.248495 -12.119733 -15.086533 105.525526 1.632198 0.670917
Car -1 -1 1.790560 582.541382 214.046799 652.535706 271.136505 1.631464 1.605314 4.599554 -14.314741 -11.368114 88.767048 1.630674 0.504440
Car -1 -1 1.724573 785.680176 168.167755 821.259094 197.541504 1.269704 1.560869 4.246810 -10.233716 -21.179208 134.193622 1.648460 0.376753
Car -1 -1 1.683308 818.516418 175.364075 857.864563 206.031769 1.294907 1.617315 4.258485 -7.560918 -19.560667 126.857080 1.623776 0.495647
Car -1 -1 -1.573060 1105.081665 166.426178 1139.976440 205.803894 1.834031 1.932039 4.357938 9.450489 -20.606741 133.149556 -1.502202 0.244366
Car -1 -1 -1.561809 1053.729248 159.759293 1082.939941 187.092331 1.460399 1.846977 4.279890 7.108087 -24.961580 153.800737 -1.515626 0.391452
Car -1 -1 -1.595485 1156.131714 163.152435 1186.778320 190.165604 1.384402 1.881736 4.275996 14.278043 -24.513645 152.243066 -1.501974 0.373746
Car -1 -1 1.722283 767.295959 152.624710 800.130188 183.157822 1.622325 1.668068 4.283031 -13.046492 -25.085173 153.067647 1.637255 0.249770
Car -1 -1 -1.578519 1098.699829 185.800491 1134.766479 219.938400 1.414098 1.761733 4.216858 8.630169 -18.682048 124.645943 -1.509392 0.385507
Car -1 -1 1.687307 841.032410 144.351151 868.784729 168.837296 1.605900 1.686525 4.295226 -8.719183 -28.158538 166.572035 1.635010 0.212318
Car -1 -1 1.662465 873.347717 155.907440 905.892761 184.102402 1.551341 1.819943 4.267200 -5.624445 -25.277463 154.707714 1.626126 0.157057
Car -1 -1 1.644217 926.625183 130.670410 954.937988 158.050461 2.000225 1.808738 4.451559 -2.411948 -33.612165 192.750935 1.631704 0.135188
