Car -1 -1 -1.693990 1142.677246 432.246460 1280.775635 557.499634 1.260589 1.669771 4.229825 3.672997 -0.746038 46.945808 -1.615910 2.394890
Car -1 -1 -1.611566 960.541870 453.298035 1088.451782 569.728455 1.054437 1.808543 4.243436 0.475973 -0.542882 45.572264 -1.601122 2.485377
Car -1 -1 -1.393616 297.962921 779.127136 564.443115 1003.129944 0.661752 1.528759 4.252017 -5.055295 2.997515 25.463542 -1.589599 2.339663
Car -1 -1 -1.736718 1300.971191 720.791626 1546.944336 930.501160 0.738240 1.576399 4.336550 4.227328 2.663328 27.771104 -1.585657 3.272937
Car -1 -1 -1.559167 849.204651 304.468109 934.039795 394.389252 1.510235 1.909513 4.261186 -2.469674 -4.602566 68.001123 -1.595469 1.224075
Car -1 -1 -1.497320 650.868896 826.720337 903.376038 1080.000000 1.439977 1.613024 4.393402 -1.658255 3.998411 22.649979 -1.570402 1.935447
Car -1 -1 -1.642770 1083.704346 347.324493 1170.955200 424.656830 1.166233 1.605520 4.252606 3.044757 -3.593022 63.085429 -1.594543 1.300566
Car -1 -1 -1.631939 1070.005981 281.600555 1145.412842 344.096008 1.221012 1.739340 4.247111 3.236016 -6.552125 78.483448 -1.590730 1.276119
Car -1 -1 -1.572926 935.960022 264.045685 1002.105103 322.762939 1.255154 1.889562 4.265532 -0.708345 -7.671000 84.736256 -1.581285 1.314687
Car -1 -1 -1.556603 867.522278 234.885361 922.837341 288.738831 1.429332 1.749446 4.248086 -3.336560 -9.696469 95.740658 -1.591439 1.049603
Car -1 -1 -1.558976 950.404663 191.601349 994.078796 232.431732 1.356094 1.806678 4.236823 -0.886288 -14.889714 123.716156 -1.566140 0.740226
Car -1 -1 -1.600344 1030.336548 235.624496 1089.731812 300.089417 1.575668 1.685745 4.346527 2.210513 -8.955308 91.260919 -1.576127 0.781373
Car -1 -1 -1.544590 866.222290 198.001511 912.684937 237.656891 1.286822 1.757830 4.224958 -4.422857 -14.128858 119.305278 -1.581645 0.724666
Car -1 -1 -1.567243 950.424805 216.002975 1001.889709 263.468018 1.293306 1.736693 4.229896 -0.632412 -11.668951 106.007947 -1.573209 0.748799
Car -1 -1 -1.577299 1007.977539 181.390793 1047.455811 216.813553 1.322326 1.707476 4.233358 1.705513 -16.657794 132.895272 -1.564466 0.537031
Car -1 -1 -1.553296 880.481812 177.304703 920.011658 211.944855 1.316420 1.701146 4.242384 -4.693097 -17.816291 140.006792 -1.586804 0.607131
Car -1 -1 1.686809 592.853821 179.556595 638.760376 212.967636 1.295648 1.556223 4.253480 -18.681047 -17.338198 136.987301 1.551274 0.527900
Car -1 -1 -1.592961 1031.319946 206.653870 1081.383911 248.661346 1.222268 1.772962 4.239836 2.589995 -13.153479 113.924514 -1.570230 0.568071
Car -1 -1 -1.545630 890.573914 134.204193 917.315369 158.520111 1.434820 1.732299 4.244451 -6.235900 -28.451351 196.360449 -1.577376 0.294896
Car -1 -1 -1.644091 1170.782471 189.094543 1218.776855 229.219284 1.359069 1.751019 4.255255 9.419840 -15.496463 127.682033 -1.570448 0.484483
Car -1 -1 -1.559235 937.313599 131.519043 961.944946 156.485001 1.501405 1.664771 4.233596 -3.180350 -29.776484 204.376074 -1.574795 0.223822
Car -1 -1 -1.552845 881.289856 153.812149 913.566101 181.482529 1.390577 1.682757 4.244868 -5.703136 -22.828620 166.420645 -1.587101 0.207204
Car -1 -1 -1.582992 1012.077209 164.141251 1047.986816 195.857864 1.404920 1.817178 4.247592 2.090896 -20.220388 152.821564 -1.569311 0.250747
Car -1 -1 -1.569774 951.647339 154.264709 990.134583 184.930115 1.441091 1.941072 4.225537 -1.261770 -21.810167 160.470811 -1.577636 0.268705
Car -1 -1 -1.650299 1189.696655 192.267181 1238.103638 232.828918 1.415348 1.895814 4.267979 9.966970 -15.337395 126.916880 -1.571928 0.215724
