Car -1 -1 0.433241 0.000000 329.003723 192.831345 431.356628 1.697779 1.912362 4.301318 -19.621995 -3.112428 47.587471 0.042147 1.046863
Car -1 -1 -0.021608 941.310364 369.433685 1177.254395 464.977478 1.375931 1.850898 4.370639 1.811410 -2.335185 44.637956 0.018949 3.071184
Car -1 -1 2.811658 1626.660278 263.837585 1782.778809 326.481598 1.487617 1.814144 3.762870 22.690501 -7.358128 67.541429 3.135762 1.567130
Car -1 -1 -0.394039 1734.224976 359.936127 1920.053589 468.967865 1.586447 1.908430 5.502934 18.959942 -2.311115 44.906915 0.005462 1.262799
Car -1 -1 -0.076404 1097.069824 310.137238 1301.273438 405.704773 1.637238 1.904132 4.318736 5.209694 -3.851938 50.345910 0.026707 2.074638
Car -1 -1 1.696367 635.491821 206.062317 691.739807 248.328217 1.289375 1.720519 4.265356 -13.339709 -13.519857 95.082213 1.556980 0.860347
Car -1 -1 -0.137026 961.331787 338.481659 1159.221313 424.598999 1.326588 1.882779 3.959132 1.940982 -3.329443 48.530159 -0.097052 1.066762
Car -1 -1 1.646450 695.232056 214.198349 749.312622 259.715576 1.348637 1.682178 4.268928 -10.318319 -12.530736 91.096433 1.533662 0.744433
Car -1 -1 2.830533 1556.912842 262.646027 1699.424072 315.668121 1.333992 1.834855 3.853194 21.392839 -7.989240 70.836394 3.123827 0.818776
Car -1 -1 -1.418946 870.115845 219.981445 931.624634 270.106018 1.378191 1.819197 4.294209 -2.662352 -11.530676 86.546861 -1.449698 0.685114
Car -1 -1 -1.612035 948.486145 169.400909 981.819641 197.885559 1.281609 1.791325 4.262462 -0.297883 -21.949220 134.665447 -1.614247 0.507707
Car -1 -1 2.678929 1854.009888 259.956116 1917.628174 328.821472 1.569752 1.796621 2.878992 29.575806 -7.380455 67.950506 3.089453 0.251298
Car -1 -1 1.654730 719.551575 191.005783 767.057922 234.969879 1.495211 1.723940 4.274510 -10.673331 -15.225051 102.875529 1.551350 0.473006
Car -1 -1 1.654895 728.905090 158.595062 770.112549 191.642715 1.652047 1.935306 4.296276 -13.872434 -22.784383 137.712507 1.554499 0.250385
Car -1 -1 0.209375 1298.150391 156.910568 1373.348633 188.073837 1.583865 1.846247 3.995453 23.605323 -23.509175 140.888937 0.375378 0.132792
Car -1 -1 1.595607 796.393860 130.288513 821.300598 152.928299 1.727461 1.937536 4.273170 -14.520030 -35.600857 196.237485 1.521749 0.077688
