Car -1 -1 -1.520236 689.113098 701.618713 895.828491 901.664795 0.747046 1.766997 4.274578 -1.976555 2.493576 28.390108 -1.589745 2.176813
Car -1 -1 -0.929993 961.112549 291.358612 1098.028076 356.954529 1.239937 1.939506 3.274628 1.035332 -5.906681 74.801423 -0.916153 0.847666
Car -1 -1 -1.669067 1058.079224 843.449585 1331.220093 1078.769775 0.952695 1.768906 4.379927 1.597035 3.734450 23.520789 -1.601272 3.160457
Car -1 -1 -1.602585 976.019470 217.381531 1037.129517 274.381042 1.558833 2.029188 4.241164 0.496024 -10.702346 100.403426 -1.597645 0.669637
Car -1 -1 -1.785872 1352.877075 807.931519 1717.977905 1079.829712 1.188861 1.985624 4.339386 4.514146 3.683015 23.860460 -1.598893 3.939977
Car -1 -1 1.659015 661.812561 278.736481 737.975647 349.100128 1.367563 1.576223 4.234326 -7.999849 -6.217507 75.882075 1.553978 1.019776
Car -1 -1 -1.581288 1025.017090 192.892349 1073.616943 237.779907 1.508467 1.833600 4.250367 2.452420 -14.253760 120.544063 -1.560946 0.590655
Car -1 -1 1.841827 213.304504 220.156403 300.502167 295.028320 1.981849 1.425715 4.624638 -25.609274 -9.640128 96.464090 1.582332 0.358590
Car -1 -1 -1.517929 596.856628 917.332275 906.301086 1080.000000 0.900013 1.825085 4.507443 -1.679309 4.050614 20.674994 -1.598975 2.272233
Car -1 -1 -1.568411 941.704346 159.789810 975.408813 191.845062 1.457475 1.681868 4.251044 -1.860388 -20.580832 154.028246 -1.580488 0.369056
