Car -1 -1 0.010182 582.410095 295.097412 845.420776 401.023773 1.622777 1.976560 4.919304 -5.760683 -2.859904 45.585594 -0.115522 3.548298
Car -1 -1 3.054621 1073.156982 192.973160 1227.049805 256.896027 1.623142 1.878742 4.433095 5.180399 -8.527905 70.160270 3.128323 2.189187
Car -1 -1 -0.040288 921.234375 265.800659 1143.145386 342.081909 1.313755 1.935280 4.935328 1.028139 -4.627468 53.145385 -0.020945 2.716327
Car -1 -1 -3.048374 264.883820 201.336700 436.259918 272.471558 1.756449 2.017592 4.626424 -19.882374 -7.813731 67.894014 2.949932 1.533273
Car -1 -1 0.210106 390.413422 292.032898 608.947754 376.993500 1.378174 1.842568 4.166524 -10.694423 -3.434433 47.731293 -0.010309 2.499264
Car -1 -1 0.291920 20.799107 265.267822 233.575729 350.533997 1.532359 1.889164 4.158078 -20.287726 -4.257419 51.331185 -0.084470 1.993416
Car -1 -1 1.613349 748.263245 147.489761 794.052063 190.356888 1.439001 1.782477 4.260819 -9.988872 -15.008611 99.937615 1.513729 0.710672
Car -1 -1 1.633095 700.799133 126.015381 744.187683 172.143082 1.897268 1.675396 4.592480 -13.852896 -17.837371 113.241562 1.511369 0.323297
Car -1 -1 1.594881 774.548401 118.223595 811.319031 153.009171 1.618179 1.821751 4.275124 -11.310893 -20.821710 125.867946 1.505258 0.354477
Car -1 -1 2.718348 562.546631 90.456490 607.929871 115.329567 1.543198 1.851830 3.591396 -31.179838 -30.324396 167.556417 2.534367 0.067455
Car -1 -1 1.652490 749.252625 107.803558 782.213135 134.273468 1.435840 1.676315 4.256495 -14.983859 -25.177860 145.747308 1.550043 0.153492
Car -1 -1 1.605296 765.132263 141.066422 801.300415 174.793152 1.433106 1.695894 4.268607 -10.305232 -16.938265 108.877846 1.510928 0.193333
