Car -1 -1 -1.516048 368.164337 807.585754 629.892883 1072.250488 0.627719 1.711519 4.235359 -3.757516 3.121128 22.443300 -1.681932 2.574674
Car -1 -1 -2.883764 217.022583 259.195465 440.942657 363.005951 1.947905 1.881077 4.493095 -15.304252 -4.581494 65.747083 -3.112466 2.106137
Car -1 -1 -3.124961 874.123718 287.519012 1077.441895 373.928650 1.563376 1.872633 4.418648 0.033066 -4.245890 64.703182 -3.124450 2.614697
Car -1 -1 2.948919 1389.600708 299.243256 1627.366577 397.020782 1.554194 1.923163 4.595943 12.007158 -3.692704 62.323498 3.139246 1.987694
Car -1 -1 2.913826 1605.959351 295.525970 1816.185181 383.390106 1.559193 1.856582 4.168824 17.506594 -4.124131 65.667090 -3.108823 1.904852
Car -1 -1 2.948430 1375.739624 277.559113 1599.126099 354.407227 1.517274 1.877482 4.551058 12.973587 -5.074636 70.189243 3.131204 0.621097
Car -1 -1 1.689429 447.505768 223.347046 517.945129 278.441376 1.274230 1.644317 4.249170 -16.018447 -8.800684 90.034263 1.513356 0.711632
Car -1 -1 1.663842 533.566101 217.394318 600.697937 281.675171 1.493295 1.633328 4.254625 -12.959055 -8.502663 87.889242 1.517449 0.720650
Car -1 -1 2.969508 1738.190430 289.623566 1896.427002 360.152191 1.425891 1.875068 3.463325 21.332171 -4.848783 69.888361 -3.017428 0.521932
Car -1 -1 -1.566376 790.324219 120.525421 819.411438 143.794754 1.384169 1.704631 4.203209 -12.611852 -29.105133 205.353385 -1.627714 0.164736
Car -1 -1 1.644786 686.793945 127.284370 719.548950 153.694580 1.341711 1.664054 4.270459 -17.895327 -25.200524 181.995835 1.546773 0.188118
Car -1 -1 -1.936367 1514.950073 165.458008 1586.823120 209.237137 1.594603 1.946640 4.263465 27.699639 -16.061234 132.964486 -1.730981 0.126322
