Car -1 -1 -1.530656 876.396301 579.675537 1025.482300 741.319824 0.891721 1.668744 4.229794 -0.184755 1.639242 29.183801 -1.536987 2.425331
Car -1 -1 -2.603359 1403.061890 277.324036 1569.004761 343.637726 1.367738 1.852475 4.278022 15.679189 -6.427107 65.811921 -2.369476 2.041034
Car -1 -1 -1.614623 1135.778931 653.580811 1322.940674 852.600159 0.787541 1.754045 4.243696 2.930756 2.404697 25.134154 -1.498542 2.707892
Car -1 -1 -1.581001 373.447540 471.341675 517.741638 614.510986 1.094762 1.789763 4.225963 -8.124223 0.245512 33.649077 -1.817907 2.938160
Car -1 -1 -1.751478 1410.257812 647.371704 1680.070068 885.724243 0.947518 1.754558 4.743158 6.132642 2.469125 23.650315 -1.497761 2.346650
Car -1 -1 -1.525917 940.636108 414.441620 1043.889282 517.966553 1.070095 1.678586 4.248406 0.505812 -1.236291 42.628852 -1.514052 1.732933
Car -1 -1 -1.634564 1141.333740 426.114410 1265.500732 541.167480 1.034567 1.848929 4.292452 4.263224 -0.851157 40.001470 -1.528388 1.680121
Car -1 -1 -1.221747 47.609558 725.207947 415.045349 998.302856 0.787698 1.658333 4.412904 -6.747834 2.930893 20.479282 -1.540040 3.493136
Car -1 -1 -1.541004 969.375977 286.341705 1038.110229 353.682587 1.318451 1.735487 4.246413 1.074219 -6.042756 64.502655 -1.524352 1.278161
Car -1 -1 2.889078 1697.733154 303.727020 1903.101318 369.854004 1.331049 1.884290 4.717514 23.766515 -5.318184 62.030135 -3.028216 1.598689
Car -1 -1 1.784561 637.906433 236.045090 710.572083 289.659698 1.360056 1.563164 4.259490 -10.823575 -9.608470 80.023695 1.650122 0.847820
Car -1 -1 -1.470596 685.261597 770.254883 975.231384 1079.160767 1.570594 1.763654 4.627365 -1.029156 4.139953 19.375781 -1.523662 2.075546
Car -1 -1 1.760979 682.578369 220.837585 745.876404 272.942749 1.473916 1.508615 4.297424 -10.193185 -11.077573 87.217258 1.644635 0.774759
Car -1 -1 -1.695247 1256.697754 227.289902 1327.017334 295.207764 1.765481 1.886358 4.635444 12.118981 -9.607768 81.094810 -1.546903 0.396328
Car -1 -1 1.865414 429.414764 238.883469 511.390320 290.113037 1.275557 1.499218 4.253108 -18.339455 -9.602222 80.044551 1.640186 1.089739
Car -1 -1 1.823617 517.526672 237.579849 593.565308 291.857635 1.372508 1.532885 4.251052 -15.029754 -9.442887 79.219696 1.636123 1.037017
Car -1 -1 -1.602656 1122.032715 312.283722 1200.408691 385.656067 1.159187 1.839426 4.263963 5.182682 -4.780457 58.509713 -1.514309 1.515650
Car -1 -1 -1.541103 1038.045410 208.290924 1083.295776 248.778229 1.325172 1.831236 4.256289 4.198676 -13.447244 98.612400 -1.498551 0.728082
Car -1 -1 -1.601532 1143.076660 203.004822 1184.922729 239.504440 1.312638 1.796038 4.246485 9.707414 -15.059375 107.395400 -1.511387 0.796501
Car -1 -1 -1.553839 1028.732544 179.442566 1072.168335 226.342148 1.781480 2.001060 4.373929 4.310120 -16.452384 112.492927 -1.515543 0.458351
Car -1 -1 1.746839 715.732788 204.559387 771.179504 251.608536 1.519428 1.576831 4.243788 -9.951733 -13.026310 96.096838 1.643647 0.697962
Car -1 -1 1.762253 669.432800 197.128525 724.285034 238.390564 1.351967 1.591668 4.242319 -12.778877 -14.358682 101.929760 1.637534 0.539068
Car -1 -1 1.673937 845.587036 159.769989 880.369812 191.971039 1.628723 1.595425 4.343347 -6.780203 -22.500242 140.504922 1.625718 0.243691
Car -1 -1 -1.607472 1162.837402 167.979233 1194.357544 195.537704 1.335058 1.811844 4.227801 13.875795 -22.741734 143.283823 -1.510931 0.424986
Car -1 -1 -1.574363 1101.759277 170.475891 1134.317017 199.706528 1.384075 1.790761 4.241090 9.586257 -21.858623 139.033803 -1.505523 0.518394
Car -1 -1 1.721331 771.909607 169.099976 809.247864 199.711548 1.309089 1.375360 4.253603 -10.728464 -20.589490 131.264772 1.639781 0.374526
Car -1 -1 1.659341 873.606018 142.355927 900.094604 163.641434 1.411819 1.805494 4.275721 -7.085895 -32.649022 189.534768 1.621973 0.216248
Car -1 -1 -1.558099 1073.741211 136.968002 1096.316650 157.914490 1.550282 1.823476 4.307911 10.854053 -35.215971 201.836652 -1.504374 0.157532
