Car -1 -1 -2.152252 181.442627 409.786133 417.810638 533.167358 1.232988 1.815859 3.724336 -11.415795 -1.073529 37.464261 -2.448026 0.841386
Car -1 -1 -1.699552 1219.881470 476.738922 1378.062866 614.888428 0.829053 1.706539 4.397069 4.897155 -0.019567 32.476223 -1.549888 2.656801
Car -1 -1 -1.502553 481.125671 557.509460 657.508240 726.413452 0.798873 1.670661 4.236946 -4.811591 1.131905 27.092683 -1.678318 3.911836
Car -1 -1 -1.473223 867.886780 394.592377 985.850891 501.573883 0.983039 1.692632 4.257771 -0.615822 -1.659342 39.439551 -1.488836 2.575978
Car -1 -1 -1.597633 1031.739014 476.270264 1166.784424 608.765137 0.898998 1.700562 4.232977 1.979042 -0.026391 32.461430 -1.536743 3.948204
Car -1 -1 -1.784090 1338.761963 738.018311 1644.370483 1011.655151 0.596774 1.692557 4.687409 4.760513 2.812206 20.414607 -1.554993 2.582721
Car -1 -1 -1.558237 934.932068 266.242493 1012.666199 343.987061 1.324057 1.789012 4.253070 0.291261 -6.060624 58.062236 -1.553221 1.401007
Car -1 -1 1.805366 553.047363 240.757034 642.183533 303.968414 1.204117 1.514450 4.273203 -11.171061 -8.065068 66.775040 1.639607 1.164205
Car -1 -1 -1.584375 1067.335083 278.744904 1142.497437 350.438629 1.165413 1.721841 4.247896 3.761267 -5.926231 58.290582 -1.519938 1.721495
Car -1 -1 1.873426 341.287750 245.556747 440.382294 307.599487 1.235826 1.537407 4.294515 -17.565768 -7.956092 67.027714 1.617123 1.367354
Car -1 -1 1.921252 234.763626 248.481232 335.713837 313.149658 1.233503 1.279590 4.248148 -20.309547 -7.637816 65.437768 1.620314 1.169189
Car -1 -1 1.822887 527.263916 221.597610 603.447876 276.740601 1.252465 1.334049 4.258535 -13.445282 -9.705118 73.881901 1.642874 0.809296
Car -1 -1 -1.557464 993.900635 195.873688 1047.993896 243.924225 1.283401 1.850661 4.250432 2.285664 -12.333902 85.261597 -1.530662 0.772071
Car -1 -1 1.840030 447.406372 235.539017 542.244812 304.471375 1.390023 1.547648 4.272889 -14.409428 -8.097242 67.220925 1.628867 1.244223
Car -1 -1 1.785295 579.869690 199.793777 645.204163 248.369278 1.213518 1.341068 4.244017 -13.263396 -11.819363 82.490848 1.625873 0.864989
Car -1 -1 0.720919 621.742981 132.823364 689.422363 166.481277 1.465855 1.875376 3.402864 -17.638139 -22.015523 124.923166 0.580654 0.145919
Car -1 -1 1.721242 736.795959 140.241547 778.649536 171.111176 1.256521 1.549845 4.243052 -11.409879 -21.113631 120.942267 1.627179 0.492373
Car -1 -1 1.861687 435.972839 218.154053 516.455017 271.128479 1.259003 1.424475 4.226201 -17.363146 -10.424677 77.806598 1.642127 0.465687
Car -1 -1 1.853678 363.339294 209.317734 447.031372 261.297272 1.274558 1.459943 4.244509 -19.858519 -10.654911 77.616147 1.603196 0.885415
Car -1 -1 1.895269 332.149628 195.660995 410.172241 247.029861 1.423229 1.354474 4.269412 -22.375250 -11.678220 82.432633 1.630218 0.510836
Car -1 -1 1.793669 542.249268 175.354614 597.279297 216.529068 1.189961 1.296137 4.270912 -17.480790 -15.259866 97.366488 1.616026 0.545997
Car -1 -1 1.843123 503.073730 194.717865 568.467468 244.337143 1.297554 1.152365 4.248397 -16.899657 -12.422994 86.029250 1.649152 0.514047
Car -1 -1 1.872618 324.741364 223.771103 409.950592 279.446899 1.258166 1.298100 4.220993 -20.134053 -9.493882 73.472805 1.605150 0.619824
