Car -1 -1 -1.862952 353.653931 386.083832 528.484131 514.167175 1.297415 1.506479 4.251785 -9.030462 -1.117143 46.507872 -2.054736 2.289522
Car -1 -1 0.996102 809.126343 322.306183 996.251343 432.642944 1.436756 1.524838 4.407502 -1.533826 -2.782728 56.411523 0.968919 0.892999
Car -1 -1 -1.546342 440.972839 575.947998 647.002991 807.322021 1.192299 1.714560 4.234540 -4.519686 1.825950 29.256793 -1.699613 2.506929
Car -1 -1 -1.628400 461.183533 478.830963 607.466675 602.607300 0.817902 1.681881 4.253886 -6.305997 0.122625 39.157454 -1.788071 2.517488
Car -1 -1 1.268025 672.394897 290.573639 796.497192 370.878723 1.233958 1.418169 4.325060 -5.817507 -4.505071 65.575397 1.179542 1.007583
Car -1 -1 1.409647 569.520691 249.448853 667.707336 326.359406 1.439800 1.702716 4.253307 -9.625395 -6.121156 74.054172 1.280394 0.967171
Car -1 -1 -1.514773 362.981476 864.300476 649.118652 1076.052734 0.883771 1.817123 4.264086 -3.471480 3.781438 21.143739 -1.677506 2.475073
Car -1 -1 2.969964 1421.543945 332.819672 1667.955566 415.372711 1.317001 1.874988 4.576029 12.212964 -3.086057 59.287946 -3.110069 2.391186
Car -1 -1 2.922961 1419.782715 305.022003 1633.130615 380.560791 1.355763 1.865309 4.254179 12.932628 -4.100070 64.936112 3.119549 0.963775
Car -1 -1 1.682199 448.131378 223.778427 519.372620 278.560333 1.256356 1.620664 4.255385 -15.875808 -8.724635 89.363912 1.506380 0.694805
Car -1 -1 1.791561 0.000000 497.081268 117.516243 687.631653 1.296739 1.812584 4.230325 -12.429181 1.007690 35.168957 1.451848 2.517278
Car -1 -1 -1.615575 883.587158 187.325516 930.673401 228.392380 1.245957 1.660851 4.263239 -2.914789 -13.450043 117.825792 -1.640308 0.525667
Car -1 -1 -1.563250 726.090210 149.062485 764.519409 186.208130 1.547248 1.821622 4.303252 -12.048589 -18.531359 145.267382 -1.646001 0.334007
Car -1 -1 1.647286 561.515503 207.860077 619.009399 260.866058 1.329642 1.675334 4.258600 -13.505294 -10.067652 97.345590 1.509430 0.745368
Car -1 -1 1.698178 542.485107 151.349106 584.461853 183.210373 1.271241 1.611334 4.255361 -22.381356 -19.367596 150.427204 1.550477 0.391972
Car -1 -1 1.653588 586.423035 182.704163 643.928406 234.435089 1.574154 1.787605 4.246509 -14.333971 -12.326752 110.127580 1.524158 0.489278
Car -1 -1 1.648352 600.047913 116.936264 633.072815 145.300674 1.591564 1.927675 4.280144 -26.188263 -28.471678 201.333924 1.519004 0.246219
