Car -1 -1 1.757351 160.353485 268.825317 276.458923 351.167999 1.201767 1.706836 4.250356 -17.280248 -4.887495 64.674575 1.496262 1.564361
Car -1 -1 1.821090 1.940774 235.443817 77.349739 318.067993 1.527241 1.799405 4.263179 -24.478189 -6.170340 72.108133 1.493832 0.856937
Car -1 -1 1.750890 239.721054 239.109161 333.597321 310.558075 1.244417 1.472249 4.226812 -17.476912 -6.347190 72.043338 1.512898 1.410916
Car -1 -1 1.740110 161.507690 221.745438 256.888580 291.805725 1.314593 1.666366 4.260212 -21.553100 -7.534848 79.685388 1.475953 1.146486
Car -1 -1 1.788364 112.297310 167.148209 190.611023 221.114426 1.509695 1.696895 4.266720 -29.980361 -11.998552 102.899919 1.504857 0.737720
Car -1 -1 1.734658 241.457260 152.538651 308.723785 207.601181 1.618196 1.693021 4.302014 -26.849544 -13.169596 108.697546 1.492494 0.606622
Car -1 -1 1.765700 173.325455 175.231339 258.399719 236.485931 1.617823 1.828214 4.258009 -25.939393 -10.795288 96.708414 1.503645 0.721015
Car -1 -1 1.822992 0.504709 202.678223 82.780113 260.810638 1.317699 1.713947 4.269322 -29.842299 -9.334506 89.787343 1.502112 0.982544
Car -1 -1 1.710915 344.033234 152.283096 409.959747 203.014282 1.596332 1.903295 4.251301 -23.294701 -13.545844 110.808111 1.503707 0.797254
Car -1 -1 1.741476 247.073776 140.597672 303.319244 181.827942 1.479153 1.657523 4.253946 -30.961642 -16.108528 125.207768 1.499057 0.254689
