Car -1 -1 -0.384641 1471.960938 393.662933 1739.189209 498.505524 1.443215 1.845467 4.103060 12.915150 -1.537899 42.627108 -0.090453 4.730383
Car -1 -1 2.923050 1009.167480 373.673645 1250.606445 468.881653 1.343723 1.863576 4.302356 3.829856 -2.155731 44.621902 3.008669 4.748512
Car -1 -1 -0.018128 654.683899 382.603729 945.551819 502.421875 1.610965 1.944174 4.902078 -2.668367 -1.425226 40.958653 -0.083184 3.906642
Car -1 -1 1.928116 39.652470 249.323227 158.022430 323.620697 1.528929 1.578008 4.462932 -25.325273 -7.240143 66.030646 1.561881 0.848000
Car -1 -1 2.872966 1384.802368 354.296204 1640.678955 456.919922 1.570198 1.918622 4.645113 12.053492 -2.467853 46.353141 3.127368 2.896375
Car -1 -1 1.869926 163.763748 249.004654 269.912262 326.069916 1.599504 1.592250 4.263179 -21.524872 -7.074157 65.289797 1.551465 1.335128
Car -1 -1 -0.734371 687.431580 322.182312 858.901245 403.138855 1.184558 1.660654 3.914196 -4.042554 -4.065600 52.226699 -0.811621 1.683035
Car -1 -1 1.842301 250.853821 237.395859 334.815613 294.178406 1.297325 1.314312 4.224311 -21.534212 -8.814068 72.891552 1.555044 1.385189
Car -1 -1 1.825820 311.153046 252.843475 404.805084 318.631073 1.389125 1.600705 4.238102 -17.661087 -7.375852 66.516042 1.566292 1.432043
Car -1 -1 3.073687 584.543335 370.669952 817.337280 472.919281 1.348265 1.898089 4.415523 -4.941722 -2.116079 44.560362 2.963239 1.022357
Car -1 -1 1.823890 317.712769 217.046799 393.518311 269.041656 1.356309 1.500092 4.258631 -21.544836 -10.591850 80.747445 1.563147 0.759506
Car -1 -1 -1.615478 945.083069 147.904541 980.330261 178.607834 1.366642 1.908565 4.250144 1.298007 -21.927483 130.288486 -1.605516 0.486842
