Car -1 -1 -0.343115 353.668884 396.425323 615.961182 514.981873 1.425490 1.842658 4.087369 -9.202971 -1.420976 50.372250 -0.523821 4.055270
Car -1 -1 -1.381216 857.391174 357.043060 991.576599 464.719238 1.411330 1.752147 4.521090 -1.344034 -2.577165 56.625211 -1.404947 1.092696
Car -1 -1 1.789056 268.581329 294.827698 375.973389 381.649719 1.596128 1.586876 4.240870 -17.045801 -5.029519 70.500810 1.551827 1.260046
Car -1 -1 0.242220 1.935310 460.278229 305.251709 581.663330 1.462302 1.842153 4.193367 -13.577489 -0.135272 44.496296 -0.053943 3.368606
Car -1 -1 -0.011763 785.966431 456.918976 1087.083130 573.528931 1.393452 1.830026 4.431069 -0.914753 -0.273797 44.656471 -0.032244 4.671817
Car -1 -1 -1.526490 705.936890 797.761536 929.866577 1045.146118 0.705733 1.633006 4.224304 -1.453067 3.149342 24.349740 -1.586095 3.358645
Car -1 -1 1.909978 75.683014 280.067108 186.026749 345.032227 1.326583 1.510151 4.273472 -24.531770 -6.544761 78.825608 1.608264 0.943187
Car -1 -1 1.738528 400.037567 300.781311 500.863007 375.923737 1.342937 1.721696 4.248651 -13.973978 -5.231742 71.437826 1.545357 1.176005
Car -1 -1 -1.781940 1371.972900 802.778992 1694.366821 1062.448486 0.690479 1.695008 4.594330 4.603810 3.214966 24.293734 -1.594655 3.754439
Car -1 -1 -2.148441 1478.802979 288.170105 1664.116089 384.184631 1.761938 1.685281 4.863732 14.416447 -4.931148 69.500656 -1.943913 0.767065
Car -1 -1 -1.405526 248.160156 823.466064 564.991333 1079.633423 1.094058 1.792159 4.243754 -4.887127 3.723404 23.737469 -1.608572 3.886884
Car -1 -1 1.701297 528.900391 299.374969 613.631348 372.520721 1.274034 1.602576 4.243828 -10.870367 -5.315164 71.504611 1.550429 1.026770
Car -1 -1 0.123885 1.405673 423.046661 111.845749 533.493164 1.351281 1.836636 3.717986 -16.955294 -0.914863 46.826568 -0.223517 0.808301
Car -1 -1 -2.245225 1438.423950 317.552429 1634.667114 391.850647 1.326360 1.668899 4.681828 13.359037 -4.647948 67.312688 -2.049309 0.662289
Car -1 -1 -1.645580 1159.811523 169.466583 1196.838135 202.964691 1.531464 1.820316 4.225075 9.655439 -18.465284 142.585531 -1.577966 0.129878
