Car -1 -1 0.098480 458.037659 457.044128 762.908752 570.462463 1.339420 1.857811 4.349099 -6.132178 -0.327279 44.661336 -0.037971 4.189701
Car -1 -1 -1.735555 1286.806152 697.859924 1517.981323 899.392273 0.816364 1.540126 4.228349 4.150869 2.506084 28.617508 -1.591513 4.165128
Car -1 -1 -1.610097 1004.549805 716.944885 1237.977661 961.239441 1.016764 1.909621 4.252721 1.130961 2.781536 26.324268 -1.567161 2.703722
Car -1 -1 -1.534297 745.917908 746.474548 947.493774 966.649170 0.747606 1.653511 4.263728 -1.311234 2.823558 26.228500 -1.584248 2.184676
Car -1 -1 -0.393615 481.747101 357.725433 748.211182 473.277771 1.563172 1.878149 4.532298 -7.534731 -2.307789 54.910590 -0.529981 2.631852
Car -1 -1 1.800964 273.965637 293.120117 377.053558 380.014435 1.587460 1.530878 4.235736 -17.009354 -5.092952 70.695652 1.564853 1.210940
Car -1 -1 -1.600005 961.066467 227.004761 1016.726379 277.005585 1.340970 1.820597 4.249997 -0.143506 -10.607532 100.630354 -1.601431 0.923066
Car -1 -1 1.724555 510.123352 315.488342 599.813171 387.544250 1.215628 1.422778 4.231828 -10.757600 -4.712891 68.225022 1.568165 1.461420
Car -1 -1 1.741649 393.856201 304.378754 497.747101 383.428497 1.320970 1.702534 4.250765 -13.973591 -5.051892 70.787702 1.546753 1.046268
Car -1 -1 1.676352 611.804810 199.078415 664.301819 241.082031 1.354292 1.624699 4.248211 -15.036373 -13.753744 117.194988 1.548747 0.747147
Car -1 -1 -1.584710 994.076233 138.393051 1023.492126 166.928268 1.526870 1.771046 4.257592 1.129414 -26.562571 186.982285 -1.578670 0.315200
Car -1 -1 1.804999 277.231110 228.827591 350.898834 279.594421 1.396953 1.662175 4.234263 -24.903960 -10.652840 101.685926 1.564816 0.786604
Car -1 -1 -1.563836 937.490601 133.015289 966.066284 159.711868 1.525916 1.747020 4.242795 -2.837171 -27.484391 190.321767 -1.578742 0.307075
Car -1 -1 1.656762 663.480774 288.506744 738.880005 354.096222 1.272770 1.583425 4.257145 -7.949119 -6.044112 75.571583 1.551961 1.174635
Car -1 -1 1.630314 640.698425 315.980286 727.224121 389.643494 1.219786 1.684197 4.247427 -7.597532 -4.728949 68.466252 1.519799 1.309548
Car -1 -1 -1.546181 898.455566 126.636635 925.781250 153.184937 1.527907 1.800851 4.243145 -5.860396 -29.680203 202.110058 -1.575169 0.283151
Car -1 -1 1.637437 810.644287 130.887711 839.183533 157.080063 1.467867 1.682799 4.218488 -12.112061 -29.121616 199.700758 1.576860 0.282494
Car -1 -1 -1.669338 1127.687500 162.332718 1171.410522 199.256378 1.585316 1.893288 4.280748 8.226855 -19.038533 145.048632 -1.612681 0.251945
Car -1 -1 1.649064 722.083069 219.075974 780.179626 272.947876 1.438968 1.653828 4.253222 -8.659395 -10.604087 99.213322 1.562004 0.626945
