Car -1 -1 -1.415843 188.320694 735.659729 466.036560 972.230713 0.680462 1.612045 4.269157 -5.950497 2.687104 24.395830 -1.655086 4.383960
Car -1 -1 -1.543270 726.357178 454.652435 859.175964 581.232483 0.963488 1.757991 4.266648 -3.448455 -0.161742 42.278984 -1.624654 2.214602
Car -1 -1 -1.556606 802.404236 305.875702 883.189697 388.565216 1.199380 1.574667 4.242707 -4.031508 -3.996052 63.770499 -1.619741 2.055124
Car -1 -1 1.753751 316.434845 207.129913 400.564758 276.399597 1.612846 1.645164 4.272122 -21.192638 -8.805846 89.375789 1.520932 0.750464
Car -1 -1 -1.517732 789.255981 233.565994 848.284668 286.626404 1.141183 1.628054 4.277285 -6.380971 -8.481096 89.417842 -1.588972 0.927356
Car -1 -1 1.789866 208.130219 188.721573 280.074280 238.340576 1.343960 1.591648 4.266511 -29.504028 -11.752787 106.003162 1.518405 0.872021
Car -1 -1 -1.648825 948.950928 258.329865 1017.392029 322.702667 1.246738 1.547848 4.255243 -1.074156 -6.757190 81.026853 -1.662081 1.262235
Car -1 -1 1.758229 266.431976 193.239777 339.575287 249.885849 1.497283 1.644727 4.248050 -25.558176 -10.636643 99.307124 1.506331 0.704536
Car -1 -1 -1.579689 940.719788 189.806198 992.474548 234.997147 1.390301 1.879950 4.233353 -2.141225 -12.933295 116.133961 -1.598125 0.672860
Car -1 -1 0.288805 500.765900 207.162262 648.938721 261.057495 1.416249 1.869367 4.448557 -15.441437 -9.954972 96.845543 0.130691 0.913252
Car -1 -1 -1.575841 863.975159 204.351486 912.969238 249.080521 1.249932 1.614440 4.251869 -5.024636 -11.472439 107.356707 -1.622610 0.630191
Car -1 -1 -1.547409 810.240601 171.947281 853.294922 215.225357 1.456483 1.711648 4.293666 -8.098269 -14.222912 120.753497 -1.614374 0.425737
Car -1 -1 1.709364 414.908691 159.400406 468.040619 198.475021 1.304850 1.669839 4.250562 -26.403965 -15.707962 127.316540 1.504874 0.550470
Car -1 -1 -1.576287 882.359741 139.447433 912.926331 168.995300 1.483772 1.651716 4.336376 -7.337952 -22.488570 169.390266 -1.619580 0.142565
Car -1 -1 1.752005 311.878265 160.490112 372.582733 206.899872 1.459719 1.628281 4.322673 -29.525353 -14.708040 121.364741 1.513363 0.284394
Car -1 -1 -1.559133 835.633911 161.115509 874.095886 197.954773 1.282238 1.680391 4.265069 -8.129531 -17.193194 138.710221 -1.617674 0.253526
