Car -1 -1 -1.539539 441.896729 447.685516 594.851990 637.073730 1.564129 1.825662 4.233209 -6.104696 0.345097 32.051392 -1.727751 3.189512
Car -1 -1 -1.971446 282.553223 393.451752 467.181549 526.013977 1.315813 1.380306 4.218876 -10.011016 -1.192197 38.530867 -2.225643 1.662919
Car -1 -1 -1.370526 260.641174 692.767029 517.680664 902.928711 0.680821 1.670756 4.229115 -5.732093 2.533576 23.326684 -1.611483 3.757310
Car -1 -1 1.197287 387.224792 328.853241 536.095825 441.599670 1.507092 1.423840 4.378263 -10.187371 -2.923954 46.424437 0.981271 0.937836
Car -1 -1 1.741223 509.405304 214.072311 579.531372 265.773285 1.325375 1.734983 4.252565 -14.733530 -10.823894 81.529420 1.562438 0.977324
Car -1 -1 -2.036719 1379.006104 240.802719 1491.228394 309.174072 1.509473 1.530365 4.516241 15.786869 -8.086995 70.060686 -1.815089 0.968157
Car -1 -1 1.765262 440.215454 197.440659 503.858032 245.209000 1.371771 1.536676 4.241698 -19.315379 -12.732851 90.256876 1.554438 0.885742
Car -1 -1 1.787920 355.808807 197.298920 421.906067 242.536743 1.321109 1.564037 4.239900 -22.840671 -12.884639 90.677105 1.541163 0.709987
Car -1 -1 1.698469 344.054779 304.791748 440.595245 389.949341 1.252551 1.541755 4.240865 -13.241193 -4.411045 52.832003 1.452899 0.824495
Car -1 -1 1.734883 532.802124 171.967468 584.222046 212.157791 1.393285 1.736659 4.243062 -18.562125 -16.450919 106.348638 1.562083 0.670112
Car -1 -1 1.733228 381.117004 273.522583 470.216919 341.761017 1.232766 1.556971 4.248792 -14.338495 -6.214830 61.007237 1.502388 1.431224
Car -1 -1 1.754270 495.443298 159.753510 544.040588 199.596085 1.628689 1.457878 4.379939 -21.933828 -18.222730 114.142446 1.564423 0.448183
Car -1 -1 1.658174 651.653198 119.202599 682.910278 143.993500 1.458294 1.679228 4.220097 -21.417284 -31.276114 171.096904 1.533646 0.138927
