Car -1 -1 2.713180 527.320984 403.856567 830.736633 516.892151 1.223785 1.847772 4.338686 -5.790935 -1.005313 47.431258 2.591690 3.959394
Car -1 -1 2.710052 1738.236572 360.644836 1924.366455 463.282715 1.580160 1.816243 3.924303 16.909939 -2.019595 56.151070 3.002564 1.035308
Car -1 -1 -1.681110 1051.958252 793.558838 1324.198975 1045.145142 0.626925 1.650690 4.256761 1.344732 3.117499 23.862343 -1.624815 3.756231
Car -1 -1 2.639913 1069.400146 385.015015 1326.694580 486.113281 1.290613 1.845710 3.979457 3.319386 -1.530626 51.627878 2.704119 4.373791
Car -1 -1 -3.047291 701.381226 314.433105 914.286865 405.821411 1.505180 1.830008 4.267525 -4.601532 -3.366988 60.795998 -3.122835 2.776796
Car -1 -1 2.668195 0.000000 397.306335 272.194580 544.498474 1.422148 1.870143 4.908681 -14.765393 -0.669176 44.104898 2.345144 1.628209
Car -1 -1 -1.535051 644.872620 765.117737 873.525574 1000.491516 0.572747 1.684058 4.253752 -2.238236 2.855538 24.343675 -1.626737 5.686768
Car -1 -1 -1.388046 137.176788 797.776855 460.053345 1058.208252 0.679156 1.682361 4.246373 -5.955965 3.160636 23.440878 -1.636865 3.366826
Car -1 -1 -1.811860 1529.409424 847.766052 1903.625244 1078.339600 1.090057 1.936599 4.224649 5.638778 3.935686 22.917622 -1.570606 3.651331
Car -1 -1 -3.122516 837.984253 286.169342 1027.006348 381.867706 1.772111 1.892960 4.252993 -2.115676 -4.165088 66.089530 3.128668 1.466998
Car -1 -1 1.805226 194.293640 214.372787 280.587646 271.358917 1.318264 1.595954 4.242701 -25.292457 -9.014582 90.200645 1.531844 0.803925
Car -1 -1 1.766842 321.127960 212.941132 405.840576 275.690887 1.366491 1.654039 4.260682 -21.021692 -8.851692 89.398428 1.535892 0.859365
Car -1 -1 1.728517 281.362274 189.361526 358.801056 252.845062 1.658378 1.681295 4.332473 -24.626656 -10.435405 98.211476 1.482831 0.587043
Car -1 -1 1.811848 162.254257 196.700058 231.154327 247.277527 1.325593 1.347748 4.257542 -29.543635 -10.710196 99.651799 1.523634 0.626335
Car -1 -1 1.765081 223.292969 179.980438 287.038300 225.557053 1.317898 1.456089 4.274879 -30.264670 -12.609534 109.967082 1.496515 0.707559
