Car -1 -1 2.623559 1218.816895 411.713287 1541.291992 565.540222 1.767056 1.946335 4.517957 6.347198 -0.558998 45.453667 2.762303 3.537793
Car -1 -1 0.329371 0.000000 462.748077 248.935608 585.293030 1.405707 1.815420 3.980089 -13.837895 -0.113086 43.154222 0.019068 2.552372
Car -1 -1 -1.512708 700.558350 850.996643 932.737122 1079.700317 1.029864 1.613389 4.209633 -1.381326 3.850074 23.314609 -1.571886 3.922077
Car -1 -1 -1.749959 1334.108154 758.729919 1607.876831 980.459595 0.682948 1.649665 4.388749 4.411576 2.887125 26.173397 -1.582977 2.689926
Car -1 -1 -0.160298 59.762791 405.217712 305.160858 502.752441 1.254867 1.845898 3.949195 -15.267322 -1.579309 51.883611 -0.446481 2.389350
Car -1 -1 2.772018 1760.110840 417.350464 1918.167725 534.294556 1.508844 1.865558 4.056637 15.413204 -0.892905 46.791676 3.090225 0.833181
Car -1 -1 1.785636 256.338654 298.212402 360.196411 388.456818 1.631472 1.577022 4.240863 -17.004817 -4.756747 68.933541 1.543780 1.088579
Car -1 -1 -1.655668 1046.272217 838.864502 1323.266113 1080.000000 0.998265 1.789554 4.394102 1.508620 3.742634 23.414392 -1.591326 2.115993
Car -1 -1 1.719883 509.576508 309.421722 603.412048 380.423737 1.219126 1.501065 4.239478 -11.130813 -5.066186 70.720234 1.563771 1.175892
Car -1 -1 1.719832 392.840790 312.420074 491.172638 384.261597 1.196866 1.571354 4.258262 -13.743957 -4.859613 69.088446 1.523463 1.112689
Car -1 -1 1.654949 639.547729 299.001984 728.864929 376.882843 1.352865 1.728408 4.268857 -7.823754 -5.163188 70.551101 1.544506 1.128230
Car -1 -1 1.709363 554.164124 266.598297 635.387329 353.826904 1.720325 1.388936 4.545637 -10.990807 -6.267995 76.931138 1.567457 0.585524
Car -1 -1 1.665720 659.445435 260.176788 742.455994 333.144196 1.494217 1.862221 4.244287 -8.374542 -6.962811 79.634836 1.560944 1.307123
Car -1 -1 1.744455 441.333374 284.225128 525.835205 351.446442 1.261617 1.375649 4.244421 -14.088274 -6.231350 76.730944 1.562871 1.325111
Car -1 -1 1.673741 600.330872 249.328171 666.359802 311.403168 1.452606 1.470474 4.247869 -11.244204 -8.105745 86.273018 1.544138 0.721780
Car -1 -1 1.734700 493.724823 259.111359 570.314575 318.457123 1.257730 1.456831 4.244560 -14.051250 -7.762152 84.400292 1.569730 0.867116
Car -1 -1 1.711825 556.243591 234.684402 623.391968 287.579132 1.223324 1.462164 4.251968 -13.731623 -9.679477 94.368821 1.567328 0.580371
Car -1 -1 1.701187 525.767456 205.556122 581.700806 246.615524 1.241913 1.500889 4.246395 -17.942033 -13.109258 113.331514 1.544175 0.406273
Car -1 -1 -1.628246 1094.787109 140.222260 1127.780640 166.278366 1.510902 1.938174 4.241930 8.142812 -27.067717 189.810860 -1.585373 0.085095
