Car -1 -1 -1.510841 651.972778 768.318359 885.745972 1027.429932 0.885337 1.763702 4.238313 -1.937111 3.109031 25.112765 -1.587825 3.225048
Car -1 -1 -2.567448 1568.898926 333.405121 1807.727173 416.418030 1.158789 1.848507 4.730087 16.002832 -3.896521 63.883990 -2.322001 1.438865
Car -1 -1 -1.644924 1023.945923 828.818237 1294.337036 1078.914185 1.218209 1.776043 4.265826 1.281638 3.823229 23.182408 -1.589695 2.384825
Car -1 -1 -1.780041 1346.702271 790.057617 1652.074585 1061.880859 0.902103 1.631313 4.234238 4.318721 3.261351 24.281691 -1.604022 3.240168
Car -1 -1 1.715811 511.409912 293.127563 607.985962 379.763336 1.544199 1.641621 4.244910 -10.960042 -5.068192 70.166166 1.560862 1.207173
Car -1 -1 1.785407 264.267731 295.673370 366.845337 376.826904 1.452883 1.499528 4.249514 -17.207744 -5.145634 70.410804 1.545714 1.180384
Car -1 -1 1.651120 650.362244 288.809540 737.966064 375.112396 1.570796 1.778004 4.246926 -7.591448 -5.207426 70.683249 1.544129 1.116773
Car -1 -1 1.745438 395.276184 295.591492 488.177704 372.572876 1.372249 1.522334 4.245226 -14.244415 -5.338921 71.693941 1.549308 1.202964
Car -1 -1 2.063416 0.780350 290.115051 94.151077 381.075500 1.665919 1.614962 4.448565 -25.509809 -5.209642 72.245988 1.723985 1.122044
Car -1 -1 1.722215 464.692474 261.784882 552.013184 332.350983 1.506626 1.795069 4.249858 -14.326561 -7.185992 82.024569 1.549297 1.168526
Car -1 -1 1.767742 341.291138 273.146210 432.613190 347.599396 1.549628 1.520700 4.242656 -16.752054 -6.297105 76.619739 1.552490 1.205991
Car -1 -1 1.689131 564.594910 277.823761 639.842712 346.973969 1.332343 1.458051 4.250383 -10.874421 -6.389093 77.156624 1.549114 0.741858
Car -1 -1 -1.586639 999.847961 161.913849 1037.308838 199.233139 1.541657 1.816824 4.249063 1.392677 -19.352466 147.344938 -1.577187 0.444962
Car -1 -1 -1.549340 875.671936 142.402115 906.967163 171.207108 1.419526 1.769390 4.228897 -6.410242 -24.576871 174.760117 -1.586003 0.439678
Car -1 -1 -1.575442 941.019104 146.477356 972.342407 174.480194 1.428699 1.731994 4.260583 -2.288566 -24.651613 176.695947 -1.588393 0.295057
Car -1 -1 -1.565441 988.081604 136.421448 1015.402893 161.770874 1.423449 1.800613 4.252990 0.641571 -28.106421 195.368861 -1.562157 0.258388
Car -1 -1 -1.593719 967.895264 130.247635 995.263977 154.912231 1.578925 1.752549 4.272635 -0.763849 -30.192331 206.863107 -1.597412 0.152589
Car -1 -1 1.628296 731.727112 217.495392 790.663818 276.013336 1.701450 1.745163 4.240629 -8.125138 -10.239707 97.366920 1.545041 0.452683
Car -1 -1 1.655397 713.206055 242.066010 775.510620 298.370331 1.275924 1.553701 4.239115 -8.149206 -9.019366 91.061362 1.566143 0.419272
