Car -1 -1 -1.683148 1013.148315 620.796448 1293.149414 898.675598 0.874246 1.812608 4.312512 1.487068 2.032683 24.197935 -1.621771 2.721524
Car -1 -1 -1.393828 189.765045 630.867493 459.569794 856.063721 0.603061 1.485979 4.257593 -5.708520 1.837806 24.917109 -1.619041 2.878099
Car -1 -1 -1.834907 1377.019165 623.414490 1701.489868 890.077515 0.812251 1.570129 4.303522 4.932904 2.011493 24.771506 -1.638342 3.555958
Car -1 -1 -1.525109 526.984985 699.563354 789.171387 982.069092 0.646390 1.758322 4.288919 -2.423155 2.391719 22.304437 -1.633325 3.097568
Car -1 -1 1.730172 358.647003 120.314362 438.073242 183.132996 1.281720 1.499854 4.256305 -17.309944 -10.730445 83.886272 1.526678 0.996563
Car -1 -1 1.858837 0.342006 123.979149 87.423172 199.203400 1.607518 1.879825 4.268980 -27.928624 -10.129421 82.552714 1.532611 0.773431
Car -1 -1 -1.337070 2.036022 843.958252 349.784576 1079.260864 1.132082 1.948705 4.271551 -5.555786 3.686699 18.483324 -1.629062 2.981004
Car -1 -1 1.803380 135.857574 123.068192 223.411346 185.700729 1.289566 1.366543 4.251870 -23.999337 -10.692861 84.085678 1.525357 1.164174
Car -1 -1 1.756628 288.278503 112.486519 363.455505 168.736862 1.234983 1.411375 4.270391 -20.612107 -11.712723 88.544173 1.527913 1.059037
Car -1 -1 1.787696 188.676010 100.894562 270.409393 161.905853 1.407672 1.481120 4.257215 -24.683209 -12.443329 92.262556 1.526285 0.876423
Car -1 -1 1.729235 407.360596 108.862411 476.782776 163.155029 1.204988 1.379750 4.249309 -17.295266 -12.172874 90.661949 1.540733 0.930895
Car -1 -1 1.801641 66.545326 115.464165 153.124802 173.348679 1.232721 1.403544 4.265362 -27.820409 -11.751213 89.558165 1.500451 1.083566
Car -1 -1 1.759290 296.213165 72.592812 358.811554 118.553520 1.309167 1.439065 4.255443 -25.093655 -15.997585 107.868251 1.530723 0.683971
Car -1 -1 1.724338 433.792023 93.239471 495.762268 145.765594 1.243594 1.337824 4.247220 -17.624909 -13.558733 96.662695 1.543985 0.729092
Car -1 -1 1.705052 371.825989 77.208313 440.515076 129.720016 1.326439 1.658919 4.247663 -21.222644 -15.233730 104.326221 1.504365 0.537074
Car -1 -1 -2.462230 1492.806152 119.380615 1634.393311 175.151215 1.311381 1.816228 4.006104 18.049045 -10.897526 84.333116 -2.251390 1.058958
Car -1 -1 1.766026 238.294037 93.197670 307.511841 146.590271 1.262897 1.391975 4.274305 -24.982347 -13.896322 99.073411 1.519015 0.643364
Car -1 -1 1.777591 248.837189 64.241875 304.659332 102.477531 1.199478 1.318700 4.247304 -30.118543 -18.445886 120.269776 1.532213 0.512628
Car -1 -1 -1.921036 1542.463501 877.896057 1924.333008 1080.000000 1.126755 2.044997 4.408484 5.511712 4.004030 18.486594 -1.631280 2.456734
Car -1 -1 1.696211 464.695679 70.039780 526.509766 126.349449 1.440080 1.480381 4.309918 -17.757855 -15.204532 103.556370 1.526383 0.618071
Car -1 -1 1.839754 1.377072 90.567169 72.983887 136.634323 1.249557 1.658857 4.265494 -35.489016 -14.866925 104.370009 1.511988 0.431048
Car -1 -1 1.801673 162.056366 81.506813 231.371887 128.678375 1.258918 1.289280 4.263399 -28.889361 -15.003373 103.407912 1.529246 0.328774
