Car -1 -1 2.791806 1555.661011 285.265411 1736.164185 350.565033 1.372197 1.840598 4.001986 18.810110 -6.002438 60.783653 3.091919 3.069990
Car -1 -1 2.922854 1330.065063 257.185120 1481.411011 314.629517 1.407987 1.825752 4.179235 14.009039 -7.993816 70.312099 3.119520 2.703860
Car -1 -1 -1.513417 739.294250 739.003906 967.598145 985.922607 0.567353 1.685259 4.257286 -0.971486 2.658742 20.035907 -1.561866 4.205423
Car -1 -1 -1.404042 468.407318 636.291077 712.462341 853.089661 0.815048 1.679010 4.256938 -3.915918 2.011505 23.254475 -1.570871 4.435602
Car -1 -1 -2.752312 0.000000 251.874710 159.433197 318.134735 1.628040 1.862725 4.470128 -28.117117 -7.657377 68.230506 3.139988 0.732418
Car -1 -1 -1.680042 1110.031616 819.460999 1383.658569 1080.000000 0.755221 1.729598 4.218290 2.279393 3.467412 18.973075 -1.560477 3.848221
Car -1 -1 1.706068 597.987183 206.714188 664.537415 261.072205 1.606399 1.933826 4.284657 -13.827882 -12.220879 89.116855 1.552130 0.721484
Car -1 -1 1.665020 687.435608 204.388611 744.121582 257.425385 1.603012 1.733963 4.482726 -10.539640 -12.552815 90.549434 1.549145 0.471712
Car -1 -1 -1.723771 1027.231934 213.256104 1079.932861 254.353027 1.191731 1.733200 4.274885 3.770434 -13.834654 98.559386 -1.685534 0.644470
Car -1 -1 1.639692 711.359619 194.322662 757.576782 237.730072 1.462988 1.685044 4.259391 -10.998856 -14.961065 101.981848 1.532257 0.580971
Car -1 -1 0.169996 1298.337769 156.834076 1372.712769 188.046463 1.572620 1.838222 4.036504 23.507505 -23.475352 140.627430 0.335626 0.123096
Car -1 -1 1.645718 736.901550 191.642258 776.942627 226.691071 1.263759 1.535532 4.253751 -10.302495 -16.042255 106.495057 1.549277 0.338112
