Car -1 -1 -1.831707 1471.869507 395.807281 1638.823730 502.736206 1.080435 1.543895 4.572570 10.144335 -1.409508 50.163086 -1.632171 1.366146
Car -1 -1 -1.714296 1122.440552 428.984314 1292.047241 584.248840 1.318158 1.695277 4.648126 3.237987 -0.171347 42.281545 -1.637864 2.130233
Car -1 -1 -1.597566 902.717896 538.823181 1064.499512 690.862366 0.928304 1.714510 4.248209 -0.134772 1.053425 35.849824 -1.601325 2.198937
Car -1 -1 -1.518276 741.191528 401.726105 872.166931 525.659729 1.318499 1.910056 4.286039 -3.115293 -0.963607 47.574941 -1.583664 2.205799
Car -1 -1 -1.433061 226.346130 672.092041 489.547791 915.008484 0.981211 1.685502 4.219277 -5.890251 2.465936 26.293637 -1.653441 2.592600
Car -1 -1 -1.656886 1095.822998 322.880859 1216.334229 442.759186 1.589939 1.821484 4.624695 3.333879 -2.685514 56.871254 -1.598332 0.964502
Car -1 -1 1.827846 159.317398 256.704681 261.445465 320.297607 1.291340 1.579594 4.283441 -23.199300 -7.005010 82.605503 1.554054 0.799230
Car -1 -1 -1.899191 1715.376343 549.127197 1919.375732 739.783447 1.271226 1.549753 4.110228 10.327923 1.480065 33.737494 -1.602124 3.634877
Car -1 -1 -1.566785 929.943359 264.149048 997.898865 326.543701 1.251011 1.733026 4.261630 -0.820068 -6.736219 81.459565 -1.576851 1.186076
Car -1 -1 -1.652330 1050.049561 276.806183 1125.164673 342.261322 1.202700 1.581140 4.264902 2.655446 -5.960704 76.851552 -1.617790 1.004112
Car -1 -1 1.727195 450.427002 239.700653 530.073303 294.909821 1.265593 1.687641 4.251394 -16.130336 -8.285924 89.453798 1.548791 0.689323
Car -1 -1 -1.548774 849.939392 217.510315 902.734680 265.478424 1.286831 1.713645 4.242962 -4.289163 -10.634196 104.210402 -1.589910 0.841690
Car -1 -1 -1.673138 1296.717407 274.451416 1373.893799 333.758881 1.130640 1.631011 4.282923 9.959880 -6.451885 80.453509 -1.549968 0.935820
Car -1 -1 -1.573994 943.015991 177.640076 984.826660 218.590805 1.547596 1.783765 4.260893 -1.311467 -15.702247 133.986733 -1.583782 0.596411
Car -1 -1 -1.570717 945.476013 220.966415 996.115051 266.564392 1.191776 1.567941 4.254426 -0.768526 -10.497989 103.325732 -1.578154 0.713000
Car -1 -1 -1.603399 1058.788818 239.791718 1117.821167 290.297028 1.143846 1.692660 4.238584 3.260018 -8.833965 93.793129 -1.568655 0.859373
Car -1 -1 1.668680 579.372803 169.486465 626.587463 220.890884 2.020439 1.634667 4.561250 -18.645400 -15.556388 133.495519 1.529907 0.230151
Car -1 -1 -1.547516 859.520935 185.758820 902.360291 223.537125 1.343742 1.783845 4.272055 -5.063825 -14.765173 127.992701 -1.587059 0.419511
Car -1 -1 -1.583856 1002.786072 172.105301 1042.877686 206.340668 1.375996 1.795214 4.261263 1.689308 -17.518960 144.664183 -1.572179 0.582126
Car -1 -1 1.685206 555.011963 141.063995 593.206848 171.300797 1.486440 1.792392 4.243478 -27.985589 -24.756728 186.374383 1.536162 0.151228
Car -1 -1 1.674678 634.785339 133.540146 666.763062 159.674377 1.560861 1.672885 4.280677 -26.101032 -29.150716 213.353401 1.552946 0.077246
