Car -1 -1 0.107760 394.354126 422.249146 734.208496 546.607361 1.281954 1.904730 4.623003 -5.968872 -0.438795 41.785628 -0.034125 4.468444
Car -1 -1 -1.814937 1302.565186 721.143555 1624.595825 955.712769 0.558631 1.593282 4.646715 4.436294 2.562424 25.273036 -1.641173 2.371167
Car -1 -1 -1.651457 898.319092 675.871033 1152.258179 957.050720 0.872781 1.695388 4.705250 0.464115 2.460419 24.638536 -1.632622 2.303403
Car -1 -1 1.784182 112.740082 228.972839 213.424240 309.738892 1.472102 1.396217 4.259240 -20.893387 -6.437091 72.795887 1.504682 1.145005
Car -1 -1 1.815059 2.563164 236.803543 133.446609 349.810974 1.908468 1.633101 4.280085 -20.832514 -4.943602 65.002597 1.504914 1.100613
Car -1 -1 1.766117 177.676254 212.480560 266.730652 278.873108 1.353650 1.491876 4.262024 -21.425866 -7.910796 80.641121 1.506423 1.343129
Car -1 -1 -1.604526 923.003418 184.727173 979.865906 234.235855 1.218562 1.655224 4.270524 -0.367797 -11.051734 98.123541 -1.608275 0.944934
Car -1 -1 1.788311 91.746033 198.046661 177.874619 262.764954 1.343032 1.575910 4.266965 -25.850513 -9.058689 86.989820 1.499456 0.958457
Car -1 -1 1.746680 239.513351 200.078323 312.951996 255.817978 1.208605 1.320788 4.244858 -21.582296 -9.250202 87.682614 1.505337 0.982093
Car -1 -1 1.770498 210.495071 160.851288 287.327423 215.334747 1.505177 1.695227 4.259000 -26.154817 -12.097536 102.018399 1.519529 0.612207
Car -1 -1 1.736729 288.371246 182.370789 354.629578 237.153931 1.306631 1.412282 4.256229 -21.699130 -10.536885 94.352760 1.510681 0.986663
Car -1 -1 1.780302 130.245819 160.401489 201.509262 210.187897 1.356194 1.631145 4.252749 -30.731956 -12.929737 107.387529 1.501574 0.711180
Car -1 -1 1.839442 72.464096 179.537827 146.748154 229.563995 1.222839 1.258769 4.255028 -30.628399 -11.411694 99.945536 1.542077 0.401696
