Car -1 -1 -1.545104 640.399963 747.029053 872.673767 987.238647 0.681439 1.712928 4.256608 -2.276461 2.804414 24.497904 -1.637763 4.004118
Car -1 -1 0.047386 706.104370 367.945557 976.712158 469.811005 1.349740 1.847101 4.614272 -3.338767 -1.822041 52.136400 -0.016565 3.677202
Car -1 -1 2.780873 1708.920410 356.529602 1919.318970 441.819733 1.345533 1.818020 4.130345 17.358340 -2.595728 60.039412 3.062314 1.295795
Car -1 -1 -1.757178 1422.336060 751.038635 1724.404175 1029.309570 0.853578 1.612330 4.319263 4.731048 3.034096 24.358465 -1.565341 2.940251
Car -1 -1 -0.639317 496.180878 262.274048 663.497925 329.698273 1.229996 1.831117 4.080304 -11.809490 -6.078648 75.077217 -0.795337 1.631080
Car -1 -1 -1.366469 52.565060 818.601624 434.665619 1078.961060 1.109040 1.902720 4.263475 -6.001603 3.652388 22.055659 -1.632148 3.539701
Car -1 -1 2.835674 1604.999023 339.811615 1830.383911 413.545807 1.318031 1.875717 4.262482 15.846249 -3.251009 63.316287 3.080908 1.223433
Car -1 -1 -1.710368 1077.630737 832.893921 1423.236084 1080.000000 1.221928 1.801869 4.265349 1.653909 3.888646 21.683931 -1.634242 3.983780
Car -1 -1 1.752752 329.021637 181.375961 398.014893 228.581284 1.332711 1.697834 4.260721 -25.621913 -12.380504 108.815789 1.521503 0.669022
Car -1 -1 1.800254 190.964722 214.313675 284.518677 276.992493 1.384435 1.716221 4.257511 -24.635946 -8.626436 87.712194 1.526437 0.936397
Car -1 -1 1.800882 120.487465 204.212524 201.181168 261.841339 1.363734 1.495701 4.265193 -29.323994 -9.810672 95.070442 1.501695 0.775998
Car -1 -1 1.798850 152.464279 174.100357 221.705627 222.727081 1.410371 1.476458 4.245551 -32.772412 -12.652080 109.431737 1.507872 0.386463
