Car -1 -1 -1.623999 953.686584 458.237061 1074.081543 579.955322 0.988075 1.704178 4.230276 1.195122 -0.350922 37.083627 -1.591782 2.446291
Car -1 -1 -2.308774 1418.084961 261.990997 1570.629883 328.557678 1.234902 1.734758 4.240151 16.967212 -7.286992 67.375544 -2.062073 1.370732
Car -1 -1 -1.583125 962.081116 192.054230 1007.696350 235.190552 1.301576 1.773532 4.262371 1.967517 -13.924882 95.864368 -1.562603 0.840621
Car -1 -1 1.773063 398.983795 181.386398 468.619904 233.292770 1.706679 1.838754 4.319596 -21.776987 -13.723874 94.124254 1.545699 0.644130
Car -1 -1 1.749721 490.779877 188.849854 551.258972 235.949631 1.443275 1.650155 4.247640 -17.921826 -13.598695 93.689691 1.560715 0.728274
Car -1 -1 -1.625020 1007.763977 160.947861 1052.036255 200.042694 1.506259 1.904417 4.256288 4.672254 -18.348415 114.966253 -1.584403 0.720970
Car -1 -1 -1.564994 878.144287 143.751709 910.471252 172.381927 1.312936 1.770933 4.231990 -2.899866 -23.434308 137.018166 -1.586155 0.607620
Car -1 -1 1.777394 422.870453 160.881500 478.447601 199.458664 1.554051 1.759220 4.286772 -25.510436 -18.220364 114.171360 1.557565 0.436563
Car -1 -1 -1.599191 930.662781 114.733963 953.889587 136.916031 1.488822 1.831102 4.218837 0.113949 -36.013657 194.032355 -1.598604 0.278953
Car -1 -1 1.689354 658.568787 113.820183 686.477478 137.697006 1.648398 1.857030 4.227345 -22.455099 -33.878295 182.543199 1.566956 0.160351
