Car -1 -1 -1.624579 883.263611 533.253967 1068.261963 729.366882 1.064611 1.790028 4.272548 0.086872 1.238547 32.639897 -1.621917 2.905425
Car -1 -1 -1.963147 1296.626465 408.765839 1514.118652 548.610352 1.172509 1.486319 4.572398 6.666142 -0.626448 42.143994 -1.806271 2.083749
Car -1 -1 -1.498924 518.227417 617.674011 737.868591 855.782776 0.970365 1.669859 4.380817 -3.191218 2.027954 27.502561 -1.614441 1.558169
Car -1 -1 -1.506655 596.773804 441.608551 740.469055 570.465027 0.932205 1.679557 4.236616 -4.240862 -0.323299 40.696398 -1.610488 1.963667
Car -1 -1 -1.422011 78.754898 676.341309 384.061005 940.505371 0.881587 1.741805 4.320065 -6.347326 2.416993 24.670934 -1.673829 2.250659
Car -1 -1 -1.833940 1259.523560 694.367371 1592.235596 951.685242 0.747761 1.560159 4.698952 4.096465 2.532678 25.451020 -1.674354 2.464780
Car -1 -1 -2.096203 1665.018921 589.112549 1917.404663 818.595703 1.331476 1.933081 4.484638 10.061131 2.063553 31.147805 -1.783770 1.809774
Car -1 -1 -1.613371 860.166138 346.393921 973.996582 446.323029 1.042908 1.797564 4.270823 -0.890797 -2.396207 52.196916 -1.630436 1.326884
Car -1 -1 -1.682068 1018.773621 333.422272 1133.842651 426.629303 0.987985 1.671304 4.336573 2.181143 -2.847993 54.303687 -1.641924 1.050900
Car -1 -1 -1.698531 939.385193 841.025757 1260.307007 1080.000000 1.044680 1.702489 4.234857 0.913755 3.714923 21.052632 -1.655155 2.416269
Car -1 -1 1.823679 0.022430 278.889587 112.253716 371.430176 1.327576 1.879888 4.342828 -20.430704 -4.268978 61.838653 1.504582 1.102159
Car -1 -1 -1.532898 680.400879 298.908539 776.238525 390.308685 1.113624 1.726843 4.260906 -4.876626 -3.738300 58.530496 -1.616024 1.238788
Car -1 -1 1.881882 1.034941 234.487503 97.423836 308.792450 1.311056 1.610647 4.240112 -24.149192 -6.430112 72.709389 1.561212 1.158552
Car -1 -1 -1.597746 831.367371 157.033524 877.846985 197.942444 1.225032 1.762002 4.276251 -4.395742 -14.164209 114.219155 -1.636212 0.692044
Car -1 -1 1.770678 80.076302 208.108185 172.474823 272.100647 1.330210 1.408724 4.262473 -25.144345 -8.410132 83.744420 1.478991 1.113648
Car -1 -1 1.701231 385.077576 177.208298 452.541595 230.077499 1.338535 1.644401 4.254156 -18.956891 -11.041951 97.085989 1.508399 0.975548
Car -1 -1 1.740517 162.838470 155.538284 225.820190 199.396545 1.358608 1.634252 4.262543 -31.372073 -14.017001 113.558279 1.470976 0.545403
Car -1 -1 1.833707 24.277178 194.973633 104.694008 248.853729 1.245865 1.285311 4.254700 -29.699233 -9.878082 92.023312 1.521525 0.940277
Car -1 -1 1.789779 92.596375 170.853256 163.116943 221.528931 1.297976 1.429887 4.295264 -30.567690 -11.859325 101.808544 1.498095 0.519316
