Car -1 -1 -1.383183 93.623779 726.636414 378.740845 981.891052 0.755452 1.487118 4.227426 -6.192529 2.686118 24.178007 -1.633915 3.257775
Car -1 -1 -2.023200 1570.552979 538.890320 1881.099121 704.243774 0.813600 1.484759 4.799824 8.975164 1.024247 32.999718 -1.757647 1.476312
Car -1 -1 1.827115 43.493881 245.735611 162.809189 332.720154 1.478068 1.585434 4.308661 -21.535687 -5.685719 69.899938 1.528250 0.981184
Car -1 -1 -1.621603 901.714478 293.543060 996.186157 377.978180 1.098687 1.761785 4.278774 -0.303579 -4.113237 61.050045 -1.626575 1.124270
Car -1 -1 1.743866 165.063416 265.146301 285.023163 352.858673 1.370036 1.704225 4.262346 -16.871913 -4.751424 63.781256 1.485261 1.382302
Car -1 -1 1.737788 250.418060 238.017731 339.936188 309.673645 1.275018 1.495535 4.247205 -17.392871 -6.412520 72.664025 1.502848 1.272751
Car -1 -1 1.751747 176.169525 206.096786 270.945343 277.596954 1.457312 1.720030 4.266084 -21.879778 -8.169762 82.521094 1.492569 1.032117
Car -1 -1 1.787501 130.022995 190.607498 213.427063 248.026871 1.347698 1.590356 4.262746 -26.323727 -10.031843 92.716712 1.510865 0.756002
Car -1 -1 1.730763 289.605347 179.032883 365.064636 232.773026 1.282446 1.744975 4.260101 -22.321963 -11.081583 97.791597 1.506347 0.817071
Car -1 -1 1.728257 274.059967 154.325577 336.915863 200.298782 1.347338 1.649167 4.244486 -28.000337 -14.709461 118.587967 1.496389 0.497864
Car -1 -1 1.719292 363.023041 149.731277 420.676941 191.637482 1.311886 1.692866 4.257728 -24.530589 -15.097842 119.549034 1.516909 0.569630
Car -1 -1 1.778850 143.350159 162.115189 214.181946 209.425308 1.303713 1.618099 4.252209 -30.287671 -12.940360 107.482134 1.504180 0.608725
Car -1 -1 -1.585663 819.586304 138.521988 862.840454 177.656250 1.337900 1.785563 4.267518 -5.573329 -16.896741 129.188464 -1.628777 0.445662
