Car -1 -1 0.217346 1370.622070 419.438721 1656.751343 531.310791 1.326750 1.862134 4.312491 9.166382 -1.060708 48.429605 0.404405 4.760671
Car -1 -1 -1.773079 1343.638428 787.131042 1626.887695 1016.973877 0.650281 1.559496 4.259495 4.368595 3.056443 25.202568 -1.601446 3.064523
Car -1 -1 0.768573 954.747375 382.493195 1185.542725 483.685669 1.211031 1.859732 4.343251 1.495988 -2.099273 53.690813 0.796428 1.511872
Car -1 -1 -1.510702 631.340454 834.929932 898.485352 1078.117432 1.394295 1.738428 4.508473 -1.735339 3.997230 22.376587 -1.588099 1.813781
Car -1 -1 -1.649640 1032.244995 827.401917 1291.906982 1079.323608 1.086164 1.752044 4.288526 1.346700 3.725536 23.689562 -1.592853 2.081276
Car -1 -1 1.742872 413.245422 297.237976 508.509644 367.526917 1.287842 1.601591 4.258208 -13.981245 -5.528735 72.964174 1.553549 1.028587
Car -1 -1 1.712995 574.936584 208.884537 634.735291 260.812653 1.482807 1.597352 4.252482 -14.886258 -11.818514 106.381241 1.573965 0.667120
Car -1 -1 1.630942 714.158569 168.792358 757.565674 211.878952 1.760271 1.644602 4.387173 -12.562117 -17.185312 135.445148 1.538460 0.337819
Car -1 -1 1.672463 643.425049 185.701935 689.318787 223.881699 1.313412 1.590768 4.250102 -15.019350 -15.675951 127.314278 1.555035 0.588024
Car -1 -1 -1.605513 996.631531 148.243591 1029.885864 181.534363 1.592435 1.766825 4.261180 1.237287 -22.916390 167.085481 -1.598108 0.310279
Car -1 -1 1.640519 741.044189 142.389938 774.412842 169.267639 1.482601 1.770410 4.258421 -15.291522 -25.434502 180.047640 1.555792 0.269264
