Car -1 -1 -1.116243 1402.065186 405.096039 1622.514404 565.601440 1.496669 1.305754 4.452347 8.967027 -0.212544 35.968288 -0.871920 2.380305
Car -1 -1 -1.499917 544.579407 457.301636 701.162781 612.532959 1.277661 2.015800 4.402349 -5.647799 0.445303 36.485677 -1.653493 2.031862
Car -1 -1 -1.744280 1057.507568 668.581909 1294.778076 878.264648 0.723759 1.681905 4.282994 2.217052 2.681007 24.692841 -1.654735 2.298657
Car -1 -1 2.683008 1788.967529 300.571625 1918.664429 383.835938 1.246900 1.854702 3.784903 20.692753 -3.591386 48.778362 3.084218 0.520842
Car -1 -1 -1.565782 789.457825 318.587891 873.123535 400.449524 1.208676 1.716233 4.235218 -3.438099 -3.750411 55.056613 -1.628147 1.843562
Car -1 -1 -1.517128 625.734131 343.792969 722.760864 432.774445 1.213648 1.899716 4.259315 -7.000314 -2.902948 52.442999 -1.649827 1.433182
Car -1 -1 -1.541368 722.327393 193.363205 769.810181 235.083939 1.361247 1.821778 4.253260 -10.325268 -13.631084 101.641280 -1.642606 0.843471
Car -1 -1 -1.632275 860.147827 253.706375 932.096008 313.431763 1.287875 1.949486 4.277918 -2.372082 -7.254669 70.830856 -1.665752 0.993964
Car -1 -1 1.738156 427.567780 202.139359 481.346344 244.688889 1.341250 1.405474 4.217966 -23.525922 -13.098169 100.440242 1.508076 0.514297
Car -1 -1 1.757767 416.349701 178.797958 464.229980 217.316544 1.477823 1.472508 4.260987 -27.708122 -16.241736 114.889645 1.521114 0.547715
Car -1 -1 1.760598 437.952271 153.446381 476.770813 181.745377 1.399151 1.540599 4.253460 -35.726568 -23.932387 153.241690 1.531550 0.225512
Car -1 -1 1.709296 511.572327 137.625290 542.939941 163.390564 1.507956 1.550429 4.288039 -33.428951 -27.173848 166.309160 1.510935 0.188829
Car -1 -1 1.653612 485.929810 129.762878 513.576965 150.541901 1.655948 1.891678 4.253494 -38.777178 -30.359898 181.174909 1.442761 0.155705
