Car -1 -1 -1.613402 978.481506 392.138214 1095.300781 503.326324 1.318462 1.907861 4.243764 0.779315 -1.673173 51.675232 -1.598322 1.936470
Car -1 -1 -1.662362 1028.204834 809.266357 1278.066650 1059.991699 0.707279 1.690764 4.334229 1.321170 3.287418 24.702192 -1.608929 2.174666
Car -1 -1 1.747988 391.382568 304.893311 495.674011 379.595734 1.298616 1.694198 4.253808 -14.005218 -5.101286 70.709831 1.552452 1.170322
Car -1 -1 1.663486 648.580261 310.678802 731.408081 388.173798 1.280222 1.522439 4.247185 -7.388527 -4.702879 67.833716 1.554993 1.038610
Car -1 -1 -1.696296 1256.418579 237.483704 1324.399536 290.463928 1.321293 1.712003 4.253035 10.295894 -9.660619 95.627446 -1.589043 0.945010
Car -1 -1 -1.557179 925.779907 210.531647 974.152527 255.898010 1.306470 1.716385 4.242493 -1.663431 -12.202616 108.476050 -1.572512 0.860200
Car -1 -1 1.172478 668.251770 289.051483 796.482483 360.642731 1.350543 1.765884 4.223408 -6.914454 -5.717332 73.307712 1.078435 0.350449
Car -1 -1 1.631087 769.474854 185.659332 815.055603 229.680908 1.478777 1.626776 4.245546 -8.972527 -15.100486 124.366050 1.559066 0.478450
Car -1 -1 1.691641 663.045471 266.048431 743.973328 328.489685 1.249170 1.753053 4.274127 -8.436366 -7.212583 81.348039 1.588303 0.959566
Car -1 -1 -1.505634 1046.320190 168.656113 1093.047119 207.148026 1.560643 1.823924 4.250979 3.923841 -17.987864 139.918797 -1.477597 0.431472
Car -1 -1 -1.683161 1215.391113 213.794800 1271.859619 259.116211 1.366038 1.841625 4.267738 10.169384 -12.406916 111.726019 -1.592390 0.569953
Car -1 -1 -1.387098 0.000000 871.350769 167.372360 1072.707397 0.958941 1.773119 4.087729 -8.615896 3.838616 23.652515 -1.736428 2.180262
Car -1 -1 -1.569055 963.639038 159.774887 1000.160828 196.334137 1.600237 1.798269 4.253833 -0.565888 -19.774386 149.727905 -1.572834 0.371512
Car -1 -1 -1.566101 942.829102 144.255447 976.557617 180.857941 1.853633 1.873115 4.344576 -1.933841 -22.572302 164.550052 -1.577852 0.190734
Car -1 -1 -1.559179 931.296509 131.633896 957.702026 154.839783 1.474215 1.818569 4.236337 -3.524818 -29.752895 203.801953 -1.576473 0.305956
Car -1 -1 -1.692061 1177.687134 189.471848 1228.175171 228.435944 1.372906 1.701396 4.255555 9.746800 -15.467275 127.678381 -1.615870 0.382229
Car -1 -1 -1.613451 1096.337646 143.874161 1131.800171 172.559006 1.633300 2.047769 4.289944 7.901338 -25.379672 180.781300 -1.569773 0.126360
Car -1 -1 -1.629664 1143.726807 176.651764 1191.755859 214.257324 1.512066 1.811078 4.260401 8.588330 -16.905515 134.394792 -1.565847 0.310517
