Car -1 -1 0.230479 1094.042725 303.913300 1299.327759 381.866821 1.216863 1.879047 4.262012 5.376542 -3.732446 53.607962 0.330439 3.437094
Car -1 -1 0.324075 669.779175 379.435089 905.216675 465.424133 1.192449 1.879943 4.310670 -4.085206 -1.648613 47.592617 0.238448 3.520287
Car -1 -1 -1.621134 1702.340088 657.193298 1918.563599 908.717346 0.766287 1.753669 4.235032 7.843255 2.507279 20.808358 -1.260674 3.778703
Car -1 -1 -1.448644 1309.004028 719.764465 1553.206421 966.059265 0.504466 1.547088 4.263907 4.218830 2.797205 19.976646 -1.240515 4.218396
Car -1 -1 0.559953 384.604095 351.137756 561.950134 419.270142 1.242603 1.887396 3.860230 -14.082869 -3.210548 60.961787 0.332924 1.207371
Car -1 -1 0.631500 262.650665 325.688873 415.159546 386.609039 1.276382 1.860437 3.793028 -20.486411 -4.616261 69.937215 0.346545 1.359314
Car -1 -1 -1.163662 586.500244 656.966187 911.524109 895.107422 0.837983 1.484190 4.323514 -2.264576 2.705033 22.981767 -1.261883 5.408014
Car -1 -1 3.040980 1745.691650 177.340744 1912.916260 245.579361 1.434726 1.933707 4.538147 27.033914 -8.857069 69.809862 -2.872737 1.708969
Car -1 -1 -1.299694 929.286438 735.160583 1242.329590 989.908447 0.519296 1.496187 4.421399 1.116011 2.987040 20.093178 -1.244209 4.233453
Car -1 -1 0.059859 1601.255737 279.049957 1857.212158 363.185089 1.228047 1.922551 4.905814 16.662715 -3.801334 48.801991 0.388884 2.366034
Car -1 -1 0.380755 769.880493 338.963257 979.551514 419.703308 1.257610 1.871019 4.092777 -2.366119 -2.706404 51.080039 0.334467 2.610652
Car -1 -1 -2.756902 572.810547 260.332886 710.129395 316.721069 1.396953 1.869616 4.252735 -12.667995 -7.840611 81.853234 -2.910449 0.998601
Car -1 -1 0.712022 104.512283 335.711365 252.996567 393.081573 1.232719 1.804175 3.861110 -26.396073 -4.545412 72.162398 0.361353 1.002559
Car -1 -1 -2.859206 888.666382 237.488159 1024.428955 287.445099 1.282153 1.867006 4.271088 -0.847369 -8.792600 81.882226 -2.869554 1.120537
Car -1 -1 0.563439 486.456390 329.114349 672.397461 390.858368 1.147616 1.840999 4.349032 -11.842183 -4.230249 65.029074 0.383307 0.822505
Car -1 -1 0.318243 5.611485 414.037659 209.576340 502.762146 1.257804 1.860999 4.464039 -20.678112 -1.004018 51.419182 -0.064113 0.669780
Car -1 -1 -2.629733 494.945892 266.591888 611.174561 314.523315 1.311105 1.905637 3.571286 -17.312683 -8.421854 88.115947 -2.823738 0.560694
Car -1 -1 -0.983763 28.783718 893.965942 672.194092 1078.479004 1.075486 2.516337 4.186721 -4.627964 4.534611 17.283033 -1.245400 3.773611
Car -1 -1 2.029784 1041.950928 187.535904 1116.800537 230.940796 1.392374 1.539643 4.226793 5.008408 -14.724477 111.605701 2.074630 0.236179
Car -1 -1 0.667375 0.447183 341.028290 105.185814 399.794342 1.303821 1.878249 3.287677 -31.896106 -4.457804 74.144978 0.261121 0.198362
Car -1 -1 0.734508 0.642797 360.063232 92.063446 421.904449 1.367441 1.879882 3.459204 -29.798382 -3.370424 67.443484 0.318471 0.191517
Car -1 -1 1.694156 1371.490601 157.498917 1419.077637 195.492096 1.246391 1.545536 4.263216 20.125564 -15.516138 106.267688 1.881325 0.566225
Car -1 -1 -2.640239 542.415955 245.343826 646.042603 288.905884 1.263232 1.885518 4.037900 -17.524779 -10.424099 97.578940 -2.817941 0.320327
Car -1 -1 -1.701709 24.484133 303.791290 140.091553 346.472473 1.081524 1.853419 3.742271 -38.948755 -7.848549 94.759482 -2.091685 0.310020
Car -1 -1 1.782078 1238.665039 174.330994 1293.187744 210.171036 1.175780 1.522990 4.281295 13.867802 -14.880442 106.501572 1.911561 0.551291
Car -1 -1 2.241132 951.118591 197.328049 1021.615173 235.254150 1.246612 1.519021 3.932961 0.284934 -14.339149 110.928939 2.243701 0.185643
Car -1 -1 1.672732 1429.346191 157.529175 1482.162964 199.484604 1.335509 1.766841 4.271857 21.962042 -14.652888 101.343160 1.886142 0.449281
Car -1 -1 -2.603961 254.977570 264.856628 352.866394 300.919952 1.157527 1.832292 3.746600 -32.031642 -10.433785 103.458186 -2.904210 0.395207
Car -1 -1 0.733724 67.832161 383.588043 215.713333 443.331970 1.142201 1.852168 3.608599 -21.366731 -2.238468 56.090844 0.369764 0.331497
Car -1 -1 1.665959 1440.619629 145.567184 1491.681519 188.470520 1.460076 1.728827 4.267114 23.184868 -15.588630 104.722064 1.883839 0.213864
