Car -1 -1 -1.701393 1152.018188 456.185242 1282.317261 569.595093 1.038639 1.544829 4.253354 3.647546 -0.542681 45.603564 -1.621579 2.521699
Car -1 -1 -1.536451 782.308960 640.874756 960.242371 820.377930 0.851958 1.816378 4.272433 -1.354994 2.041403 31.934934 -1.578855 2.096212
Car -1 -1 -1.523332 792.894470 409.576355 906.804321 520.202148 1.147405 1.781120 4.237237 -2.544074 -1.389956 49.917808 -1.574253 2.331846
Car -1 -1 1.751191 401.208160 304.858002 500.669281 378.652130 1.266448 1.556315 4.243134 -13.811113 -5.124633 70.750436 1.558406 1.364789
Car -1 -1 -1.566157 857.328735 327.815369 935.953003 404.282471 1.202819 1.703267 4.245333 -2.291955 -4.214172 66.022173 -1.600858 1.544972
Car -1 -1 -1.611538 1069.562134 274.356903 1146.107178 347.088959 1.449721 1.843775 4.248363 3.211868 -6.429285 77.756064 -1.570255 1.389328
Car -1 -1 1.734897 459.837036 262.473175 545.135315 337.178131 1.550930 1.638242 4.245861 -14.156907 -6.877077 79.986959 1.559721 1.098438
Car -1 -1 -1.810531 1367.709473 901.971375 1764.581421 1076.279541 1.030758 1.862435 4.399880 4.385629 4.140151 21.964476 -1.613453 2.512246
Car -1 -1 1.679201 661.134888 302.605316 739.044556 382.369354 1.361691 1.403822 4.232968 -7.318750 -4.958885 69.461369 1.574224 1.174472
Car -1 -1 1.773026 337.598114 276.297546 432.785400 343.028931 1.286810 1.650717 4.249683 -17.255884 -6.615336 78.621951 1.556972 1.169738
Car -1 -1 -1.539937 840.719177 239.249298 897.871887 295.012848 1.359291 1.726469 4.246538 -4.128249 -9.229636 92.644156 -1.584468 1.308656
Car -1 -1 -1.573034 949.814209 251.831070 1012.676514 312.070770 1.365277 1.770151 4.244839 -0.358936 -8.245909 87.706803 -1.577127 1.185592
Car -1 -1 -1.539979 859.237732 205.384232 906.748230 247.922607 1.337347 1.726296 4.244921 -4.483926 -13.071033 113.557244 -1.579445 0.776094
Car -1 -1 -1.609240 1040.179443 217.012955 1092.242310 266.159821 1.374609 1.687445 4.256363 2.820378 -11.654914 106.729644 -1.582821 0.679614
Car -1 -1 -1.563697 1013.642151 181.165665 1056.181030 218.483154 1.441248 1.797881 4.247087 2.016994 -16.416414 131.932565 -1.548410 0.606607
Car -1 -1 -1.565626 951.357361 198.754791 1002.058228 251.030090 1.618864 1.689417 4.399023 -0.647602 -12.867831 112.559535 -1.571379 0.454029
Car -1 -1 -1.545628 887.201050 130.871399 914.481567 155.234222 1.495748 1.831731 4.254807 -6.632843 -29.106582 199.957507 -1.578787 0.349673
Car -1 -1 1.643833 706.422729 175.573547 753.326599 221.310608 1.686424 1.774193 4.265170 -12.010248 -15.694341 126.734261 1.549348 0.481881
Car -1 -1 -1.543052 899.778503 155.035065 935.264221 185.471039 1.419728 1.861015 4.246858 -4.342182 -21.819733 160.745784 -1.570058 0.294652
Car -1 -1 -1.553767 922.895142 196.031540 968.174500 235.808533 1.309019 1.774538 4.247068 -2.037007 -14.228213 119.665106 -1.570788 0.626217
Car -1 -1 1.642342 748.085144 196.965271 796.619690 244.593002 1.462070 1.627247 4.257079 -9.049479 -13.264424 114.025602 1.563145 0.491719
Car -1 -1 1.634065 726.510681 149.149536 763.343994 183.556000 1.600913 1.815873 4.260384 -14.607865 -22.332084 163.251402 1.544822 0.343260
Car -1 -1 1.606033 801.467102 145.745422 833.591309 175.909882 1.463203 1.720988 4.244470 -10.807734 -23.813162 171.163194 1.542974 0.282902
Car -1 -1 1.658196 716.551086 214.061691 775.874390 266.806244 1.417217 1.704663 4.226152 -8.931159 -10.987099 100.580097 1.569632 0.447779
Car -1 -1 -1.580900 1012.015503 164.667694 1050.304565 198.272949 1.333582 1.822649 4.258720 2.031331 -19.807636 150.068653 -1.567364 0.218969
Car -1 -1 -1.595578 1104.497803 145.720642 1143.290771 175.358978 1.593894 1.972751 4.265593 8.510875 -25.030642 179.152786 -1.548108 0.106673
Car -1 -1 -1.556096 935.514832 163.297668 976.221130 197.317841 1.475360 1.843239 4.260804 -1.950737 -19.655907 149.110565 -1.569177 0.105476
