Car -1 -1 1.072394 466.154907 357.811432 624.397949 445.718140 1.245174 1.418850 4.476485 -9.675193 -3.291904 50.296907 0.882353 0.794312
Car -1 -1 1.751182 474.165070 279.446106 562.657166 353.759796 1.537071 1.701001 4.273145 -13.534770 -6.805094 66.379391 1.550039 0.805011
Car -1 -1 -2.824795 1691.922485 294.978333 1876.125610 359.430603 1.174010 1.862300 4.189881 22.409196 -5.999423 60.150513 -2.468172 2.283502
Car -1 -1 1.169580 1812.770752 165.225143 1894.432007 213.089859 1.688426 1.724960 4.450813 42.469983 -16.833372 104.953090 1.554095 0.403672
Car -1 -1 1.978075 1735.906738 205.600372 1831.964722 258.277649 1.448244 1.744008 4.242266 32.605443 -12.351397 87.074436 2.336368 0.407960
Car -1 -1 -1.930256 1755.382935 173.491501 1823.996826 211.567429 1.354017 1.484455 4.226325 39.600685 -16.908337 105.274789 -1.570464 0.569893
Car -1 -1 -1.593561 981.945374 179.894394 1018.148376 211.762543 1.353140 1.856295 4.243147 1.962998 -20.370729 127.093216 -1.578117 0.519643
Car -1 -1 1.712995 625.557312 173.433990 663.661987 203.205124 1.401120 1.634383 4.235558 -20.141237 -22.495785 137.448115 1.567494 0.431873
Car -1 -1 1.144361 1878.827271 169.960983 1919.190186 211.060577 1.464970 1.222201 4.249682 45.238156 -16.804811 104.596861 1.552567 0.402336
Car -1 -1 2.800884 1729.729126 165.041504 1819.452759 205.035980 1.528661 1.830498 3.790617 40.968749 -18.230576 111.393940 -3.129873 0.169551
Car -1 -1 -1.705573 1170.753784 159.358414 1210.476318 187.595184 1.373744 1.739038 4.247327 15.145006 -25.148983 147.480729 -1.603240 0.280047
Car -1 -1 -2.823889 29.525103 189.635590 112.893951 225.060959 1.491464 1.832161 3.796923 -49.953001 -18.857238 122.080465 3.070900 0.093188
Car -1 -1 2.858677 1592.671387 152.278336 1679.905029 183.434265 1.491142 1.829137 3.782616 39.618736 -22.414486 130.059442 -3.128819 0.084080
Car -1 -1 -2.658924 1.139264 205.754532 57.569016 242.883179 1.373333 1.786280 3.565741 -47.784867 -16.155279 109.728543 -3.069640 0.066137
