Car -1 -1 1.902773 87.523521 313.016327 226.564957 411.654144 1.445551 1.317468 4.416283 -17.633579 -3.684838 49.418680 1.560035 1.420185
Car -1 -1 1.403528 343.745422 322.035004 447.602325 411.059784 1.200801 1.422988 4.241402 -12.573208 -3.782197 50.248213 1.158340 1.260668
Car -1 -1 -1.586280 928.353210 177.280502 973.781250 220.720993 1.475459 1.875398 4.237707 0.473925 -15.339395 101.524856 -1.581612 0.796063
Car -1 -1 1.846999 262.003174 223.809845 354.092590 287.989685 1.525547 1.667635 4.341022 -21.696336 -9.316727 75.238721 1.566249 0.833111
Car -1 -1 1.936752 119.857536 240.782547 221.634857 304.558319 1.364387 1.395411 4.276273 -24.752695 -8.269020 70.536070 1.599255 0.853696
Car -1 -1 1.816827 346.699707 213.968658 439.451691 295.315216 1.861367 1.630359 4.695140 -17.931097 -8.746131 71.964122 1.572632 0.541879
Car -1 -1 1.759250 452.156555 202.009674 517.567566 251.721970 1.411202 1.614687 4.255997 -18.209624 -12.099940 87.475641 1.554013 0.953534
Car -1 -1 1.730138 511.724915 171.676117 570.217285 222.352417 1.783439 1.754129 4.360060 -17.927170 -14.778818 98.349941 1.549838 0.442354
Car -1 -1 1.884830 138.217941 271.416748 245.524673 337.172974 1.204403 1.423873 4.270308 -21.234388 -6.454929 62.325330 1.556463 1.501628
Car -1 -1 1.753529 453.205170 174.103500 508.791656 214.684128 1.472523 1.637010 4.236577 -21.449655 -15.666264 102.371172 1.546988 0.717425
Car -1 -1 1.687350 567.187988 165.314255 611.539612 199.088852 1.352052 1.696197 4.231626 -18.048499 -17.973067 112.592974 1.528404 0.641934
Car -1 -1 -1.642181 1005.000366 160.357376 1043.456421 193.459915 1.273701 1.692642 4.259481 4.566634 -19.394424 119.425072 -1.603961 0.621214
Car -1 -1 -1.608491 936.488403 128.303802 966.301514 156.642899 1.617067 1.893979 4.274395 0.727382 -27.012582 152.557594 -1.603723 0.357524
Car -1 -1 1.788488 366.345612 193.240875 437.631531 245.187073 1.591974 1.643006 4.307221 -21.881034 -12.558705 89.285999 1.548157 0.623778
Car -1 -1 1.707562 590.182922 149.280807 631.001282 183.702896 1.453092 1.600092 4.238910 -18.573737 -20.420225 123.024392 1.557718 0.452910
Car -1 -1 1.752802 447.059204 159.767471 495.290497 192.482651 1.341417 1.551147 4.232872 -25.457004 -19.175937 118.300676 1.540845 0.396858
Car -1 -1 1.718064 514.340271 157.306152 562.642395 190.188156 1.328591 1.696874 4.263316 -22.095211 -19.583973 120.148061 1.536196 0.321078
Car -1 -1 1.724717 553.615540 136.850739 595.787109 173.677032 1.849458 1.734189 4.510245 -22.357069 -22.794588 133.986816 1.559380 0.166207
Car -1 -1 1.819826 348.962402 186.236908 412.859253 224.752701 1.224406 1.431211 4.228517 -25.027539 -14.654054 98.063114 1.569942 0.485532
Car -1 -1 1.698519 609.679932 117.177063 643.375366 142.554520 1.600230 1.888170 4.245179 -25.231293 -32.224064 175.677683 1.555872 0.227990
Car -1 -1 1.814033 295.345795 199.701767 368.970490 246.485931 1.282596 1.506749 4.207413 -24.496569 -12.409805 88.009483 1.542564 0.569752
