Car -1 -1 -1.533720 743.718811 564.127808 899.911133 719.737732 0.982910 1.777683 4.238276 -2.187118 1.241936 36.293636 -1.593909 2.797707
Car -1 -1 -1.728920 1288.303467 633.588074 1536.488037 864.444763 1.209089 1.730599 4.612628 4.477879 2.295605 30.304184 -1.582218 2.067079
Car -1 -1 1.815873 189.637863 514.290405 392.644531 674.408386 1.152841 1.455725 4.279231 -9.405046 0.733069 37.415457 1.569607 3.178425
Car -1 -1 1.747911 392.712097 301.830353 493.425415 376.306366 1.330461 1.630448 4.255758 -14.098856 -5.195613 71.171997 1.552348 1.225764
Car -1 -1 -1.651011 1022.909912 630.178284 1200.128540 801.797668 0.843382 1.622806 4.233371 1.296222 1.884051 32.038091 -1.610574 2.357426
Car -1 -1 -1.657917 1043.519043 864.288513 1341.823120 1079.708984 1.272029 1.801034 4.370082 1.438613 4.083445 21.902933 -1.592330 2.372492
Car -1 -1 1.642768 645.196594 300.915619 725.967346 382.270050 1.422062 1.613734 4.259917 -7.691136 -4.945164 69.447037 1.532469 1.214292
Car -1 -1 1.687310 549.569824 278.114899 635.691406 348.024445 1.387391 1.680990 4.244946 -11.121559 -6.333394 77.083252 1.544019 1.077443
Car -1 -1 1.631271 756.615356 190.093521 813.458374 252.840576 2.005606 1.870893 4.415387 -8.239680 -12.500705 109.984020 1.556493 0.300282
Car -1 -1 1.654066 657.713257 202.643631 709.774475 247.240295 1.388600 1.630379 4.248051 -12.879897 -13.330441 115.454583 1.542967 0.645497
Car -1 -1 -1.442252 1046.557129 168.944748 1095.025757 207.178452 1.628820 1.840233 4.257146 4.050481 -18.124788 141.183186 -1.413570 0.329352
Car -1 -1 -1.555927 888.317444 129.341888 919.012817 158.690567 1.791817 1.991750 4.253841 -6.367708 -28.614609 197.800745 -1.588109 0.288737
Car -1 -1 1.646492 693.690918 257.909088 759.756531 315.970062 1.297666 1.655640 4.233138 -8.283499 -7.981886 86.192079 1.550681 0.915775
Car -1 -1 1.631959 743.979675 137.783752 774.611206 164.810349 1.567834 1.759246 4.255658 -16.213350 -27.479940 192.374420 1.547877 0.359754
Car -1 -1 1.566540 661.615845 283.224945 740.071106 356.459564 1.322628 1.643097 4.265734 -8.147674 -6.336855 77.592035 1.461917 0.590600
Car -1 -1 1.611631 808.373962 132.393753 836.719727 159.315567 1.653987 1.676570 4.259820 -12.183845 -28.686617 198.654350 1.550376 0.259824
Car -1 -1 1.675821 611.581360 175.139069 655.447510 210.469299 1.381491 1.718790 4.250017 -18.375762 -18.070867 141.641442 1.546807 0.442722
Car -1 -1 1.673745 691.722473 160.655075 731.138672 192.744003 1.438743 1.688858 4.257396 -15.695372 -20.586841 154.436202 1.572463 0.296332
