Car -1 -1 -1.589296 896.096130 546.694031 1061.591064 709.771973 0.950270 1.782597 4.271611 -0.192091 1.207501 35.155079 -1.594760 2.378241
Car -1 -1 -1.507325 696.761169 475.153229 837.635071 610.998108 1.021765 1.694714 4.262249 -3.250619 0.211641 40.924822 -1.586588 2.340196
Car -1 -1 -2.056087 134.314743 355.748901 313.133331 450.708679 1.242377 1.625441 3.961432 -15.086112 -2.307757 54.332562 -2.326927 0.996997
Car -1 -1 -1.543397 781.279175 282.085449 864.496704 351.529846 1.218858 1.863238 4.292336 -4.493217 -5.548037 74.151107 -1.603918 1.184405
Car -1 -1 -1.574308 918.002380 260.364838 996.804443 336.871979 1.531455 1.998061 4.276196 -0.975165 -6.188558 78.066880 -1.586799 0.946005
Car -1 -1 -1.616284 1021.533630 236.423859 1083.607666 289.512177 1.267618 1.677510 4.243264 2.087690 -8.906374 94.435875 -1.594181 0.873333
Car -1 -1 -1.576339 945.984131 197.675964 994.236877 239.710938 1.361517 1.766508 4.259669 -0.934940 -13.338445 120.698444 -1.584085 0.666194
Car -1 -1 1.723849 467.932800 180.429169 522.535583 219.703018 1.360625 1.731477 4.250928 -23.360922 -15.293277 130.664955 1.546934 0.486863
Car -1 -1 -2.301152 1295.522827 181.926117 1384.489380 224.608841 1.434293 1.687819 4.417531 16.708490 -15.448957 133.349170 -2.176503 0.193857
Car -1 -1 -1.556406 883.911926 156.844788 918.323303 190.690094 1.595684 1.746696 4.294453 -5.128380 -20.031652 158.942850 -1.588661 0.210969
Car -1 -1 -1.571083 939.268005 182.348419 981.136475 218.640121 1.304723 1.801845 4.251391 -1.476916 -15.517905 132.246919 -1.582251 0.548604
Car -1 -1 -1.574849 945.532776 152.588852 982.235718 187.223404 1.604728 1.918733 4.252769 -1.588556 -20.332865 159.566711 -1.584804 0.294269
Car -1 -1 -1.559354 891.029907 134.526352 916.365845 159.707291 1.642504 1.702522 4.335126 -6.431097 -27.640638 204.006590 -1.590867 0.075425
