Car -1 -1 -2.656785 1678.911133 328.106750 1894.534668 424.768005 1.505816 1.852659 4.167945 17.996969 -3.608930 62.731706 -2.377400 2.196377
Car -1 -1 -1.617181 1020.471741 668.106750 1228.627319 877.875122 1.030104 1.827497 4.268255 1.315450 2.440216 29.778278 -1.573035 4.165045
Car -1 -1 -1.677032 1169.894409 422.442993 1291.621948 525.781067 1.101658 1.629199 4.223541 4.214573 -1.239411 49.445797 -1.592001 1.841839
Car -1 -1 -1.530931 802.274841 394.478088 903.762512 492.529846 1.111692 1.694373 4.236482 -2.666938 -1.940344 53.487335 -1.580751 2.358691
Car -1 -1 1.663434 645.835083 291.599609 733.740051 377.344727 1.535949 1.695491 4.241387 -7.676449 -5.147766 70.429948 1.554868 1.039220
Car -1 -1 -1.375116 252.327988 812.088318 544.530762 1051.299805 0.637884 1.532266 4.231995 -5.112610 3.199679 24.324504 -1.582284 2.389198
Car -1 -1 -1.615041 985.326599 416.272980 1100.414429 523.081604 1.084427 1.691446 4.233630 0.858401 -1.332559 49.897469 -1.597839 2.287829
Car -1 -1 -1.604378 964.234619 330.298676 1043.123901 405.954346 1.146043 1.636786 4.238985 0.248347 -4.231163 66.363178 -1.600636 1.405988
Car -1 -1 -1.545192 831.889038 310.160980 907.772827 388.248138 1.280333 1.646781 4.237281 -3.007840 -4.746117 68.305967 -1.589198 1.238573
Car -1 -1 2.054488 0.000000 281.892639 103.105766 378.866974 1.821006 1.837004 4.599988 -25.465795 -5.303924 72.722691 1.717656 0.658956
Car -1 -1 -1.575246 946.763000 254.755737 1014.950745 321.362488 1.532422 1.899138 4.252901 -0.354101 -7.641953 84.409208 -1.579441 1.148421
Car -1 -1 -1.640619 1085.320679 320.275116 1176.878174 396.908081 1.218283 1.790783 4.262241 3.301910 -4.444893 66.702533 -1.591157 1.207190
Car -1 -1 1.645887 724.212158 216.297058 785.321838 267.773132 1.441962 1.816040 4.256443 -8.856502 -11.187174 103.120524 1.560212 0.835810
Car -1 -1 -1.624333 1052.954956 245.177948 1116.774902 300.795013 1.319376 1.820395 4.242878 3.032607 -8.933877 91.470324 -1.591191 0.872345
Car -1 -1 -1.547282 843.622986 249.829712 900.869568 305.551575 1.297525 1.643746 4.259874 -3.865696 -8.541547 88.911226 -1.590733 1.231001
Car -1 -1 -1.542390 852.690063 209.692368 902.321899 254.066040 1.289510 1.744585 4.229970 -4.571556 -12.485239 110.346321 -1.583796 0.792270
Car -1 -1 -1.596082 1018.289368 195.917480 1064.536133 235.244919 1.329630 1.801776 4.270122 2.179566 -14.634961 122.811252 -1.578337 0.674727
Car -1 -1 1.696315 638.581970 185.565552 688.760315 225.749542 1.345056 1.598365 4.248556 -15.002216 -15.470696 126.102104 1.577903 0.587460
Car -1 -1 -1.543641 869.751709 167.889511 908.100647 204.162842 1.527858 1.800714 4.241724 -5.287802 -18.118733 140.275943 -1.581319 0.458239
Car -1 -1 -1.564219 939.246277 206.237900 989.112061 251.658707 1.421137 1.829850 4.249595 -1.135050 -12.755699 112.212463 -1.574333 0.658160
Car -1 -1 -1.559047 948.169128 178.003021 988.977112 214.653030 1.447900 1.781755 4.252545 -1.162589 -16.945941 134.734102 -1.567675 0.458130
Car -1 -1 -1.575225 985.578186 160.518127 1022.568970 194.502350 1.453596 1.880543 4.239484 0.689327 -20.532504 154.450718 -1.570762 0.328611
Car -1 -1 -1.553416 882.607056 144.193939 915.979553 176.914810 1.419668 1.796078 4.223725 -5.669379 -23.528218 168.927391 -1.586965 0.344923
Car -1 -1 -1.545252 883.206604 134.060898 912.318542 160.856613 1.449917 1.755275 4.233268 -6.301895 -26.573018 185.243865 -1.579258 0.160825
