Car -1 -1 0.827051 714.721985 295.156219 878.872925 372.545074 1.442844 1.850182 3.877051 -5.096003 -5.318427 71.824702 0.756219 0.996704
Car -1 -1 -1.747743 1329.270264 746.644287 1602.910889 1005.905090 0.977167 1.594217 4.217300 4.271107 3.027466 25.612244 -1.582503 3.270614
Car -1 -1 1.693669 528.173157 296.275757 619.454102 368.893036 1.298878 1.697276 4.243488 -10.919001 -5.464188 72.355572 1.543891 1.163026
Car -1 -1 -1.515236 649.676331 815.243408 925.112244 1078.894653 1.240688 1.899981 4.417936 -1.594898 3.728205 23.061578 -1.584284 2.123710
Car -1 -1 1.725745 407.847717 302.822845 497.948181 376.007751 1.265985 1.519730 4.242575 -13.889629 -5.226080 71.331853 1.533433 1.216949
Car -1 -1 -1.643900 1038.062134 874.650757 1316.222412 1078.222290 0.926373 1.802677 4.424542 1.390196 3.888369 22.561710 -1.582360 2.218798
Car -1 -1 1.777680 282.854279 301.310120 382.892242 377.220245 1.309132 1.515046 4.239512 -17.004574 -5.219895 71.426620 1.543960 1.036532
Car -1 -1 -1.525081 1046.433105 272.755829 1126.328247 343.179321 1.451051 1.855436 4.242340 2.695473 -6.661978 79.343396 -1.491122 0.932366
Car -1 -1 1.707289 530.662354 240.020172 595.218689 294.290833 1.346712 1.541120 4.249133 -14.334089 -9.203494 92.409102 1.553400 0.951434
Car -1 -1 1.782930 277.675659 211.333771 360.298218 273.416870 1.773565 1.782010 4.411438 -25.445882 -11.171526 104.592407 1.544280 0.495901
Car -1 -1 1.770978 351.182373 273.156708 436.377014 338.665070 1.359951 1.452690 4.261137 -17.269475 -6.803381 79.847006 1.557977 0.945256
Car -1 -1 1.676036 611.544312 242.209549 678.062500 305.188538 1.479137 1.601742 4.248336 -11.156399 -8.551957 88.831037 1.551099 1.067238
Car -1 -1 1.653858 679.970459 263.732147 752.471741 329.918884 1.389465 1.658510 4.250358 -8.149178 -7.218839 81.879580 1.554658 1.100907
Car -1 -1 1.740933 397.865753 255.377869 469.584503 312.020020 1.279229 1.356067 4.230852 -17.708915 -8.224999 87.696041 1.541678 0.945815
Car -1 -1 1.727692 454.406799 281.590393 532.468811 346.753204 1.283306 1.433594 4.244636 -13.993077 -6.395879 77.561052 1.549198 0.941651
Car -1 -1 1.741085 404.392609 184.113464 466.204498 228.512787 1.600623 1.900634 4.274673 -25.906871 -15.611661 128.348319 1.541913 0.412278
Car -1 -1 1.621970 773.051086 180.161774 818.993958 223.144608 1.636349 1.782296 4.234412 -8.948672 -15.522727 126.170855 1.551164 0.471185
Car -1 -1 1.688754 573.692871 271.733063 648.546204 336.387268 1.284160 1.581033 4.246914 -11.083434 -6.934443 80.499744 1.551931 0.993875
Car -1 -1 -1.553283 882.780945 142.515472 914.006470 172.712433 1.576345 1.792458 4.246282 -6.048005 -24.864559 177.530637 -1.587337 0.395482
Car -1 -1 -1.587115 991.314087 146.376678 1021.096252 172.477432 1.344376 1.726109 4.254055 0.903604 -25.267910 180.264540 -1.582103 0.334370
Car -1 -1 -1.574546 934.803223 148.065857 966.481018 175.972076 1.417357 1.804741 4.262358 -2.565840 -23.967216 172.644895 -1.589407 0.458297
Car -1 -1 1.616671 727.710205 222.590225 783.534973 275.511749 1.371605 1.665133 4.248903 -8.706559 -10.871066 101.935908 1.531466 0.624712
Car -1 -1 1.676281 679.854492 146.931488 713.484253 174.274185 1.451303 1.655462 4.260216 -18.899914 -24.616190 176.551688 1.569637 0.325747
Car -1 -1 1.634288 755.190674 133.232147 786.651489 160.344543 1.548664 1.858548 4.265138 -15.851160 -28.501507 197.664667 1.554267 0.187985
Car -1 -1 1.662937 712.434021 155.023712 748.067810 184.315109 1.472068 1.698330 4.246470 -15.646219 -22.419523 164.993981 1.568391 0.200588
Car -1 -1 1.634596 717.009155 243.722427 775.988098 297.515015 1.263990 1.590240 4.240148 -8.018407 -8.932449 90.531981 1.546257 0.575578
