Car -1 -1 2.772661 1615.944092 376.977295 1913.331787 492.925537 1.687452 1.995424 4.571922 15.352003 -1.472299 42.108290 3.122269 4.048993
Car -1 -1 -1.279703 312.732269 570.195679 564.793152 762.388489 0.921580 1.553162 4.385414 -6.345986 1.583661 26.539122 -1.514414 2.459074
Car -1 -1 -1.393076 587.690613 600.786072 780.466675 768.815918 0.664470 1.492857 4.231599 -3.359039 1.689797 26.467291 -1.519314 2.471554
Car -1 -1 -0.624133 512.803833 292.531097 694.451233 369.228912 1.327873 1.900496 4.138420 -9.927799 -5.212585 59.132507 -0.790473 2.361485
Car -1 -1 -1.506384 862.691467 646.701843 1053.927368 837.146973 0.616625 1.722512 4.264335 -0.018393 2.125775 24.247755 -1.507142 3.311894
Car -1 -1 -1.776506 1428.632690 696.552612 1673.210449 914.784607 0.633609 1.448797 4.254979 5.922278 2.615131 22.564054 -1.519830 3.972377
Car -1 -1 -1.640300 1160.404785 643.055481 1368.278564 867.147888 0.841368 1.763304 4.434605 3.124847 2.325997 23.889082 -1.510232 2.354937
Car -1 -1 -3.104917 737.314941 321.740112 971.764954 399.931763 1.358796 1.932427 5.077056 -2.784254 -3.882161 53.048066 3.125831 2.551406
Car -1 -1 -0.436222 245.350418 298.949249 445.584686 372.234985 1.241204 1.885165 4.475132 -16.639139 -5.021963 57.963232 -0.715769 2.353683
Car -1 -1 -0.927102 703.614502 246.227402 833.445374 312.103455 1.473277 1.712655 4.418153 -6.617261 -8.023440 72.114335 -1.018606 1.012510
Car -1 -1 -1.156024 0.469971 792.436218 371.740479 1078.120117 0.905035 2.097098 4.288560 -7.052095 3.537521 19.052263 -1.510532 4.791214
Car -1 -1 -0.915556 809.406738 281.771576 950.614136 343.110107 1.116431 1.667193 4.176837 -2.680434 -6.453979 65.355742 -0.956546 1.505790
Car -1 -1 -1.469156 696.509827 874.540405 1006.218323 1079.181152 0.975985 1.828707 4.294922 -0.782654 4.136142 17.341374 -1.514257 2.377877
Car -1 -1 -1.287640 1055.589111 245.202072 1133.192505 297.112915 1.227665 1.618883 4.252551 4.613516 -9.157170 78.291188 -1.228780 0.822022
Car -1 -1 -1.316817 300.997681 808.291931 695.047607 1078.257690 0.952196 1.963533 4.479738 -3.803112 3.729585 18.545295 -1.519085 2.196579
Car -1 -1 -1.552750 1017.199341 191.861649 1064.513550 241.853867 1.852089 1.907598 4.253354 3.584873 -14.711224 105.254959 -1.518705 0.860192
Car -1 -1 -1.601306 1160.869873 192.193604 1198.765503 225.533356 1.314069 1.748931 4.250095 11.269976 -16.887717 115.627812 -1.504146 0.592076
Car -1 -1 -1.479820 964.150330 189.234848 1004.868225 222.917068 1.283695 1.717401 4.258786 0.853445 -16.853598 114.437870 -1.472362 0.513094
