Car -1 -1 -1.631101 1020.051636 807.542908 1256.379150 1049.712646 0.645271 1.723855 4.304572 1.204244 3.201099 24.573103 -1.582133 3.245194
Car -1 -1 -0.049167 149.330734 407.073792 426.129608 512.037292 1.273397 1.856281 4.404435 -12.896414 -1.442623 50.679149 -0.298350 4.645992
Car -1 -1 -0.683906 746.601746 356.852264 974.328857 465.561188 1.399303 1.828583 3.996775 -2.643657 -2.500469 55.477923 -0.731522 2.693152
Car -1 -1 -1.505547 662.936829 778.206177 886.651245 1012.372192 0.720782 1.647047 4.242352 -1.887575 3.023431 25.114304 -1.580565 2.524640
Car -1 -1 -1.771485 1365.435547 796.348450 1660.660522 1035.789062 0.636321 1.597053 4.373953 4.545026 3.115589 24.823425 -1.590397 2.559802
Car -1 -1 1.744872 393.371094 303.363586 491.026764 380.783386 1.347353 1.578918 4.252472 -13.948365 -5.037950 70.219339 1.548785 1.124812
Car -1 -1 -0.527902 888.187561 266.202698 1080.901611 365.500519 2.102216 2.034459 4.806280 -0.206468 -5.515553 72.743389 -0.530740 1.251929
Car -1 -1 -1.222536 929.441772 317.401459 1090.402710 400.542053 1.335274 1.882793 3.807144 0.441029 -4.223691 64.713413 -1.215721 0.834484
Car -1 -1 1.655680 664.760925 283.339233 740.701477 354.202637 1.334211 1.643322 4.244592 -7.902068 -6.086357 75.625173 1.551568 1.022092
Car -1 -1 -1.373798 179.407227 836.053711 518.573486 1078.359131 1.059942 1.818174 4.259604 -5.227775 3.733204 23.166745 -1.595739 3.395375
Car -1 -1 1.688958 532.882996 298.304504 618.537170 374.166412 1.320803 1.605536 4.241981 -10.769709 -5.306180 71.634593 1.539733 1.292406
Car -1 -1 -1.569302 942.028809 219.476181 993.754456 269.518311 1.297688 1.674954 4.236263 -0.931513 -11.143934 102.813041 -1.578362 0.794514
Car -1 -1 1.624778 753.983521 197.613098 808.983704 249.184189 1.632377 1.771440 4.298505 -8.442459 -12.706366 110.866478 1.548775 0.640237
Car -1 -1 -1.568618 1011.489807 199.521652 1060.242554 242.966034 1.360536 1.807668 4.233300 1.873970 -13.871005 118.539810 -1.552810 0.740332
Car -1 -1 1.715593 481.211273 223.102646 544.373291 274.851349 1.373121 1.596431 4.238804 -17.956281 -11.028358 103.432521 1.543703 0.743221
Car -1 -1 1.630613 715.448975 240.469254 777.807007 298.156158 1.371518 1.710345 4.250701 -8.125177 -9.022552 91.522223 1.542067 0.787117
Car -1 -1 1.722026 445.568359 280.853088 527.752319 345.544495 1.263529 1.499434 4.248692 -14.260012 -6.469784 77.988881 1.541177 0.698190
Car -1 -1 1.665001 617.858154 210.682587 687.744446 292.996277 2.235777 1.687634 4.661628 -11.366803 -9.291348 92.887822 1.543235 0.341161
Car -1 -1 1.688600 533.254333 193.086151 587.372742 237.492371 1.410408 1.729048 4.245117 -18.445936 -14.032945 118.316051 1.533941 0.574282
Car -1 -1 1.746794 427.790985 237.050323 498.043304 294.974731 1.448720 1.517254 4.242121 -18.008330 -9.357171 94.038218 1.557585 0.716722
Car -1 -1 1.662681 579.971680 271.747681 651.305176 336.050781 1.287699 1.535164 4.245038 -10.787641 -6.845973 79.416945 1.527672 0.938154
Car -1 -1 1.644599 740.767212 154.555725 777.731262 189.853241 1.528371 1.615170 4.255262 -13.285414 -21.211426 157.509495 1.560452 0.276302
Car -1 -1 1.710993 539.948914 233.378998 600.970276 287.212036 1.348365 1.425474 4.236993 -14.717162 -9.871379 96.465251 1.559596 0.563031
Car -1 -1 1.671291 583.052551 178.459808 629.444763 216.235794 1.320566 1.598281 4.250932 -18.719617 -16.915423 134.179712 1.532675 0.417057
Car -1 -1 1.702088 570.413391 221.053162 626.960938 268.150146 1.313248 1.458187 4.260653 -14.675868 -11.107059 102.678372 1.560119 0.538854
Car -1 -1 1.612710 780.533691 128.979889 815.227539 167.142715 2.111847 1.867366 4.582964 -12.825063 -25.964666 182.532931 1.542563 0.119988
Car -1 -1 1.709275 497.104889 260.238464 572.785400 318.962280 1.303200 1.565798 4.242131 -14.026278 -7.766902 84.851517 1.545453 0.747440
Car -1 -1 1.698815 500.201233 160.597244 543.892761 196.425049 1.531713 1.646248 4.290198 -26.105301 -20.328643 153.639849 1.530511 0.211715
Car -1 -1 1.666452 694.472229 188.474777 742.773499 228.893768 1.450744 1.718027 4.253647 -12.002193 -14.553062 120.610382 1.567266 0.429800
Car -1 -1 -1.629754 1093.833618 142.382339 1127.382080 168.664871 1.518959 1.936377 4.271406 7.642241 -25.507840 180.581190 -1.587459 0.064926
Car -1 -1 1.683218 605.890076 260.264740 676.440491 312.471466 1.238973 1.600059 4.258240 -10.846100 -7.995092 85.664013 1.557276 0.443180
