Car -1 -1 2.843640 1062.071655 309.205902 1330.030029 448.935516 1.961926 2.045193 4.688073 4.696295 -2.767634 44.254650 2.949364 3.700959
Car -1 -1 2.868063 457.367767 366.072388 702.776367 471.073547 1.225166 1.873397 4.057231 -7.359092 -2.200237 42.060130 2.694851 4.671389
Car -1 -1 -2.956621 259.720642 336.425507 512.801453 423.058563 1.313938 1.887568 4.450449 -12.369865 -3.263669 47.057984 3.069515 3.464277
Car -1 -1 2.759634 1732.259155 306.896576 1919.223877 416.583649 1.703205 1.938402 4.661345 19.122257 -3.377505 46.399362 -3.132638 0.942362
Car -1 -1 1.799371 548.457397 241.321976 636.693237 305.653076 1.247543 1.469435 4.259097 -11.269116 -7.968464 66.555854 1.631644 1.222548
Car -1 -1 -1.569528 1020.412231 201.732452 1077.431396 249.933228 1.225227 1.886742 4.244075 3.277406 -11.778183 82.842443 -1.529987 0.941056
Car -1 -1 1.782899 540.707581 155.230225 589.142639 189.183731 1.305164 1.436899 4.230662 -20.891440 -19.083093 114.314453 1.602139 0.582668
Car -1 -1 -1.588908 1083.906982 108.173851 1110.885376 132.716248 1.447708 1.794737 4.267199 10.062587 -31.222674 164.088106 -1.527661 0.351647
Car -1 -1 1.753491 694.622925 128.529800 732.891357 157.734940 1.320389 1.413286 4.238103 -15.258751 -24.004813 133.342774 1.639554 0.303689
Car -1 -1 0.431860 119.075035 180.928589 236.407608 223.493484 1.395198 1.870944 3.903688 -34.462147 -14.577057 95.565377 0.085762 0.183280
Car -1 -1 1.447692 494.032501 125.352936 539.283630 157.071030 1.573704 1.776908 4.248042 -29.836639 -26.278364 146.038915 1.246159 0.153692
