Car -1 -1 -1.631731 1258.777710 395.744446 1377.647095 501.210449 1.003581 1.684224 4.267482 5.399231 -1.417172 50.165946 -1.524517 2.341501
Car -1 -1 -1.745650 1478.019043 755.827393 1759.141113 985.532104 0.722479 1.572162 4.230585 5.376594 2.948498 25.494149 -1.537800 3.101434
Car -1 -1 -1.657905 981.478027 539.928284 1138.039673 688.557983 0.873729 1.577672 4.241263 0.476307 1.064280 36.746996 -1.644944 3.959952
Car -1 -1 -1.587153 925.698059 333.561066 1020.495972 422.284698 1.138901 1.722689 4.247838 -0.998839 -3.122996 59.703769 -1.603881 1.788412
Car -1 -1 -1.506681 684.292053 319.771881 776.119019 411.101074 1.150689 1.642488 4.250365 -6.228897 -3.406959 60.395614 -1.609452 1.810488
Car -1 -1 -1.510059 788.925476 258.991699 864.091248 328.717224 1.273402 1.751948 4.254610 -5.402607 -6.424220 78.400517 -1.578861 1.285470
Car -1 -1 -1.585947 882.821533 234.231796 938.617737 284.900696 1.164158 1.665448 4.260004 -3.542160 -8.703199 91.480693 -1.624648 0.986991
Car -1 -1 1.756594 303.967285 164.412476 361.186218 208.497849 1.469074 1.517581 4.265488 -30.208247 -14.709037 122.328639 1.514494 0.555296
Car -1 -1 -1.585582 908.844910 185.207626 958.642212 239.520111 1.611399 1.636323 4.446561 -3.395913 -12.354163 112.159423 -1.615850 0.345147
Car -1 -1 -1.561267 838.709717 142.879288 872.688538 172.469315 1.401114 1.773374 4.284233 -9.715218 -21.932369 166.300783 -1.619621 0.194564
Car -1 -1 1.682960 465.781708 122.862129 508.848541 157.562561 1.742582 1.773768 4.337027 -32.518668 -23.222948 170.155802 1.494126 0.140813
