Car -1 -1 -1.435148 490.489197 604.551331 726.759460 832.934204 0.820117 1.609802 4.220563 -3.438244 1.564084 22.430608 -1.587247 4.255663
Car -1 -1 -1.700943 1116.641479 620.649658 1355.813599 840.697144 0.664317 1.721459 4.486580 2.741010 1.584926 22.170610 -1.577934 2.324390
Car -1 -1 -3.056446 676.991943 168.148834 827.842285 232.611618 1.720977 1.935231 4.742830 -6.833519 -11.600997 74.795427 3.135629 1.713929
Car -1 -1 -2.901561 232.830948 186.766785 392.160675 248.994278 1.545975 1.881942 4.278039 -20.866622 -10.520131 70.979361 3.095699 2.471694
Car -1 -1 2.726586 1731.296875 188.311646 1907.458740 249.693024 1.473006 1.873128 4.242377 26.837208 -10.043657 67.937904 3.102797 2.039891
Car -1 -1 1.691718 710.032593 129.323044 761.390930 174.799713 1.626353 1.761150 4.272380 -10.078712 -18.087181 100.732070 1.591996 0.690035
Car -1 -1 1.738262 587.822388 135.766205 641.378052 175.395203 1.320086 1.670237 4.252778 -16.026203 -18.516416 103.052380 1.583983 0.701649
Car -1 -1 1.682478 659.252319 135.455521 709.973633 173.597824 1.312027 1.704911 4.246741 -12.588133 -18.398830 102.030282 1.559721 0.611371
Car -1 -1 -1.641096 1012.237366 66.997398 1038.612549 89.748512 1.672438 1.862864 4.271564 6.520751 -43.124309 200.524355 -1.608589 0.213103
Car -1 -1 1.706123 617.055115 128.010681 660.639893 163.749969 1.285705 1.537490 4.234121 -16.187580 -20.572607 111.488048 1.561935 0.560561
Car -1 -1 1.700124 675.010010 117.200768 718.655945 156.022812 1.523831 1.576205 4.287775 -13.129479 -20.771437 111.071802 1.582463 0.363508
Car -1 -1 1.646392 757.468323 117.883598 796.356873 154.838867 1.448632 1.653242 4.244335 -9.408114 -21.790693 115.708905 1.565262 0.319237
Car -1 -1 1.646952 733.084290 79.096329 761.366455 104.646713 1.538203 1.767614 4.257971 -16.283987 -35.743734 171.142008 1.552089 0.089056
Car -1 -1 1.639991 770.850098 103.916840 806.736389 135.008102 1.358424 1.756587 4.236358 -10.118040 -26.273724 133.697280 1.564456 0.218729
