Car -1 -1 1.821352 91.286942 450.378296 268.573639 575.964600 1.099976 1.479650 4.425837 -12.866174 -0.468598 44.058106 1.537226 2.032905
Car -1 -1 1.699028 446.844086 326.593597 555.655457 445.578949 1.822616 1.515024 4.761334 -10.463716 -3.034673 59.198546 1.524079 0.760894
Car -1 -1 -1.519032 694.557190 741.912231 916.241516 976.318298 0.858345 1.775555 4.253079 -1.693405 2.889970 26.297335 -1.583338 3.354239
Car -1 -1 1.789963 265.381104 361.953491 402.004395 459.538208 1.283099 1.564444 4.266584 -13.501451 -2.654561 56.868430 1.556863 1.555286
Car -1 -1 -1.654123 1034.075928 782.540527 1266.664917 1022.302490 0.755867 1.602888 4.254746 1.321125 3.072051 24.897832 -1.601110 1.875865
Car -1 -1 1.822721 193.911469 337.489990 312.941437 424.540405 1.288340 1.399240 4.202776 -16.956562 -3.692380 63.592954 1.562141 1.500112
Car -1 -1 1.834084 167.097076 255.113403 252.700897 312.830688 1.318520 1.420798 4.242287 -24.803236 -8.213381 87.743646 1.558593 0.970455
Car -1 -1 -1.793368 1363.675659 840.291443 1711.708374 1079.464233 0.970039 1.871869 4.266906 4.519153 3.721987 23.666926 -1.604691 3.987735
Car -1 -1 1.753400 446.466400 210.495636 524.330078 277.686523 1.873763 1.667253 4.494313 -18.074482 -10.389260 98.630818 1.572157 0.509068
Car -1 -1 1.714545 501.544617 251.808029 575.565247 311.438110 1.359134 1.604451 4.248703 -14.355282 -8.254089 87.594677 1.552106 1.062272
Car -1 -1 1.696783 549.295105 215.544785 620.525757 274.603088 1.619231 1.845475 4.246640 -14.380254 -10.372579 97.626086 1.550535 0.755731
Car -1 -1 -1.572042 985.925659 131.421951 1014.439575 157.638199 1.558341 1.823545 4.264056 0.578595 -29.039944 199.934898 -1.569148 0.302971
Car -1 -1 1.709050 514.676941 315.908264 598.848511 392.895233 1.318212 1.422359 4.249059 -10.829489 -4.618137 68.597870 1.552473 1.373243
Car -1 -1 1.680944 561.643433 278.692871 632.824036 345.621490 1.307624 1.560655 4.248439 -11.176796 -6.505166 78.246392 1.539063 1.141546
Car -1 -1 1.684704 620.108154 185.590576 672.642212 223.797348 1.384977 1.808858 4.256026 -16.229309 -15.946326 129.673817 1.560197 0.596837
Car -1 -1 -1.568726 928.025452 166.912949 966.600708 200.438858 1.347492 1.836560 4.233510 -2.370573 -19.089690 145.809577 -1.584983 0.557028
Car -1 -1 -1.686964 1172.274048 183.106766 1223.456055 221.960999 1.447653 1.765907 4.240064 10.001762 -16.443856 133.122791 -1.611973 0.346081
Car -1 -1 1.787080 340.152740 197.425339 411.529358 248.442078 1.573070 1.695415 4.282037 -25.283870 -13.010239 113.170252 1.567275 0.425217
Car -1 -1 1.663593 712.535645 150.030029 749.026123 179.178513 1.451577 1.784188 4.251653 -16.012422 -23.332627 169.325804 1.569308 0.225983
Car -1 -1 -1.565548 944.490662 148.858368 976.401855 175.805557 1.398015 1.806074 4.253013 -2.031677 -24.214012 174.290786 -1.577204 0.159214
Car -1 -1 -1.564857 938.398438 156.885559 973.025085 186.427811 1.390815 1.826664 4.242190 -2.141061 -21.771248 161.176002 -1.578141 0.170890
