Car -1 -1 -1.812532 1288.984497 755.568542 1602.264771 1005.835022 0.601244 1.454213 4.339822 4.035914 2.800369 23.948998 -1.645579 2.274052
Car -1 -1 -2.001707 1640.033203 541.758972 1916.910278 763.771484 1.329868 2.055894 4.471270 9.822973 1.619871 32.052099 -1.704326 2.249543
Car -1 -1 -1.657617 923.758301 690.524597 1153.751343 919.840210 0.685787 1.625619 4.304612 0.629005 2.404801 25.828304 -1.633268 2.068906
Car -1 -1 1.816346 5.731999 275.975708 130.111679 358.529144 1.166094 1.489825 4.245138 -20.164079 -4.590642 62.778308 1.505560 1.392909
Car -1 -1 1.787110 89.706436 237.772415 202.313126 320.077271 1.409551 1.642525 4.252173 -20.653388 -6.016918 70.521561 1.502210 1.087903
Car -1 -1 1.859962 1.297430 242.073181 76.578728 315.374420 1.269591 1.653095 4.237947 -24.533231 -6.233591 72.042438 1.531741 1.043906
Car -1 -1 1.751957 212.586380 197.503281 296.532288 260.736755 1.430992 1.670985 4.235102 -21.738120 -8.859897 85.408047 1.502728 0.955403
Car -1 -1 1.771751 162.097610 227.765640 253.037918 290.378204 1.190774 1.443144 4.242756 -21.101823 -7.339770 77.796802 1.506881 1.054530
Car -1 -1 1.816493 22.493305 189.783401 109.374474 249.212387 1.411041 1.401924 4.258512 -29.062013 -9.679360 90.188110 1.504761 0.677639
Car -1 -1 1.743304 264.339508 187.548096 333.760437 241.095154 1.261002 1.358898 4.241755 -22.256657 -10.257595 93.180877 1.508843 0.831015
Car -1 -1 1.764166 137.105789 161.515884 208.806702 208.752075 1.344530 1.545889 4.261711 -30.288818 -12.836865 106.631913 1.487405 0.713062
Car -1 -1 1.805302 87.209145 174.030243 156.892395 224.977539 1.352494 1.332823 4.254373 -30.006171 -11.426239 99.256210 1.511727 0.843344
Car -1 -1 1.759361 212.054413 168.098328 281.138123 217.435867 1.256845 1.483100 4.261565 -26.492839 -12.161363 103.031170 1.507679 0.649197
Car -1 -1 1.771052 117.648193 201.492172 200.500778 257.659180 1.204192 1.473577 4.255579 -25.070703 -9.123274 86.781080 1.489813 0.727009
Car -1 -1 1.735252 298.994171 171.134109 367.472626 225.124954 1.423622 1.525488 4.246450 -22.579519 -11.528376 99.845489 1.512849 0.604085
Car -1 -1 1.830680 0.000000 205.112473 50.521477 275.404694 1.458909 1.575928 4.264659 -28.937601 -8.376667 84.092289 1.499256 0.278736
