Car -1 -1 -2.117840 371.490509 424.975433 587.037781 533.532288 1.142574 1.674181 4.163956 -9.219147 -1.313491 41.372871 -2.337088 0.475442
Car -1 -1 1.822542 397.141083 248.361099 468.829193 299.580475 1.309021 1.462603 4.274065 -20.921303 -10.722091 86.060208 1.584067 0.596276
Car -1 -1 -1.612180 988.307373 358.322998 1074.625244 441.373718 1.139742 1.695001 4.258664 1.534129 -3.566770 52.451953 -1.582940 1.587392
Car -1 -1 -1.256433 50.256561 881.505005 514.970032 1079.096558 0.953408 2.038035 4.348321 -5.343047 4.091882 18.107682 -1.543362 2.387674
Car -1 -1 1.197568 1811.233398 164.711029 1894.238281 213.467255 1.722461 1.815427 4.503200 41.878202 -16.583502 103.517486 1.581992 0.282091
Car -1 -1 -1.917682 1755.121216 173.543686 1825.784424 213.102646 1.368873 1.554709 4.227083 39.481937 -16.821726 104.972135 -1.557931 0.503519
Car -1 -1 2.783610 1724.379639 163.433029 1819.191528 202.111038 1.477728 1.856907 3.656275 40.340806 -18.074473 110.078204 3.134885 0.118736
Car -1 -1 1.163657 1872.636108 170.054794 1919.181641 210.545837 1.428076 1.579024 4.202767 44.858106 -16.808422 104.383595 1.569538 0.429509
Car -1 -1 2.899400 1559.288330 138.867462 1636.698120 173.983948 1.854898 1.863437 3.974861 39.957393 -24.417953 138.843630 -3.103570 0.124612
Car -1 -1 -2.762012 32.899792 196.564850 122.766647 227.722183 1.166289 1.832479 3.316032 -47.154617 -17.916376 116.886611 3.137721 0.092931
