Car -1 -1 -1.517914 719.613708 607.728943 899.936462 802.315918 1.084355 1.804255 4.226433 -2.080659 1.903996 32.615993 -1.581621 3.789959
Car -1 -1 -1.705444 1201.969360 479.414825 1356.153564 624.365723 1.223735 1.618592 4.278706 4.215150 0.191236 41.344378 -1.603843 2.382420
Car -1 -1 -1.637092 1005.763123 717.422180 1218.283936 924.426880 0.798458 1.719375 4.260727 1.135119 2.694532 28.330768 -1.597047 3.450385
Car -1 -1 -1.537054 782.506714 354.774475 877.572510 456.654694 1.367798 1.769337 4.246429 -3.367854 -2.764301 57.798592 -1.595257 1.849688
Car -1 -1 -1.629305 1102.135498 350.659943 1207.108032 448.506104 1.362883 1.869140 4.269083 3.406583 -2.953332 58.885432 -1.571518 1.208575
Car -1 -1 -1.638727 959.933777 467.545410 1087.287842 588.638550 1.047584 1.652425 4.245026 0.461644 -0.264220 44.503123 -1.628354 2.446646
Car -1 -1 -1.584180 935.096924 354.909546 1031.609009 441.622345 1.174903 1.858628 4.245626 -0.210104 -3.109090 59.473618 -1.587712 1.626001
Car -1 -1 -1.580219 945.736938 285.134644 1024.234741 359.855621 1.420045 1.815719 4.242155 -0.221974 -5.834998 74.315603 -1.583206 1.776017
Car -1 -1 -1.619306 1043.405273 271.714172 1114.526001 331.773407 1.211257 1.823667 4.241287 2.535681 -7.175716 81.872659 -1.588345 0.909543
Car -1 -1 1.405770 657.822937 288.084015 757.246277 360.395782 1.292192 1.787076 4.267066 -7.703537 -5.851546 74.238882 1.302373 0.776838
Car -1 -1 -1.395892 247.904205 823.341736 564.486389 1079.463989 1.114008 1.782029 4.239142 -4.898125 3.738753 23.780210 -1.599026 3.867945
Car -1 -1 -1.542055 900.791199 187.743240 943.992432 226.146957 1.360081 1.763216 4.254609 -3.228340 -15.590813 127.487986 -1.567372 0.605693
Car -1 -1 -1.540739 849.666382 249.733307 907.155396 304.185120 1.284056 1.643041 4.233294 -3.708302 -8.713705 90.248768 -1.581806 1.167161
Car -1 -1 -1.617159 1045.226196 208.273056 1097.101196 252.567383 1.342959 1.805338 4.235598 3.162175 -12.655646 111.514432 -1.588810 0.718571
Car -1 -1 -1.586442 1000.286133 165.987915 1038.904175 201.868408 1.520044 1.872272 4.247591 1.458320 -19.163835 147.094589 -1.576528 0.481537
Car -1 -1 -1.651582 1165.722900 176.550858 1210.153931 213.230820 1.339178 1.780981 4.241620 9.875905 -17.715353 139.371928 -1.580840 0.514353
Car -1 -1 1.633329 727.657959 218.727768 786.238831 273.719452 1.537231 1.629370 4.250309 -8.408440 -10.531129 99.197970 1.548767 0.864479
Car -1 -1 -1.612516 1080.660767 135.498108 1109.234863 161.103409 1.426311 1.774762 4.270082 7.205274 -27.984179 194.417980 -1.575472 0.265204
Car -1 -1 -1.575489 983.262939 150.484802 1016.477356 183.650848 1.603825 1.888409 4.277333 0.405176 -22.898667 167.512876 -1.573070 0.296072
