Car -1 -1 -1.357414 174.503571 636.568237 453.075867 839.889343 0.893497 1.741632 4.442709 -6.920922 2.097934 28.840494 -1.592933 2.136835
Car -1 -1 -1.501754 649.426331 509.859528 821.605347 671.369141 1.161216 1.871413 4.272350 -3.309359 0.905227 36.684367 -1.591722 2.744827
Car -1 -1 -1.602132 928.252563 463.360931 1055.557495 590.606445 1.004968 1.562996 4.227109 -0.022692 -0.023087 41.755338 -1.602675 2.230148
Car -1 -1 1.738198 436.198730 232.507034 518.110291 298.542603 1.513232 1.660062 4.250937 -16.364730 -8.118594 88.415143 1.555179 0.653208
Car -1 -1 -1.562757 1274.201172 277.776978 1351.482788 352.501556 1.333532 1.690419 4.292530 8.529554 -5.477217 73.455055 -1.447155 1.226566
Car -1 -1 -1.575464 940.107666 222.041351 992.100464 271.198517 1.287900 1.690001 4.263935 -0.907090 -10.155289 101.163501 -1.584431 0.712690
Car -1 -1 -1.210255 0.930335 889.761536 274.349762 1080.000000 0.978334 1.932420 4.292739 -6.852684 4.032421 20.199750 -1.537318 3.218538
Car -1 -1 -1.551140 862.218262 187.250687 905.332947 228.087952 1.386254 1.771999 4.267310 -4.778163 -14.232708 124.592257 -1.589471 0.613705
Car -1 -1 -1.612128 1043.750366 231.329788 1098.791870 282.408691 1.257536 1.682880 4.259888 2.820931 -9.391703 97.162958 -1.583103 0.696011
Car -1 -1 -2.375561 1383.601318 192.278854 1469.229492 231.179245 1.376645 1.830391 3.749827 19.598115 -14.107994 124.993027 -2.220033 0.355672
Car -1 -1 -1.540758 881.123657 156.249954 914.799988 186.881500 1.470074 1.879546 4.268059 -5.553542 -21.041096 165.081209 -1.574387 0.279659
Car -1 -1 -1.604933 1003.725769 151.289993 1041.249390 185.714523 1.656196 1.876176 4.266129 1.898482 -21.452957 167.586038 -1.593605 0.244958
Car -1 -1 -1.577834 947.733826 155.224030 980.040955 183.987076 1.363335 1.762043 4.270792 -1.671108 -22.101197 171.581036 -1.587573 0.310798
