Car -1 -1 2.794655 1161.657715 349.849640 1443.810303 481.322205 1.796148 1.893371 4.505623 5.346370 -1.701234 52.613839 2.895922 3.974561
Car -1 -1 -3.085894 727.790100 297.799286 968.132507 395.691742 1.626865 1.909085 4.809852 -3.845148 -3.718711 62.897928 3.136234 2.304991
Car -1 -1 -1.673318 1513.896362 780.967651 1767.515991 1031.319336 0.612537 1.579364 4.252819 5.356284 3.052381 24.326453 -1.456593 2.576189
Car -1 -1 2.817041 552.835876 391.190369 848.864807 505.123138 1.305000 1.844066 4.358436 -5.469744 -1.187180 47.903738 2.703351 4.334808
Car -1 -1 -2.993255 76.374580 294.808289 305.989532 373.877686 1.309680 1.832723 4.452714 -18.688395 -4.136007 62.805022 3.000712 2.658965
Car -1 -1 2.928255 1421.461670 320.329803 1650.139404 411.469757 1.553431 1.851771 4.458731 11.991458 -3.455844 64.569018 3.111878 2.116482
Car -1 -1 -1.299271 0.000000 689.284119 187.686096 983.307983 1.242311 1.973010 4.243797 -9.157464 2.848623 25.100997 -1.649091 3.348013
Car -1 -1 -1.693984 1068.407593 820.389771 1379.600342 1079.869507 1.048679 1.827625 4.346118 1.546094 3.696972 22.991276 -1.626838 2.519619
Car -1 -1 -1.546341 814.969910 189.172256 866.414673 241.046555 1.544489 1.709221 4.310640 -6.957214 -11.984802 109.492830 -1.609796 0.663498
Car -1 -1 1.773939 206.098434 214.253311 289.700989 272.688660 1.302682 1.571630 4.267395 -25.146352 -9.052292 90.771869 1.503688 0.902418
Car -1 -1 1.757165 306.321716 207.997360 393.086548 272.882416 1.500981 1.786019 4.342262 -21.398781 -8.874279 89.130872 1.521542 0.576701
Car -1 -1 -1.593016 917.370422 182.142075 964.867371 225.009064 1.366879 1.766547 4.260317 -3.325258 -13.754692 119.876748 -1.620748 0.576800
Car -1 -1 1.733147 385.671570 187.856842 446.609833 239.346985 1.430762 1.441752 4.264841 -22.520708 -11.479553 104.098869 1.520091 0.714698
Car -1 -1 -1.584926 886.307251 156.570496 927.486938 192.357269 1.458738 1.851051 4.257325 -5.813533 -18.207157 145.538598 -1.624849 0.286994
Car -1 -1 1.800298 165.106155 197.439713 239.296158 249.233597 1.304786 1.463847 4.268847 -28.929248 -10.568248 98.614397 1.514947 0.533534
Car -1 -1 1.725947 338.223694 174.175171 399.560242 218.774078 1.330783 1.584261 4.237839 -26.638409 -13.398835 114.470397 1.497306 0.400347
Car -1 -1 1.775415 240.985199 182.849564 305.700378 228.750580 1.245142 1.466938 4.249163 -28.674978 -12.147809 106.947514 1.513455 0.446831
Car -1 -1 1.808509 108.421837 208.502197 194.916061 266.964050 1.390907 1.614852 4.272648 -28.335466 -9.220242 90.821586 1.506088 0.368011
