Car -1 -1 -1.976119 79.571808 501.423035 299.149994 632.467712 1.099985 1.606214 3.863487 -11.904483 0.352022 40.845383 -2.259715 0.763744
Car -1 -1 -1.532851 736.544128 880.278076 990.269531 1079.624512 0.827185 1.771938 4.274012 -0.990011 3.853577 22.623667 -1.576583 5.766212
Car -1 -1 1.733842 428.002289 286.397491 521.267517 357.663239 1.356959 1.724352 4.258364 -14.071227 -5.959057 75.252520 1.548990 0.960426
Car -1 -1 1.658881 648.102539 311.509430 731.280029 387.839600 1.278028 1.550020 4.251335 -7.396684 -4.701340 67.850189 1.550295 1.031323
Car -1 -1 -1.394655 200.278275 909.021973 555.878906 1078.475342 1.027939 1.794239 4.247025 -4.571087 4.115236 21.291195 -1.606139 3.039770
Car -1 -1 -1.624908 1055.916870 310.156403 1142.950806 391.814240 1.410786 1.783625 4.261550 2.603215 -4.658648 68.490970 -1.586918 1.387477
Car -1 -1 -1.583749 956.611084 245.948578 1028.065796 325.483673 1.800135 1.982735 4.305187 -0.000278 -7.646648 84.865548 -1.583752 0.845974
Car -1 -1 -1.716747 1265.295898 243.679764 1338.947388 298.508759 1.349774 1.707215 4.235961 10.377655 -9.161791 93.111039 -1.605750 0.967507
Car -1 -1 -1.557165 883.468140 197.181305 928.004150 240.216507 1.434181 1.673793 4.244868 -3.755282 -14.045184 119.433635 -1.588597 0.791668
Car -1 -1 -1.572107 1020.877869 210.376007 1073.260132 257.158997 1.401939 1.815018 4.227217 2.157190 -12.354523 110.248726 -1.552543 0.725025
Car -1 -1 1.168237 667.429016 289.238647 795.006287 360.080505 1.338236 1.752690 4.229865 -7.004331 -5.767430 73.816048 1.073631 0.368336
Car -1 -1 1.688337 666.691345 264.751556 747.985413 328.298920 1.250054 1.737030 4.253142 -8.391740 -7.281047 81.560441 1.585808 1.020107
Car -1 -1 -1.690717 1205.375488 211.558990 1261.717285 253.924774 1.230187 1.669513 4.265696 9.764656 -12.610029 111.628877 -1.603465 0.516358
Car -1 -1 -1.701143 1241.670288 226.378845 1306.219116 276.829712 1.374347 1.744009 4.251261 10.199264 -10.614305 100.686551 -1.600190 0.707049
Car -1 -1 -1.653923 1144.909790 171.270172 1188.596436 206.777847 1.465076 1.828835 4.266025 8.933846 -18.047091 140.453228 -1.590401 0.328804
Car -1 -1 1.603561 805.044067 136.030273 835.417847 162.901474 1.509151 1.753955 4.242888 -11.711549 -26.949056 188.136646 1.541391 0.354023
Car -1 -1 -1.670713 1187.527710 193.079559 1239.298828 234.332077 1.343694 1.686300 4.253085 9.619048 -14.488666 121.223533 -1.591529 0.340108
Car -1 -1 -1.606845 1082.963135 134.238647 1112.588379 161.068817 1.538573 1.915571 4.229507 7.371548 -27.736806 192.655559 -1.568601 0.120595
