Car -1 -1 2.955053 1452.603027 397.773743 1721.204590 493.235321 1.369523 1.832285 4.304816 11.204304 -1.695837 52.269045 -3.116970 3.588276
Car -1 -1 -1.513888 661.207336 812.102600 897.041504 1065.440918 0.728333 1.692925 4.252267 -1.779454 3.278605 24.207765 -1.587264 3.854278
Car -1 -1 0.018567 972.010620 419.487885 1311.998779 577.422607 1.908095 1.976429 4.860719 2.355306 -0.262138 43.640438 0.072486 3.554668
Car -1 -1 -1.749848 1331.250854 769.472900 1635.266357 1038.216187 0.899124 1.748769 4.431274 4.237299 3.116261 24.669934 -1.579748 3.409774
Car -1 -1 -1.644936 1026.102051 804.624207 1288.759277 1078.745483 1.056082 1.787861 4.273348 1.304170 3.528261 23.718546 -1.590006 2.218359
Car -1 -1 2.804875 1706.834839 418.093597 1919.125977 526.103271 1.392968 1.834451 4.226702 15.303898 -1.096177 49.160183 3.106672 0.784107
Car -1 -1 1.663304 640.887146 296.176331 728.017700 370.295471 1.324859 1.730374 4.254724 -7.996421 -5.408104 72.007692 1.552708 1.074237
Car -1 -1 1.726920 507.510345 295.393311 601.295166 380.160736 1.555212 1.570789 4.239938 -11.031714 -5.007727 69.884152 1.570355 1.090843
Car -1 -1 1.777156 267.904449 307.660797 377.192383 386.180481 1.309673 1.663812 4.253080 -16.913400 -4.909201 69.965327 1.539967 1.077806
Car -1 -1 1.764117 341.391174 264.156281 438.628784 344.157593 1.660526 1.757042 4.254011 -17.063769 -6.609525 78.676676 1.550540 1.135572
Car -1 -1 -3.094049 888.851013 400.588593 1145.292358 494.885529 1.326043 1.892971 4.457506 0.509812 -1.637452 51.612879 -3.084172 1.655942
Car -1 -1 1.732478 396.244629 308.173401 487.622070 377.791138 1.202082 1.549694 4.232886 -14.016629 -5.106920 70.531646 1.536305 0.997353
Car -1 -1 1.724199 542.024414 224.314117 610.944336 283.655090 1.563650 1.637312 4.238139 -14.507968 -9.975563 96.465466 1.574922 0.751931
Car -1 -1 1.735103 451.219727 266.343964 545.494141 345.393127 1.625980 1.794486 4.248925 -13.884651 -6.497236 78.074035 1.559103 1.253607
Car -1 -1 1.691566 564.605225 279.042389 641.824951 347.069794 1.352300 1.513995 4.252298 -10.809552 -6.363074 77.065020 1.552210 0.967703
Car -1 -1 1.762884 447.416504 229.575897 519.027527 286.045746 1.445477 1.495831 4.303752 -17.608056 -9.806456 95.511191 1.580575 0.631220
Car -1 -1 1.671094 674.935913 185.769089 729.936462 245.915344 2.023929 1.681623 4.506254 -11.984756 -13.262635 114.557190 1.566856 0.263833
Car -1 -1 1.680734 621.552917 194.562622 674.461731 237.255508 1.427894 1.708357 4.240964 -14.783665 -14.066715 118.790151 1.556918 0.677406
Car -1 -1 -1.581108 989.993713 139.733170 1018.316284 164.672791 1.380502 1.769540 4.242414 0.792542 -27.849913 194.873702 -1.577041 0.388390
Car -1 -1 1.762841 399.907837 252.252014 471.415894 310.681793 1.305805 1.347424 4.250657 -17.800786 -8.376267 88.504645 1.564361 0.855254
Car -1 -1 1.684575 595.300171 248.991928 668.036255 314.395630 1.537680 1.636600 4.246994 -11.212025 -7.977558 85.860614 1.554726 1.052020
Car -1 -1 1.745148 502.420135 206.457016 565.155884 258.446472 1.558035 1.670767 4.240606 -17.860993 -12.020537 107.538030 1.580561 0.603300
Car -1 -1 1.687012 633.658569 236.824646 691.498901 289.781067 1.314404 1.342485 4.259565 -11.357610 -9.658341 95.425896 1.568549 0.869121
Car -1 -1 1.652813 681.945862 261.923920 757.159912 336.775452 1.546273 1.661569 4.239362 -7.937777 -6.977489 80.750412 1.554828 1.018142
Car -1 -1 -1.626752 1123.269897 155.173798 1164.613892 188.672455 1.647394 1.992691 4.245962 9.010295 -22.311502 165.744709 -1.572443 0.097265
