Car -1 -1 -1.541295 795.021545 669.349182 982.773193 882.550781 0.669703 1.626406 4.277788 -0.777559 2.220075 22.718583 -1.575507 4.342948
Car -1 -1 -3.138169 939.019836 256.120758 1120.711548 331.978607 1.705239 1.973943 4.812057 1.750082 -6.911821 64.520141 -3.111051 2.031981
Car -1 -1 -3.013795 694.605957 253.762527 851.197083 312.499603 1.420342 1.851876 4.406143 -6.236736 -8.034801 69.957187 -3.102710 2.387396
Car -1 -1 -2.776295 115.664932 251.488037 274.895386 311.507812 1.443114 1.860431 4.040103 -24.678654 -8.020954 69.551540 -3.117262 2.531251
Car -1 -1 2.711487 1642.319580 286.636780 1837.604614 353.496674 1.356303 1.872987 4.285533 21.107482 -5.864141 59.993649 3.049790 2.330584
Car -1 -1 2.814972 1481.797729 263.985016 1653.452759 334.263550 1.575164 1.854294 4.229925 17.804840 -6.903419 65.079680 3.082023 2.505432
Car -1 -1 2.927767 1363.110840 263.964050 1516.752563 323.552979 1.389378 1.818742 3.977759 14.381829 -7.367676 66.895066 3.139534 1.994554
Car -1 -1 1.678957 682.656006 209.049805 737.894775 259.627869 1.532383 1.686665 4.264328 -10.817799 -12.575325 91.241312 1.560945 0.545784
Car -1 -1 1.704835 617.801514 202.308685 679.374390 256.473419 1.654343 1.880484 4.288825 -13.667553 -12.956024 93.042297 1.558982 0.663025
Car -1 -1 -1.682441 1003.299072 144.340103 1033.615234 167.964584 1.431408 1.649778 4.268155 3.755161 -29.448223 168.169939 -1.660115 0.347382
Car -1 -1 1.656376 711.657715 203.281357 758.197998 244.464615 1.272769 1.539563 4.255404 -10.562544 -14.148568 98.243929 1.549274 0.753727
Car -1 -1 -1.624881 975.673401 177.826660 1011.273560 208.138504 1.269855 1.709699 4.246336 1.364577 -20.003135 126.049205 -1.614055 0.315758
Car -1 -1 0.169179 1299.633545 156.852005 1374.784668 188.463913 1.574131 1.841628 4.171144 23.447522 -23.255792 139.462158 0.335750 0.140712
