Car -1 -1 -1.538646 557.574829 490.261169 697.283813 646.038330 1.311410 1.893664 4.236023 -5.134014 0.375360 33.567392 -1.690416 2.651904
Car -1 -1 -1.895270 486.484894 427.211334 649.133362 552.748962 1.265437 1.431455 4.259213 -7.279203 -0.982537 39.593507 -2.077088 2.895951
Car -1 -1 1.970266 50.435810 351.601868 193.319595 438.259155 1.145884 1.127641 5.047240 -20.318114 -3.719336 53.059799 1.604563 0.924651
Car -1 -1 -1.612547 985.241638 275.217987 1053.472656 335.102203 1.203157 1.819913 4.254831 1.689395 -7.778553 70.324967 -1.588529 1.189332
Car -1 -1 -1.688738 1092.834473 225.856308 1152.574951 272.467957 1.227471 1.796377 4.270114 6.348022 -12.164149 89.572413 -1.617986 0.834319
Car -1 -1 -1.599510 965.213379 230.389450 1015.110962 273.846954 1.229324 1.874586 4.248640 0.980721 -12.265098 91.116725 -1.588747 0.953084
Car -1 -1 -1.556723 905.250488 197.665817 948.897217 239.574234 1.525202 1.894904 4.264450 -1.922242 -16.104896 108.278873 -1.574474 0.689262
Car -1 -1 1.179821 1812.215210 165.619919 1894.742432 215.770813 1.735196 1.772021 4.538478 40.931048 -16.118959 101.128037 1.564411 0.370001
Car -1 -1 -1.676808 1063.830566 201.056473 1115.018677 249.230698 1.543104 1.835644 4.302657 5.614801 -14.510663 99.866930 -1.620645 0.516413
Car -1 -1 -1.592542 978.368469 191.683243 1019.540955 230.578003 1.517381 1.798103 4.246130 1.678672 -17.478288 114.784355 -1.577919 0.609477
Car -1 -1 1.838104 233.940063 213.163773 302.049988 263.759827 1.647200 1.745875 4.291643 -34.422379 -15.120996 108.187612 1.530059 0.461157
Car -1 -1 2.798654 1729.885254 165.499817 1825.366455 204.698853 1.473583 1.834661 3.709934 39.821939 -17.578717 107.528671 -3.129854 0.160417
Car -1 -1 -1.587150 1041.489136 192.678589 1083.301514 227.560303 1.281158 1.702837 4.218488 4.925578 -17.365646 112.837337 -1.543526 0.484988
Car -1 -1 1.161987 1877.953857 168.454514 1918.873535 211.077118 1.497817 1.238162 4.254584 45.170377 -16.771017 104.426329 1.570242 0.366732
Car -1 -1 -1.620926 1024.229492 169.133942 1059.191284 197.962143 1.346670 1.772035 4.231417 4.812504 -23.211579 140.094434 -1.586588 0.404714
Car -1 -1 -1.569955 912.925842 170.756638 946.665527 200.763535 1.382756 1.730647 4.243839 -2.322117 -22.822085 138.105895 -1.586768 0.245299
Car -1 -1 -1.601434 968.457397 157.161423 999.143250 184.383911 1.391926 1.768937 4.242851 1.340895 -26.866422 156.210776 -1.592850 0.251448
Car -1 -1 -1.591943 961.111389 137.816254 985.774231 158.524033 1.510010 1.768143 4.261798 0.582842 -32.689580 180.155458 -1.588707 0.133792
Car -1 -1 2.890141 1557.158081 138.656204 1643.466797 174.726395 1.877965 1.828185 4.128089 41.150835 -24.871957 141.458496 -3.109954 0.087081
Car -1 -1 2.888367 1594.327026 151.899872 1679.536865 184.571655 1.508505 1.828420 3.782533 39.624100 -22.343753 129.846436 -3.098633 0.080984
Car -1 -1 -1.557117 915.872864 162.691666 948.668457 192.005814 1.426364 1.767239 4.281269 -2.235455 -23.256975 139.785065 -1.573108 0.122306
