Car -1 -1 -1.557999 793.518372 435.795135 905.877747 546.175232 1.077826 1.687846 4.224963 -2.456755 -0.923204 47.758087 -1.609395 2.548038
Car -1 -1 -1.648509 1094.457153 366.022247 1198.422485 454.276031 1.159186 1.758793 4.243349 3.197197 -2.804146 58.283325 -1.593708 1.413889
Car -1 -1 -1.743082 1305.731812 758.123169 1576.548828 1007.072388 0.907633 1.660199 4.232867 4.107397 3.089515 26.002549 -1.586415 2.708919
Car -1 -1 -1.608776 966.078918 432.931854 1087.076050 546.706482 1.088950 1.759359 4.246716 0.543103 -0.907692 47.048004 -1.597233 2.073509
Car -1 -1 1.807545 232.270935 368.957611 366.809326 479.271149 1.391214 1.398360 4.249301 -13.418142 -2.185795 53.850096 1.563343 2.298687
Car -1 -1 1.728202 408.199677 342.869995 533.030823 464.700562 1.629215 1.607923 4.303856 -10.381852 -2.543042 55.442077 1.543090 1.413656
Car -1 -1 1.729684 473.439178 237.815887 558.970093 324.933472 2.065550 1.740941 4.269708 -14.224369 -7.432728 82.614815 1.559179 0.852172
Car -1 -1 -1.599026 946.423828 309.022797 1025.631592 380.587830 1.191746 1.808565 4.240941 -0.195204 -5.002262 69.636621 -1.601830 1.471393
Car -1 -1 -1.605653 1046.530518 268.431122 1124.443481 342.877716 1.502634 1.954055 4.256004 2.626823 -6.652662 78.912573 -1.572378 0.986176
Car -1 -1 -1.546057 808.953674 340.531189 903.333557 437.830963 1.373992 1.796644 4.235258 -2.955674 -3.258969 60.326215 -1.595013 1.513152
Car -1 -1 1.498591 662.704895 288.066772 750.617310 369.960327 1.509342 1.858669 4.251342 -7.511596 -5.445642 72.203137 1.394930 1.035454
Car -1 -1 -1.694449 1259.866943 227.854477 1327.670776 281.119629 1.421942 1.837073 4.254438 10.877197 -10.409331 99.907915 -1.586004 0.821003
Car -1 -1 -1.735704 1327.899902 271.753326 1417.756592 332.934937 1.261560 1.725748 4.249326 11.221420 -7.104310 81.694061 -1.599199 0.878832
Car -1 -1 -1.388979 257.513123 834.544556 583.338074 1078.832520 0.968490 1.809605 4.244999 -4.765451 3.667696 23.747695 -1.587019 3.574582
Car -1 -1 -1.579716 987.246948 182.151489 1032.093018 226.324661 1.593433 1.885734 4.263069 0.797477 -15.536685 126.973458 -1.573435 0.512933
Car -1 -1 -1.547949 888.783752 268.208466 954.814148 331.451294 1.269825 1.770147 4.247067 -2.090762 -7.166150 81.600118 -1.573565 1.038735
Car -1 -1 -1.544158 837.470337 241.422134 895.370911 292.622833 1.281211 1.761130 4.248345 -4.260930 -9.362813 93.620541 -1.589640 1.367682
Car -1 -1 1.718367 526.607849 197.219009 589.716553 244.428528 1.482596 1.752169 4.254711 -17.904713 -13.235566 113.903322 1.562450 0.734779
Car -1 -1 -1.557507 883.030884 198.777069 928.898743 240.179794 1.325852 1.724049 4.241340 -3.703228 -13.926763 118.352675 -1.588786 0.668823
Car -1 -1 -1.552311 876.653748 175.926254 916.229248 213.154938 1.432799 1.764869 4.240472 -4.636096 -16.998689 134.413858 -1.586788 0.522301
Car -1 -1 1.664250 688.680908 180.992126 738.138184 224.143326 1.574791 1.693816 4.251331 -12.726104 -15.505868 126.290989 1.563821 0.496649
Car -1 -1 -1.573321 983.288269 126.806702 1012.130554 155.211456 1.750996 1.929171 4.276308 0.377372 -29.350754 201.070053 -1.571444 0.260406
Car -1 -1 1.650516 709.971985 237.618683 773.856201 299.814575 1.575915 1.713252 4.248394 -8.345717 -9.048466 92.350459 1.560391 0.951832
Car -1 -1 -1.581303 943.862488 137.885254 973.138672 163.130508 1.372414 1.731243 4.259914 -2.218443 -26.821919 187.143531 -1.593157 0.343415
Car -1 -1 -1.610132 1007.657959 159.681717 1042.945557 189.459061 1.313823 1.736853 4.243999 1.898211 -21.130706 157.165190 -1.598055 0.422297
Car -1 -1 -1.561545 915.400208 150.621948 949.007812 179.722641 1.401866 1.772396 4.239998 -3.692984 -23.177396 168.367591 -1.583476 0.252668
Car -1 -1 -1.548493 884.689514 133.889221 912.599609 161.119583 1.529691 1.825028 4.246283 -6.483942 -27.521501 191.110713 -1.582408 0.307981
Car -1 -1 1.539673 669.591370 274.081573 746.742188 339.504974 1.385762 1.771688 4.273752 -7.914149 -6.221572 76.073519 1.436013 0.364724
