Car -1 -1 2.845478 1699.244385 333.697571 1918.564331 416.555664 1.349192 1.831562 3.831978 18.055774 -3.060542 59.772653 3.138837 2.383282
Car -1 -1 -1.539930 411.530548 752.456421 631.802612 984.644836 0.652413 1.615700 4.252368 -3.879199 2.793685 24.206092 -1.698836 2.858000
Car -1 -1 2.921252 1410.820068 328.048523 1634.018555 413.361694 1.376554 1.854286 4.063180 11.751433 -3.113561 59.465419 3.116356 2.794467
Car -1 -1 1.661876 544.448181 204.210724 612.687195 283.111877 1.945495 1.625017 4.257981 -12.729969 -8.566478 88.600688 1.519175 0.663447
Car -1 -1 1.703685 382.291901 234.926193 464.289032 305.684601 1.477308 1.611574 4.254416 -16.149442 -7.225008 81.029206 1.506958 0.880306
Car -1 -1 1.734527 374.854034 193.508652 451.979462 256.471558 1.666796 1.767539 4.308917 -20.168934 -10.449296 99.427529 1.534392 0.540897
Car -1 -1 1.689724 453.914429 221.582047 519.376038 277.571838 1.276313 1.527014 4.249469 -15.898966 -8.811010 89.922479 1.514725 0.709052
Car -1 -1 -1.566160 792.472656 117.038773 821.548950 142.027634 1.456665 1.761802 4.215858 -12.782216 -29.937035 210.301069 -1.626866 0.181292
Car -1 -1 1.811979 697.768494 130.817184 734.180298 159.529617 1.407720 1.812258 4.229416 -16.004835 -23.314270 170.763208 1.718526 0.240261
Car -1 -1 1.642566 599.841248 179.298447 645.987793 220.435623 1.369312 1.584915 4.259992 -15.120482 -13.773791 118.556403 1.515712 0.300898
