Car -1 -1 -1.528309 714.318542 592.539551 883.395935 758.763672 0.949846 1.800075 4.257180 -2.335629 1.583382 34.306674 -1.596285 2.237554
Car -1 -1 1.771624 260.383087 444.031311 427.942444 578.432861 1.212361 1.578704 4.350407 -10.241254 -0.441417 43.947095 1.542674 2.578226
Car -1 -1 -1.606812 946.745117 461.851654 1073.289551 577.625061 1.038010 1.811656 4.272307 0.240925 -0.419413 45.162275 -1.601477 1.726140
Car -1 -1 -1.663786 1117.628052 422.279938 1248.655518 529.258789 1.087945 1.740706 4.326411 3.335468 -1.205464 48.985366 -1.595800 1.426121
Car -1 -1 -1.539889 792.295715 387.005707 893.925110 487.550720 1.239570 1.717207 4.242685 -2.878513 -2.014191 53.887382 -1.593255 2.157172
Car -1 -1 -1.640320 1090.854370 343.186646 1187.272705 424.475800 1.192424 1.726211 4.235077 3.283786 -3.600849 62.621806 -1.587930 1.547489
Car -1 -1 -1.570714 939.878113 270.615295 1012.039856 341.761749 1.438679 1.824123 4.243073 -0.481269 -6.694440 79.256376 -1.576786 1.274303
Car -1 -1 1.665143 648.935364 299.121796 730.765198 380.031281 1.433266 1.573124 4.245441 -7.594736 -5.008946 69.694211 1.556599 1.280538
Car -1 -1 -1.372176 193.741577 851.490540 534.799438 1078.697510 1.020591 1.803069 4.252100 -5.044598 3.796902 22.931929 -1.588709 3.047132
Car -1 -1 -1.514046 847.306519 319.584595 931.051697 396.981262 1.207173 1.718114 4.243716 -2.463269 -4.450137 66.758291 -1.550928 1.498018
Car -1 -1 -1.628644 1077.113770 280.673553 1146.777222 341.036469 1.174350 1.687110 4.239210 3.402156 -6.694779 79.263501 -1.585748 1.350767
Car -1 -1 -1.547603 834.838379 256.965698 898.650452 325.764618 1.557594 1.707635 4.368751 -3.853309 -7.653456 85.105922 -1.592849 0.726160
Car -1 -1 -1.568900 939.487366 208.250183 988.345093 253.979874 1.385954 1.814545 4.245748 -1.151273 -12.599466 111.470561 -1.579228 0.824078
Car -1 -1 -1.620728 1030.260498 246.520187 1090.224243 301.861786 1.266451 1.805528 4.258260 2.236551 -8.911168 91.279220 -1.596231 0.829581
Car -1 -1 -1.596564 1041.337158 211.849701 1091.826660 259.382263 1.321142 1.738530 4.234164 2.875459 -12.251750 109.610292 -1.570336 0.680912
Car -1 -1 -1.539203 856.082275 203.213715 907.264893 251.463959 1.441378 1.841666 4.247092 -4.472732 -12.857099 112.608813 -1.578901 0.697303
Car -1 -1 -1.575461 948.723145 175.809021 988.511230 210.249191 1.311358 1.785012 4.237256 -1.218781 -17.982929 140.956640 -1.584108 0.422934
Car -1 -1 -1.559150 853.976562 242.729401 908.255005 291.890320 1.239245 1.668342 4.227422 -3.804985 -9.451124 94.279718 -1.599486 0.874577
Car -1 -1 -1.551320 874.131531 171.929718 914.993713 214.765076 1.578901 1.805466 4.251397 -4.794804 -17.198296 135.768684 -1.586621 0.463327
Car -1 -1 -1.619485 1163.666260 181.082657 1206.532837 217.283463 1.321140 1.674556 4.235265 9.245946 -16.596793 132.753809 -1.549950 0.504572
Car -1 -1 -1.576644 946.960022 154.945358 981.251526 184.901886 1.380318 1.817482 4.230072 -1.652289 -21.710359 159.612483 -1.586995 0.318650
Car -1 -1 -1.566860 933.058777 128.038483 961.086121 153.962677 1.564723 1.865774 4.243769 -3.328817 -29.565589 201.969244 -1.583341 0.311442
Car -1 -1 1.623026 781.362305 160.951920 817.138672 196.224884 1.515437 1.648265 4.253778 -10.412730 -19.714706 149.222152 1.553359 0.389415
