Car -1 -1 -1.818975 1349.742554 726.771729 1660.612427 968.843384 0.638822 1.492541 4.381438 4.749247 2.665092 25.002641 -1.631262 2.586537
Car -1 -1 -1.981899 1650.410156 540.960815 1917.435059 723.010071 0.957862 1.738472 4.614551 10.239025 1.255251 34.222966 -1.691190 1.437220
Car -1 -1 -1.633514 894.743347 623.946655 1127.270874 886.559082 1.091393 1.758021 4.560370 0.362026 2.221511 26.556669 -1.619883 1.431523
Car -1 -1 1.757181 146.109497 252.947556 275.009766 353.313965 1.628237 1.860742 4.325263 -17.307103 -4.795857 64.152548 1.493674 1.123904
Car -1 -1 1.818530 0.000000 277.928192 79.989410 378.013489 1.466651 1.750521 4.285901 -20.813489 -4.050304 60.709396 1.488250 1.422071
Car -1 -1 1.798896 77.189575 249.445663 188.862396 325.653015 1.229686 1.575133 4.271725 -20.623522 -5.779461 69.176163 1.509155 1.219795
Car -1 -1 1.820672 45.223366 222.055954 141.463898 287.690155 1.287292 1.340349 4.249872 -24.586209 -7.492955 78.717526 1.517937 0.782359
Car -1 -1 1.778939 148.317047 209.698029 245.671417 282.970062 1.414986 1.604784 4.276372 -21.572738 -7.650933 78.518260 1.510807 0.706867
Car -1 -1 1.812124 13.855278 197.704636 93.660408 252.839676 1.281236 1.263663 4.250248 -29.395353 -9.557733 89.985441 1.496385 0.978133
Car -1 -1 -1.589047 833.314270 154.037003 878.164062 194.634399 1.237372 1.704896 4.272242 -4.498654 -14.763181 117.870005 -1.627195 0.604854
Car -1 -1 1.754473 265.848877 188.499542 338.326202 242.871994 1.276019 1.411574 4.237221 -22.060457 -10.188318 92.854802 1.521218 0.668331
Car -1 -1 1.759819 210.255386 201.657990 295.475250 261.546051 1.240035 1.498279 4.248883 -21.743499 -8.855785 85.354267 1.510381 0.770799
Car -1 -1 1.782175 123.359848 168.903564 195.156525 217.520355 1.338841 1.483852 4.258418 -29.757551 -12.135896 103.024939 1.500989 0.645342
Car -1 -1 1.819706 2.710780 158.595993 78.971962 209.577393 1.572615 1.794272 4.265481 -37.179909 -13.456926 112.047876 1.499317 0.402599
Car -1 -1 1.728428 304.919403 175.254135 370.183167 225.060669 1.293525 1.490642 4.250439 -22.581768 -11.609626 100.604728 1.507628 0.584960
Car -1 -1 1.809542 0.078587 255.182007 45.926228 307.596008 1.151400 1.414955 4.291015 -25.843882 -6.531158 74.922154 1.477380 0.588618
