Car -1 -1 -1.413317 188.339630 735.840881 467.183105 973.471680 0.690998 1.613966 4.270719 -5.951713 2.700086 24.442411 -1.652168 4.088517
Car -1 -1 -1.524536 809.142883 270.392548 876.457214 332.062042 1.091286 1.623604 4.268429 -4.730201 -6.057769 75.583565 -1.587037 1.243854
Car -1 -1 1.756149 316.608673 212.522461 399.829926 274.640900 1.478855 1.668875 4.253458 -21.389589 -8.908231 90.123327 1.523124 0.790020
Car -1 -1 0.222024 498.524078 207.005219 647.088379 258.068207 1.359281 1.849608 4.465537 -15.486264 -10.039899 97.101490 0.063870 0.912105
Car -1 -1 1.784214 225.211777 183.463028 298.905121 233.053329 1.394852 1.699991 4.262205 -29.335687 -12.110289 107.709413 1.518304 0.774474
Car -1 -1 -1.579333 874.632996 180.909393 922.835876 223.216431 1.366096 1.850412 4.255663 -5.189831 -13.944757 120.975015 -1.622206 0.553886
Car -1 -1 1.746203 337.295197 180.899124 401.754730 225.447281 1.288439 1.617569 4.269762 -25.774624 -12.651437 110.541860 1.517130 0.601735
Car -1 -1 1.730438 340.110504 152.629837 396.493713 196.740067 1.485600 1.616994 4.262279 -29.708391 -15.821716 127.053739 1.500739 0.315074
Car -1 -1 -1.541700 832.148010 156.608582 870.567505 191.150848 1.302063 1.734901 4.253747 -8.670217 -18.248775 144.611508 -1.601583 0.262425
Car -1 -1 1.720569 399.784363 157.661224 456.814758 201.174606 1.476097 1.774901 4.265651 -27.058028 -15.623501 127.293349 1.511122 0.429536
Car -1 -1 1.778428 259.896912 157.625824 318.899200 196.701797 1.369254 1.591965 4.269326 -33.607286 -15.863668 127.892030 1.521460 0.449867
Car -1 -1 1.835386 143.691040 171.533005 218.592484 221.746246 1.588707 1.671652 4.260382 -33.872729 -13.022997 112.345906 1.542550 0.406919
