Car -1 -1 -0.567532 577.068359 353.953308 793.944031 452.763550 1.422768 1.829942 3.929404 -6.352477 -2.767671 57.730082 -0.677129 2.626184
Car -1 -1 -1.398111 321.047577 787.766785 558.571106 1004.953918 0.564520 1.305560 4.255361 -4.963557 2.982457 25.359521 -1.591395 4.178960
Car -1 -1 -1.288613 895.931030 322.829010 1003.905334 398.576172 1.188809 1.379220 4.261893 -0.986664 -4.451739 67.423985 -1.303246 1.182402
Car -1 -1 -1.520936 697.975891 710.824951 904.794434 950.458801 0.967824 1.716425 4.245438 -1.789379 2.749232 26.946272 -1.587244 3.451339
Car -1 -1 1.744435 394.756134 293.058777 493.015381 375.368561 1.495089 1.617699 4.239120 -14.155464 -5.248677 71.440164 1.548824 1.162673
Car -1 -1 -1.779305 1361.722900 788.684448 1667.976929 1037.994019 0.710695 1.654533 4.408456 4.537046 3.116557 24.713415 -1.597741 3.823421
Car -1 -1 -2.970814 218.119629 389.269012 539.956116 517.694214 1.704727 1.979811 5.025157 -10.949049 -1.296668 49.860950 3.096211 2.829744
Car -1 -1 1.724515 523.583557 298.636414 620.236633 375.544342 1.360654 1.727699 4.292720 -10.867017 -5.261340 71.657382 1.574010 0.871299
Car -1 -1 -1.668985 1092.812622 876.059082 1404.198730 1077.796387 1.158049 1.845874 4.610725 1.842683 4.063778 21.565327 -1.583745 2.842081
Car -1 -1 1.802477 253.693481 313.951569 360.142456 386.498108 1.252088 1.544932 4.253598 -17.235345 -4.840862 69.643830 1.559873 1.112621
Car -1 -1 0.991375 690.780029 296.850891 837.991211 370.115753 1.312614 1.693906 4.102365 -6.048334 -5.455510 72.637308 0.908299 0.451626
Car -1 -1 -0.109096 163.189468 383.098297 386.291412 488.322693 1.512399 1.832152 4.022720 -14.053078 -1.869573 53.673739 -0.365172 0.819960
Car -1 -1 1.843135 169.448654 249.977127 261.132660 316.895660 1.546034 1.432132 4.255010 -24.338823 -8.009216 86.631260 1.569248 1.043886
Car -1 -1 -1.698443 1016.910583 285.621277 1104.883423 353.832916 1.276529 1.693424 4.251291 1.872817 -6.217680 77.031985 -1.674136 0.808436
Car -1 -1 1.690216 563.206787 212.847824 629.293274 269.475281 1.605964 1.776469 4.262406 -14.712236 -11.120236 102.795051 1.548059 0.682950
Car -1 -1 -1.614064 1012.283020 219.153152 1068.942993 269.459930 1.346226 1.847438 4.255099 1.788278 -11.101863 102.829593 -1.596675 0.761714
Car -1 -1 1.720973 455.951233 271.882172 537.241333 341.658936 1.413507 1.514348 4.247422 -14.243796 -6.720576 79.453944 1.543586 1.048363
Car -1 -1 1.776013 342.641876 279.048157 424.712311 341.002991 1.256766 1.332069 4.249857 -17.569162 -6.734140 79.884227 1.559527 1.198111
Car -1 -1 1.680221 631.416382 229.977921 694.154358 282.843903 1.345695 1.590315 4.261567 -11.368731 -9.901324 95.704480 1.561985 0.896732
Car -1 -1 -1.573089 979.380615 176.046570 1019.159912 210.328171 1.357737 1.791966 4.268794 0.335582 -17.778849 139.497363 -1.570684 0.571741
Car -1 -1 1.745947 437.869873 236.945267 510.132690 290.846588 1.392773 1.547788 4.249253 -17.881087 -9.620838 95.434833 1.560731 0.752343
Car -1 -1 1.685786 656.486755 264.543549 734.829773 333.850769 1.360339 1.674517 4.245333 -8.522173 -6.922537 79.285013 1.578709 0.909456
Car -1 -1 1.698358 569.309753 278.621307 645.648193 341.711060 1.269833 1.528791 4.238691 -10.964040 -6.629799 78.781298 1.560076 0.939299
Car -1 -1 1.738168 500.107849 249.002991 575.466797 311.969360 1.426168 1.543824 4.254949 -14.471221 -8.304988 88.142421 1.575439 0.872497
Car -1 -1 -1.585189 1010.383972 263.662720 1073.583374 325.838806 1.335123 1.688797 4.224712 1.513587 -7.502625 83.775142 -1.567123 0.884558
Car -1 -1 1.674773 666.884583 175.216446 711.884888 209.982971 1.325594 1.669840 4.251791 -15.040728 -17.513379 137.179044 1.565566 0.448034
Car -1 -1 1.631203 722.917297 220.993683 785.555725 280.405701 1.614957 1.733171 4.273268 -8.424145 -10.117922 97.437734 1.544960 0.677629
Car -1 -1 1.672585 698.929199 246.416840 763.458130 301.562042 1.276717 1.525480 4.259762 -8.221725 -8.516508 87.652273 1.579059 0.793750
Car -1 -1 1.635169 642.520264 321.159088 725.450989 389.041840 1.109550 1.509830 4.252870 -7.325576 -4.473510 65.860679 1.524396 0.768617
Car -1 -1 -1.655260 1214.158081 209.852051 1271.701538 256.217804 1.343776 1.847347 4.253036 10.221074 -12.666322 112.831475 -1.564920 0.552333
Car -1 -1 1.795886 355.644562 204.120392 418.944550 249.352020 1.344506 1.577656 4.244444 -25.005224 -13.104824 114.114843 1.580172 0.394173
Car -1 -1 1.650498 742.743713 148.462708 783.565735 186.918106 1.728785 1.814022 4.285471 -12.957963 -21.198278 156.303367 1.567785 0.198370
Car -1 -1 1.668270 682.938110 139.916351 718.847961 168.672775 1.588319 1.773967 4.271160 -19.778561 -26.426415 187.112875 1.562957 0.162690
Car -1 -1 1.654737 745.302979 198.669403 798.653076 247.949173 1.552259 1.786772 4.233948 -8.946903 -12.993143 112.821423 1.575601 0.396542
Car -1 -1 1.675876 619.608765 160.458008 666.774231 203.477066 1.839229 1.863770 4.381208 -18.080939 -18.582366 143.156108 1.550239 0.197769
Car -1 -1 1.655100 778.266418 190.420135 822.295105 231.478012 1.325519 1.480659 4.236290 -8.363271 -14.634618 121.227464 1.586221 0.349797
