Car -1 -1 -1.731932 1279.313599 375.808136 1404.688721 491.048523 1.411967 1.693993 4.707424 7.761267 -1.829162 45.437286 -1.562752 1.158763
Car -1 -1 -2.093051 107.987122 341.247589 278.321930 434.279785 1.387007 1.633115 3.996676 -17.339426 -2.929082 48.393890 -2.437099 0.509743
Car -1 -1 -1.883968 377.920074 353.886505 515.739807 456.902344 1.317894 1.399067 4.267457 -11.271532 -2.479810 46.497502 -2.121792 1.678487
Car -1 -1 -1.524677 912.893433 400.150330 1026.285889 547.608337 1.549515 1.724190 4.572663 0.083231 -0.765212 39.771969 -1.522584 1.456756
Car -1 -1 -1.538126 842.135986 315.420380 916.151062 386.624786 1.127519 1.540295 4.245773 -2.395222 -4.721358 58.367453 -1.579140 1.352454
Car -1 -1 -1.543059 1005.503906 223.232849 1053.770020 270.022491 1.373383 1.727308 4.248848 2.602704 -11.649619 91.099651 -1.514497 0.904166
Car -1 -1 -2.585260 1396.974609 287.192474 1576.519897 351.760010 1.139464 1.857957 4.513575 15.404903 -6.180199 64.739923 -2.351654 2.037170
Car -1 -1 1.780070 636.902039 234.664993 709.299194 289.493256 1.400010 1.664626 4.249226 -10.879286 -9.636155 80.162766 1.645179 0.913418
Car -1 -1 -1.496972 724.981384 891.725891 1012.639587 1077.876953 0.776497 1.842521 4.247131 -0.654373 4.183704 17.886215 -1.533541 4.119283
Car -1 -1 -1.602789 1094.943359 322.648499 1176.641724 396.868744 1.149986 1.745028 4.235556 4.277692 -4.278184 55.761408 -1.526225 1.779374
Car -1 -1 -1.707938 1270.776001 241.679367 1341.086792 296.174011 1.411791 1.838617 4.308262 12.471473 -9.393257 80.210398 -1.553689 0.758168
Car -1 -1 -1.579598 1089.499023 226.424423 1139.707642 272.147095 1.287785 1.771885 4.240793 6.051532 -11.348140 89.231064 -1.511883 0.955046
Car -1 -1 -1.533780 979.703308 276.347870 1042.495605 336.920349 1.199651 1.693847 4.238032 1.389119 -6.890239 68.312710 -1.513448 1.174555
Car -1 -1 -1.626999 1204.779053 190.034973 1257.103394 241.015701 1.828241 2.006153 4.525379 12.910671 -14.950882 106.446720 -1.506301 0.343096
Car -1 -1 1.752527 682.342957 219.863724 745.456848 271.986023 1.452225 1.466950 4.261176 -10.179783 -11.074854 86.925809 1.635950 0.792066
Car -1 -1 1.866582 430.377747 239.188080 511.830017 289.307007 1.260087 1.536176 4.261359 -18.324991 -9.615375 80.068450 1.641590 1.029010
Car -1 -1 -1.604010 1103.368164 268.661804 1169.595459 326.533173 1.193607 1.819753 4.248528 5.456007 -7.418041 70.538151 -1.526816 1.005251
Car -1 -1 1.813088 517.897644 236.508316 592.532043 291.878357 1.407694 1.532246 4.258383 -15.035833 -9.443249 79.177404 1.625422 1.033780
Car -1 -1 1.708049 810.757385 172.658768 853.368713 209.040329 1.703492 1.711756 4.378222 -7.836995 -18.963474 124.270540 1.645068 0.311820
Car -1 -1 -1.556200 1046.511230 172.740204 1080.537354 203.176300 1.357612 1.860322 4.257089 5.902311 -20.916646 134.429758 -1.512322 0.494483
Car -1 -1 1.744995 716.788574 204.683685 772.779114 252.537933 1.508936 1.657710 4.234914 -9.910584 -12.979855 95.855351 1.641970 0.683155
Car -1 -1 1.803101 604.972473 220.463684 668.516479 267.614288 1.309719 1.573261 4.233835 -13.501011 -11.457614 88.496489 1.651708 0.617593
Car -1 -1 1.794881 595.716553 199.383224 652.579041 239.344086 1.418295 1.705255 4.228465 -16.229277 -14.348749 102.349104 1.637623 0.627124
Car -1 -1 -1.601749 1155.290283 148.184296 1179.738159 169.628876 1.421751 1.745456 4.249341 16.530987 -30.549147 180.240276 -1.510288 0.272078
Car -1 -1 -1.573443 1120.067261 160.256744 1148.779907 187.016373 1.426170 1.803462 4.269203 12.058151 -25.559236 157.270947 -1.496921 0.260779
Car -1 -1 1.764773 699.421326 189.475418 747.158020 223.026764 1.223668 1.499758 4.250953 -12.699642 -16.532705 112.165376 1.652030 0.397744
Car -1 -1 1.728900 777.412598 170.618195 816.462952 199.826218 1.357664 1.576061 4.243551 -10.443651 -20.749212 132.371931 1.650167 0.413192
Car -1 -1 -1.570096 1099.144043 144.702423 1122.405640 166.114883 1.416950 1.739287 4.273188 12.168457 -31.573560 184.871076 -1.504369 0.237928
Car -1 -1 1.708983 795.385742 144.701385 827.395081 172.028473 1.513099 1.627763 4.251648 -11.912317 -27.577974 163.586093 1.636292 0.273840
Car -1 -1 1.766604 706.664307 175.909470 745.730774 203.482208 1.319458 1.476382 4.247428 -14.166563 -19.592926 127.157184 1.655652 0.291239
Car -1 -1 1.681923 819.108337 156.578552 852.954407 184.033096 1.409712 1.741607 4.239830 -9.324290 -25.373174 154.713130 1.621727 0.126659
