Car -1 -1 -1.458445 1376.383423 618.589844 1609.911499 836.978821 0.731956 1.724256 4.401161 5.501151 2.185119 23.026197 -1.223932 2.127694
Car -1 -1 0.068239 1383.165649 250.625610 1636.032959 366.165619 1.931898 2.075498 5.032633 12.146261 -3.862908 50.236927 0.305466 3.099939
Car -1 -1 0.227992 1132.759766 317.622498 1343.753174 397.553162 1.220400 1.867608 4.228852 6.077683 -3.210843 51.131087 0.346301 3.560975
Car -1 -1 -1.152047 786.085754 591.930115 1045.150391 766.521729 0.723124 1.268937 4.205737 -0.658784 1.956790 26.498696 -1.176903 3.857444
Car -1 -1 0.353928 668.586975 378.648834 906.903625 464.945587 1.218972 1.871873 4.360950 -4.104748 -1.637453 47.425195 0.267591 2.908868
Car -1 -1 0.308360 863.320374 290.285217 1049.515869 371.235016 1.483201 1.896080 4.147395 -0.603020 -4.359144 59.223629 0.298178 2.773955
Car -1 -1 -1.282112 919.521179 696.946411 1217.099731 929.676331 0.513942 1.452506 4.544137 0.993206 2.691300 21.187560 -1.235269 2.932227
Car -1 -1 -1.627094 1715.428955 614.710815 1918.831421 887.132263 1.012320 1.974169 4.410015 8.156673 2.339660 20.966184 -1.256071 1.458160
Car -1 -1 -1.439190 1213.480591 841.464233 1532.445312 1079.601562 0.942066 1.733948 4.236517 3.227898 3.977592 17.189686 -1.253570 3.206606
Car -1 -1 -1.134068 479.889587 757.320007 832.406006 1002.231018 0.551635 1.360563 4.302588 -2.883136 3.215285 20.648739 -1.272799 3.184104
Car -1 -1 0.664289 124.021286 370.965851 300.819611 442.709656 1.349960 1.867042 3.789641 -20.975048 -2.523031 59.769296 0.326783 1.487108
Car -1 -1 -3.000084 1355.120483 193.458557 1501.813965 255.427948 1.570487 1.892403 4.523217 15.508914 -9.130669 75.488259 -2.797455 1.467305
Car -1 -1 -2.721634 713.962524 249.895569 840.491577 300.305939 1.239254 1.882164 4.027138 -7.989286 -8.827599 86.128209 -2.814129 1.019789
Car -1 -1 0.664246 264.685669 336.579834 433.976837 399.911621 1.246854 1.843590 4.171423 -19.352207 -4.109036 67.753165 0.386026 0.445849
Car -1 -1 0.684781 207.188446 355.529236 369.693512 422.560211 1.210225 1.893927 3.307261 -19.552729 -3.196260 62.031029 0.379430 0.346078
Car -1 -1 0.374041 657.326843 346.860413 862.413635 421.329071 1.306630 1.841334 4.225087 -5.270397 -2.713719 53.049616 0.275017 1.546087
Car -1 -1 1.736164 1309.864868 166.262894 1362.304932 207.749496 1.333208 1.484186 4.251479 16.889860 -14.721452 104.205926 1.896848 0.483637
Car -1 -1 0.550213 59.019161 421.874695 238.277100 500.336823 1.234060 1.876994 3.161565 -19.764298 -0.985752 52.038321 0.187238 0.899457
Car -1 -1 1.702188 1425.705933 159.138092 1475.243286 199.903152 1.193569 1.541777 4.260395 22.347732 -15.137924 104.257146 1.913344 0.454287
Car -1 -1 0.415367 697.922913 327.156189 870.745911 390.143463 1.169410 1.853841 3.903625 -5.154916 -3.670163 58.468848 0.327429 0.788890
Car -1 -1 1.782818 1233.188843 175.652069 1285.735596 212.390320 1.177452 1.494679 4.273889 13.576577 -14.837819 106.844198 1.909209 0.427297
Car -1 -1 -2.719109 536.503174 247.597748 642.468384 286.617432 1.172871 1.863108 4.008469 -18.119643 -10.790593 100.651385 -2.897225 0.461341
Car -1 -1 1.766643 1267.523682 156.665359 1315.581665 196.449265 1.414569 1.437753 4.252784 16.384754 -16.788001 115.300220 1.907803 0.472157
Car -1 -1 -2.524236 231.189270 266.533203 320.692719 301.458099 1.120423 1.831227 3.142986 -33.369897 -10.422643 103.709939 -2.835536 0.317280
Car -1 -1 -2.373877 84.996490 291.219940 206.092056 332.946381 1.145428 1.798249 3.922518 -36.118409 -8.235497 94.490161 -2.738984 0.356571
Car -1 -1 1.689821 1367.105469 139.410919 1411.904175 175.403137 1.445452 1.791445 4.260176 22.342459 -18.456685 119.686555 1.874372 0.431774
Car -1 -1 -2.537522 31.085135 279.950958 151.956711 323.815308 1.353681 1.857732 4.004063 -39.011867 -8.764497 96.310153 -2.922387 0.243472
Car -1 -1 1.687860 1448.639282 135.676117 1492.937744 181.156586 1.686525 1.634533 4.405468 25.575548 -17.408135 114.322063 1.907951 0.250569
Car -1 -1 -0.141943 1834.971680 273.528168 1918.583984 384.256714 1.511876 1.767439 3.892506 19.789039 -3.269105 45.285132 0.270037 0.425418
