Car -1 -1 2.583158 1155.650635 241.973953 1415.684204 342.073944 1.197866 1.828420 4.270949 5.977837 -4.031398 52.426313 2.696691 2.690382
Car -1 -1 -1.520606 569.782593 604.081665 814.126709 858.677368 0.818262 1.795009 4.303546 -2.452533 1.846494 25.195452 -1.617641 2.256026
Car -1 -1 -1.685914 966.959595 620.186279 1229.409668 888.721619 0.813753 1.681334 4.281981 1.026082 1.980781 24.528961 -1.644107 2.711612
Car -1 -1 2.712541 1687.661743 214.949814 1919.575806 305.822083 1.332028 1.818175 4.270933 16.815013 -4.815148 55.480992 3.006818 1.038633
Car -1 -1 -1.183342 882.790527 169.278824 1023.746155 248.878677 1.220841 1.542699 4.304993 -0.401409 -7.422714 69.016787 -1.189158 1.047839
Car -1 -1 -1.825108 1371.696045 617.838074 1685.305908 881.948547 0.841215 1.484215 4.244056 4.846676 1.975706 24.700505 -1.631352 3.892686
Car -1 -1 2.895195 694.805420 234.338440 959.298706 331.845612 1.248374 1.859460 4.590749 -2.815705 -4.318158 54.123689 2.843219 2.822197
Car -1 -1 2.789071 117.755531 233.757095 420.479736 367.527771 1.541097 1.948677 4.678310 -12.986613 -3.659462 51.245101 2.540875 3.149127
Car -1 -1 2.860684 1345.786865 174.973206 1569.760376 268.259125 1.572157 1.856950 4.137608 10.926617 -6.200583 62.348869 3.034172 2.200267
Car -1 -1 -1.405115 158.719849 570.908997 458.905792 852.137024 1.021688 1.716823 4.518460 -5.851198 1.744762 25.073933 -1.634370 1.738456
Car -1 -1 -0.609340 587.090881 189.590744 769.593933 268.256927 1.183699 1.771484 3.789656 -6.618907 -6.386344 63.575412 -0.713078 1.541489
Car -1 -1 -2.233455 1356.544067 107.500206 1491.583496 161.601089 1.186662 1.549174 4.317183 14.498440 -11.956108 88.788969 -2.071593 0.784747
Car -1 -1 2.925670 1003.036621 198.780655 1237.321655 295.708832 1.554875 1.864084 4.184599 3.104837 -5.214037 57.985638 2.979164 1.710584
Car -1 -1 -2.736450 1568.317383 121.569633 1746.026855 189.212891 1.365410 1.857687 4.190811 19.766564 -10.014557 79.526878 -2.492834 1.497021
Car -1 -1 3.100574 336.131866 213.018433 565.908081 311.597717 1.386490 1.858257 4.071082 -10.820921 -4.960495 57.622328 2.914946 1.889346
Car -1 -1 2.894551 1658.286499 153.545746 1868.681763 240.517746 1.559263 1.821926 3.957859 19.096432 -7.228059 66.573302 -3.109287 2.145371
Car -1 -1 -1.281966 0.487658 872.013977 323.769562 1080.000000 1.142310 1.959498 4.226893 -5.692849 3.903434 18.121797 -1.586348 3.496144
Car -1 -1 -1.737009 1248.240723 90.385292 1328.747925 142.698334 1.304344 1.870541 4.231831 11.331446 -13.960040 98.983792 -1.623027 0.887598
Car -1 -1 1.846054 24.715445 105.164963 124.480080 178.490433 1.720896 1.650520 4.292089 -28.564179 -11.404588 88.359710 1.533387 0.899238
Car -1 -1 1.776582 252.924316 124.096573 344.563690 183.004059 1.184933 1.624590 4.255649 -20.540577 -10.862435 84.822292 1.538996 1.054431
Car -1 -1 2.957916 671.432007 215.703537 900.753052 303.906799 1.338044 1.824165 4.319666 -3.911973 -5.051299 57.804293 2.890343 0.595892
Car -1 -1 -0.011275 29.468657 228.743042 254.650482 319.005341 1.221054 1.847142 3.877524 -16.986656 -4.796541 57.101546 -0.300419 1.063992
Car -1 -1 1.725310 379.554291 117.887291 458.417999 177.423859 1.255992 1.645701 4.258248 -17.197645 -11.214316 86.425152 1.528887 0.962614
Car -1 -1 1.844056 103.242729 98.067993 183.727966 158.340179 1.457122 1.341282 4.272577 -28.035897 -12.764171 94.024627 1.554273 0.843406
Car -1 -1 -2.890000 1206.811768 179.319580 1388.092163 246.169159 1.142746 1.856716 3.849578 7.708580 -6.927882 65.318060 -2.772528 1.012382
Car -1 -1 1.737928 313.952087 103.588272 383.955963 160.934372 1.360735 1.363118 4.253758 -20.673494 -12.449897 92.263876 1.517500 1.137679
Car -1 -1 1.791715 197.558929 102.852425 270.570038 158.134079 1.343001 1.276720 4.272314 -25.008184 -12.771375 94.298070 1.532479 0.730035
Car -1 -1 1.807302 145.355637 119.917511 234.620056 177.157608 1.227848 1.567800 4.259134 -24.781969 -11.412078 87.906501 1.532521 1.075554
Car -1 -1 1.758579 252.814758 89.756165 325.463257 140.636566 1.294278 1.597647 4.271330 -24.998152 -14.361724 101.519685 1.517143 0.736815
Car -1 -1 2.742186 1100.992310 220.755676 1354.399536 308.847168 1.244303 1.811306 4.084330 5.105458 -4.817101 55.740780 2.833524 0.691659
Car -1 -1 1.807490 164.690918 81.447693 234.778061 130.489624 1.286677 1.350304 4.246675 -28.547137 -14.859003 102.765616 1.536533 0.705554
Car -1 -1 1.707095 438.964447 49.801083 492.638214 95.886818 1.484317 1.652923 4.269390 -22.240473 -19.054277 121.939075 1.526688 0.501415
Car -1 -1 1.723967 389.577667 26.320051 443.225067 78.821114 2.017418 1.479198 4.890907 -26.216859 -21.106568 130.997178 1.526444 0.176067
Car -1 -1 -0.430402 176.676407 205.877930 371.923767 280.390228 1.057842 1.832176 3.947264 -15.068012 -5.828757 60.578616 -0.674190 0.481152
Car -1 -1 1.750262 341.618164 83.834084 410.489075 139.426865 1.420302 1.452212 4.248785 -21.501157 -14.238460 100.403830 1.539301 0.476876
Car -1 -1 1.727828 377.881897 76.273209 438.029358 123.702248 1.233074 1.560070 4.259396 -21.590147 -15.664830 106.551222 1.527907 0.467539
Car -1 -1 1.830282 67.215027 69.506668 131.389999 113.271820 1.364291 1.399939 4.284361 -36.631881 -17.408858 116.256527 1.525035 0.287364
Car -1 -1 1.782534 306.655151 72.966591 365.025330 117.294380 1.179724 1.256539 4.257439 -25.425572 -16.553935 111.001457 1.557362 0.382998
Car -1 -1 1.762566 274.226166 59.830399 329.280090 99.051949 1.203612 1.310162 4.257909 -29.236827 -18.749153 120.855234 1.525210 0.303571
Car -1 -1 -1.655351 1133.919800 36.383991 1176.416504 66.990128 1.237226 1.710915 4.282003 9.465095 -23.314446 141.207989 -1.588421 0.214029
