Car -1 -1 2.883169 1541.529053 399.733337 1848.255981 496.029114 1.352084 1.847740 4.698306 13.056575 -1.639869 51.583125 3.131079 3.505458
Car -1 -1 -0.250235 97.026398 393.716919 345.404724 484.005676 1.144439 1.849676 4.003850 -15.197072 -2.038584 54.358266 -0.522848 2.785309
Car -1 -1 -1.652171 1020.414062 756.366028 1267.525513 1015.861511 0.916557 1.775731 4.283058 1.287206 3.034484 25.274111 -1.601285 2.169227
Car -1 -1 -1.783853 1355.591187 809.414490 1672.477417 1055.468872 0.600639 1.667791 4.513361 4.479936 3.202050 24.524609 -1.603174 3.877085
Car -1 -1 -1.509821 611.511658 818.994446 845.245972 1076.408081 0.701994 1.662837 4.255101 -2.191516 3.302073 23.884887 -1.601318 2.670471
Car -1 -1 1.744927 401.742126 290.070648 494.124817 371.481781 1.538300 1.580067 4.256288 -14.181866 -5.376414 72.199101 1.550969 1.067171
Car -1 -1 1.744613 446.944672 239.841019 537.144653 333.466492 2.062980 1.687608 4.590332 -14.454275 -7.001637 80.058725 1.565991 0.585282
Car -1 -1 1.694009 552.498718 189.792053 609.186768 236.596664 1.409134 1.704332 4.248892 -17.488810 -14.011611 117.502095 1.546255 0.591096
Car -1 -1 1.723779 518.711060 241.924667 588.470825 300.288116 1.319463 1.509297 4.241837 -14.476332 -8.973796 91.299051 1.566528 1.090011
Car -1 -1 1.706300 556.233704 221.688263 618.340454 271.850861 1.288174 1.551086 4.255195 -14.925946 -10.958932 101.938395 1.560911 0.687587
