Car -1 -1 -1.693540 1185.703979 531.690369 1368.340576 688.547180 1.143784 1.787929 4.247675 3.784837 0.935301 37.582603 -1.593171 3.175513
Car -1 -1 1.856272 9.334192 497.442810 213.407104 646.929688 1.122675 1.423092 4.458325 -12.525835 0.432262 39.600824 1.549927 1.961890
Car -1 -1 -1.411951 319.855438 748.570740 573.685181 975.513916 0.767638 1.536353 4.227980 -5.023009 2.850438 26.025740 -1.602608 2.843445
Car -1 -1 -1.747127 1285.090820 715.299683 1525.999634 924.985168 0.798917 1.602283 4.252409 4.124779 2.680098 28.324007 -1.602515 3.729912
Car -1 -1 -1.634486 989.998169 659.552124 1184.988159 841.335571 0.802878 1.718872 4.238720 0.957226 2.145634 30.443643 -1.603053 3.095384
Car -1 -1 -1.560102 758.411621 520.469666 911.200806 682.902222 1.220158 1.829577 4.238342 -2.147931 0.863198 37.772984 -1.616905 2.744631
Car -1 -1 -1.523170 673.308228 773.322998 888.969177 998.840088 0.774695 1.708322 4.229220 -1.907936 3.061076 25.967071 -1.596514 2.633063
Car -1 -1 -1.631590 965.334412 459.360046 1095.426270 573.474060 0.994734 1.745600 4.264866 0.560215 -0.479995 44.521505 -1.619008 1.920447
Car -1 -1 -0.801923 934.872620 281.992371 1095.707520 358.651825 1.474896 1.855178 3.954098 0.687319 -5.829929 74.093300 -0.792646 1.394997
Car -1 -1 -1.529986 805.964294 362.659180 908.984558 467.071442 1.360615 1.854751 4.249972 -2.691458 -2.499552 56.223241 -1.577820 1.698244
Car -1 -1 1.657875 656.272827 285.304657 738.738770 358.073853 1.360302 1.777135 4.257631 -7.982505 -5.945546 75.142185 1.552040 1.142567
Car -1 -1 -1.565850 942.932251 197.418015 984.782410 235.536621 1.289385 1.656708 4.246403 -1.261794 -14.412741 121.033802 -1.576275 0.745866
Car -1 -1 1.655500 707.360596 237.801025 775.801086 299.951477 1.522605 1.796985 4.253878 -8.288788 -8.959251 91.371343 1.565032 0.773157
Car -1 -1 -1.514587 1040.542480 182.734894 1087.408936 221.594574 1.426930 1.811502 4.278210 3.398027 -16.073931 129.953159 -1.488445 0.465876
Car -1 -1 1.684504 624.109863 191.947144 675.461914 233.373856 1.377355 1.623704 4.247828 -15.070507 -14.584505 121.653205 1.561251 0.655545
Car -1 -1 1.672052 666.178711 205.293442 722.341187 253.791077 1.476182 1.703473 4.250191 -11.976295 -12.584750 111.123726 1.564692 0.708386
Car -1 -1 3.079987 1277.552979 338.336731 1383.193726 424.118011 1.569247 1.207811 2.222835 7.526500 -3.403605 61.852367 -3.082109 0.657407
Car -1 -1 1.641950 764.970276 188.810425 813.715820 234.880264 1.549931 1.726361 4.252980 -8.941015 -14.584113 121.859120 1.568709 0.513679
Car -1 -1 1.614583 799.418579 136.174393 828.765442 162.238388 1.481862 1.837082 4.248987 -12.428227 -27.624071 192.407387 1.550079 0.351324
Car -1 -1 1.620354 744.477112 222.187943 798.683044 270.368958 1.290875 1.571655 4.252459 -8.285996 -11.227004 103.896735 1.540770 0.691271
Car -1 -1 -1.414792 1081.965942 169.873489 1125.885620 199.260132 1.379502 1.792287 4.274628 5.961933 -19.391087 148.516073 -1.374670 0.121997
