Car -1 -1 -1.397294 221.155975 729.573792 508.349579 966.821716 0.658589 1.624877 4.272228 -5.657176 2.647551 24.606227 -1.623276 3.415155
Car -1 -1 -1.523621 568.269958 878.124207 875.539978 1080.000000 0.886754 1.908752 4.275254 -2.157378 3.830446 21.059148 -1.625708 3.527498
Car -1 -1 -1.677495 969.707947 517.125122 1168.812500 743.326477 1.300270 1.619113 4.792157 0.512162 1.353936 33.191926 -1.662066 1.991939
Car -1 -1 1.828856 110.337509 232.944199 209.522430 298.680847 1.306115 1.550604 4.259288 -25.184249 -7.473547 81.592981 1.529476 1.090075
Car -1 -1 1.780841 211.001984 188.435181 280.474396 236.649368 1.314357 1.529635 4.251156 -29.705799 -11.908846 107.041846 1.510137 0.758941
Car -1 -1 0.370430 484.956451 207.157394 623.067322 264.223053 1.416254 1.855660 4.406228 -16.273453 -9.952546 97.334878 0.204772 0.832909
Car -1 -1 1.761056 275.804047 194.719894 349.670990 247.212814 1.307742 1.599231 4.247313 -25.090767 -10.689925 98.960709 1.512746 0.942875
Car -1 -1 1.712349 402.748291 157.047318 453.856567 202.241028 1.540609 1.599356 4.253125 -27.259843 -15.753247 128.531049 1.503358 0.499838
Car -1 -1 1.735387 330.364655 156.851349 382.743744 199.187668 1.467212 1.648803 4.260657 -30.907184 -15.997968 129.692646 1.501439 0.551677
Car -1 -1 1.788432 230.293533 161.525101 290.211548 202.054611 1.277041 1.493075 4.268568 -33.805348 -15.098983 123.760083 1.521785 0.428192
Car -1 -1 1.761225 279.639160 153.852432 334.918976 191.528992 1.329408 1.603644 4.260593 -34.363225 -16.912772 134.241643 1.510626 0.298287
Car -1 -1 1.681613 466.838318 145.832214 513.555542 181.829117 1.439215 1.714797 4.254229 -26.457913 -17.933466 139.271975 1.493877 0.263436
