Car -1 -1 2.696821 1754.465820 370.226715 1916.470093 461.949554 1.381013 1.885756 4.177318 19.891755 -2.343858 46.495430 3.101079 0.637699
Car -1 -1 1.936757 27.802891 263.872345 133.609467 330.446472 1.284246 1.270960 4.239900 -25.625178 -6.971816 65.361391 1.563119 1.345022
Car -1 -1 1.872652 165.653488 258.425232 265.627686 323.475922 1.282974 1.421796 4.222648 -21.955700 -7.278042 66.416098 1.553383 1.490740
Car -1 -1 1.825271 307.031494 253.437393 400.618011 318.284149 1.299954 1.476773 4.241088 -17.975680 -7.501052 67.220113 1.563970 1.582201
Car -1 -1 1.785367 378.459747 231.809830 456.059937 287.890198 1.292247 1.490690 4.236668 -17.795202 -9.220632 74.543203 1.551029 1.358404
Car -1 -1 1.844771 249.038666 217.075485 343.761902 296.620728 1.865239 1.463023 4.894781 -21.354523 -8.808955 72.773530 1.559345 0.634104
Car -1 -1 1.794022 388.892090 180.617554 457.201965 235.797073 1.757286 1.645716 4.500883 -21.793345 -13.396442 92.423219 1.562452 0.463889
Car -1 -1 1.869821 172.367325 227.757767 261.611328 283.740051 1.353390 1.568355 4.256012 -25.434654 -9.680314 77.048823 1.550973 1.402077
Car -1 -1 1.750439 500.235748 187.138062 553.239563 231.046387 1.463967 1.388074 4.234507 -17.966306 -13.906900 95.114443 1.563748 0.716166
Car -1 -1 1.771714 421.934418 214.591095 490.025360 266.852081 1.322245 1.435982 4.240783 -17.996394 -10.777401 81.391784 1.554107 1.216657
Car -1 -1 1.762712 465.242645 195.054062 528.470093 245.877075 1.551224 1.525468 4.228436 -18.130547 -12.595944 89.457095 1.562747 0.664424
Car -1 -1 1.684611 610.015747 149.010452 652.493591 182.913406 1.459995 1.817317 4.257591 -17.982907 -21.197137 127.276007 1.544249 0.552916
Car -1 -1 1.850531 246.888580 194.570480 331.892822 257.009857 1.714661 1.646890 4.542924 -25.333917 -11.677699 85.356159 1.562011 0.411001
Car -1 -1 1.766270 446.588409 159.590363 490.506989 189.279785 1.204878 1.338936 4.232296 -26.180024 -19.857198 121.298515 1.553699 0.442902
Car -1 -1 1.805029 346.925751 207.177246 413.397278 252.103592 1.170646 1.339846 4.222406 -22.256684 -12.095987 87.347606 1.555533 0.644904
Car -1 -1 1.822901 314.759735 219.603287 383.048798 265.810486 1.113207 1.214268 4.243178 -21.723771 -10.703104 80.602076 1.559637 0.608162
Car -1 -1 1.750689 406.686066 165.649780 456.403473 199.773056 1.330029 1.621244 4.243753 -25.618564 -17.501040 110.112016 1.522097 0.377989
Car -1 -1 1.723724 498.825439 145.482147 539.936401 174.463623 1.396777 1.677559 4.227589 -25.432889 -22.570847 132.437336 1.533997 0.330428
Car -1 -1 1.665059 626.802917 124.907196 659.375366 151.115646 1.489157 1.859124 4.236452 -21.604670 -28.590539 159.335564 1.530289 0.211117
Car -1 -1 1.748786 451.711792 178.342361 501.523834 216.630142 1.220104 1.273451 4.224201 -21.689705 -15.634951 102.167532 1.539597 0.429734
