Car -1 -1 -1.529295 820.932007 364.101044 916.281372 451.928619 1.144627 1.735757 4.244707 -2.570925 -2.833013 58.016374 -1.573580 1.765387
Car -1 -1 -2.463030 1562.757812 336.872406 1767.556030 414.364655 1.121971 1.793872 4.409284 15.773315 -3.983068 65.141318 -2.225462 1.127129
Car -1 -1 1.791403 287.313324 285.431610 394.066711 367.021301 1.558788 1.618657 4.247609 -17.148450 -5.547336 72.912345 1.560409 1.148420
Car -1 -1 -1.576968 938.621338 265.331482 1015.223206 355.745361 1.916385 1.919323 4.274427 -0.432195 -6.214714 77.522699 -1.582543 1.225770
Car -1 -1 1.835527 157.701019 251.681793 254.264923 319.278107 1.550936 1.661979 4.270342 -24.681375 -7.971945 86.910830 1.558827 1.071673
Car -1 -1 1.751067 384.013214 309.861664 478.952850 384.303650 1.278148 1.451542 4.242092 -14.042410 -4.872650 69.352402 1.551289 1.316329
Car -1 -1 1.384066 658.764465 288.329102 756.302368 360.322327 1.299583 1.791330 4.264032 -7.713637 -5.853434 74.414031 1.280777 0.708220
Car -1 -1 1.704474 519.309753 303.613678 610.706909 377.428772 1.298088 1.615377 4.245850 -10.931770 -5.150416 70.866065 1.551420 1.186978
Car -1 -1 -1.695462 1293.583130 259.949951 1368.874023 318.556122 1.283314 1.669002 4.238423 10.653055 -7.995825 86.923095 -1.573513 0.632931
Car -1 -1 -1.663138 1044.692139 859.458252 1357.175537 1078.273438 1.220344 1.857681 4.476418 1.524340 4.045364 22.282819 -1.594835 2.083823
Car -1 -1 -1.570853 938.945129 184.352951 981.458252 225.466644 1.505542 1.744946 4.254944 -1.437916 -15.406578 125.996925 -1.582265 0.667066
Car -1 -1 -1.596038 1036.237549 234.561646 1100.092896 295.728302 1.535273 1.800393 4.272950 2.517477 -9.252446 93.078226 -1.568998 0.763599
Car -1 -1 -1.546960 869.572693 176.279251 909.752625 214.303482 1.477814 1.797308 4.252108 -5.054889 -17.170646 136.147553 -1.584071 0.658908
Car -1 -1 1.738898 462.204315 227.897598 533.073792 281.353546 1.388790 1.640906 4.245172 -17.486139 -10.177975 97.821104 1.562010 0.806141
Car -1 -1 -1.584437 1015.035522 202.880325 1064.821411 245.779083 1.333538 1.853472 4.250526 2.026591 -13.547175 116.772302 -1.567083 0.732621
Car -1 -1 1.699615 589.646423 245.034805 666.164062 319.659241 1.746092 1.758772 4.247341 -11.226631 -7.817949 85.362035 1.568848 0.836977
Car -1 -1 -1.549322 936.898071 134.931885 964.236511 160.886108 1.520842 1.728580 4.237690 -2.958252 -28.246378 196.134091 -1.564404 0.290699
Car -1 -1 1.743434 392.551788 184.888977 457.901581 231.972748 1.701034 1.980792 4.255558 -25.725333 -15.090566 125.522557 1.541287 0.445924
Car -1 -1 1.746358 432.915588 290.259094 512.210449 356.008209 1.271748 1.277553 4.257666 -14.458352 -6.116091 76.987421 1.560719 0.902452
Car -1 -1 -1.365174 1074.479858 169.694046 1120.182373 202.032730 1.381410 1.743041 4.236207 5.609991 -18.941881 145.463197 -1.326626 0.323078
Car -1 -1 -1.677037 1187.676147 193.421371 1241.607788 235.423920 1.352757 1.736897 4.257064 9.700440 -14.434308 120.859784 -1.596946 0.396795
Car -1 -1 -1.579991 986.573547 149.030975 1019.116150 177.017014 1.366844 1.794213 4.260226 0.663980 -24.332379 175.175263 -1.576201 0.389924
Car -1 -1 1.645739 711.052063 168.050461 751.969604 203.422272 1.430725 1.641504 4.247049 -13.452231 -18.542167 142.809349 1.551819 0.551897
Car -1 -1 -1.644264 1160.635864 171.865814 1205.733276 209.929810 1.540454 1.791308 4.278928 9.677080 -17.792950 139.492632 -1.575001 0.340705
Car -1 -1 -1.569462 881.754822 159.075027 917.699402 194.114426 1.507067 1.661945 4.262649 -5.099642 -20.501877 153.959978 -1.602573 0.376242
Car -1 -1 -1.551987 883.890686 132.806992 913.087219 162.174438 1.682164 1.719045 4.399859 -6.545633 -27.706185 192.462618 -1.585984 0.133505
Car -1 -1 1.689754 610.199463 173.148697 653.647827 206.625076 1.324795 1.649175 4.256721 -18.575732 -18.344583 142.410010 1.560048 0.441778
Car -1 -1 1.631580 726.426697 218.960297 784.868408 275.755890 1.639405 1.685895 4.242631 -8.352894 -10.314866 98.073044 1.546615 0.513590
Car -1 -1 -1.665537 1134.519897 164.744141 1179.988770 200.318405 1.525896 1.929040 4.257671 8.926793 -19.298371 147.973922 -1.605283 0.170222
