Car -1 -1 -1.714073 1195.460571 426.741547 1362.081421 574.279541 1.079894 1.746512 4.269146 4.397388 -0.139239 33.828994 -1.584809 2.612338
Car -1 -1 -1.616804 979.644775 291.876801 1068.924438 373.110565 1.164774 1.785828 4.274380 0.783693 -4.157256 52.402177 -1.601850 1.697813
Car -1 -1 -1.673792 1155.711182 311.754822 1266.804810 401.822266 1.095911 1.726492 4.254453 4.719692 -3.243364 47.135405 -1.573994 1.415704
Car -1 -1 0.406536 1166.926025 222.207718 1325.137085 284.246490 1.298742 1.876856 4.227563 7.644350 -7.455414 65.476241 0.522760 1.376282
Car -1 -1 0.078551 1592.816406 222.672668 1760.449219 295.049011 1.494863 1.838893 3.932424 18.849275 -6.550220 59.961913 0.383124 2.748479
Car -1 -1 -1.691995 1082.480835 226.690308 1167.326050 299.263550 1.408020 1.837460 4.239517 3.953765 -7.075231 64.731414 -1.630991 1.380895
Car -1 -1 -1.575979 899.089722 210.961105 960.856995 270.753052 1.394936 1.833670 4.259599 -2.064146 -8.872682 73.914043 -1.603898 0.949386
Car -1 -1 2.691599 1738.284668 198.060654 1883.868408 261.469696 1.481569 1.850055 3.625410 25.330107 -8.349386 67.637111 3.049931 0.865553
Car -1 -1 -1.570300 852.174805 260.911377 923.313599 331.781433 1.173655 1.678668 4.249937 -2.824493 -5.809655 60.493883 -1.616957 1.489536
Car -1 -1 -1.585008 952.310059 230.161667 1025.108154 306.447235 1.579398 1.836961 4.277276 -0.080150 -6.780276 64.112921 -1.586258 0.965119
Car -1 -1 1.548705 748.245972 201.078171 809.561890 252.836456 1.282267 1.703412 4.274352 -7.789049 -10.250559 80.511983 1.452262 0.681166
Car -1 -1 2.691850 1835.021118 196.670242 1917.809692 268.468109 1.576153 1.875852 3.813752 27.392759 -7.813163 64.733599 3.092162 0.410950
Car -1 -1 1.581990 738.598633 174.539902 792.919556 229.332260 1.649640 1.809862 4.252269 -9.204654 -12.234804 89.424020 1.479418 0.687325
Car -1 -1 1.625079 794.401367 135.887039 835.098633 170.780151 1.306193 1.711382 4.236851 -9.399327 -18.890695 117.276789 1.545104 0.468905
Car -1 -1 1.609994 811.904968 117.403870 849.786377 153.380341 1.543436 1.774737 4.249660 -9.301365 -21.505921 127.724063 1.537299 0.409057
Car -1 -1 1.647930 814.809082 74.540054 839.861755 99.219894 1.686841 1.853784 4.242595 -13.749472 -35.407096 185.661308 1.574008 0.230597
Car -1 -1 1.635560 843.657654 86.459656 872.860962 110.368103 1.562663 1.875588 4.230158 -10.159051 -31.590157 169.873164 1.575828 0.169607
