Car -1 -1 1.812891 54.501816 555.980896 303.085815 776.818787 1.421394 1.467819 4.408144 -9.350591 1.601567 32.129115 1.529682 3.089843
Car -1 -1 1.764560 374.545135 369.406189 517.407288 502.806915 1.624305 1.491752 4.486734 -10.089805 -1.735987 51.360089 1.570578 1.413884
Car -1 -1 -1.639263 997.397461 822.402283 1236.515381 1073.631836 0.663667 1.635545 4.269603 0.978312 3.285569 23.879444 -1.598317 2.823448
Car -1 -1 -1.521727 678.619812 791.997620 898.397827 1025.981079 0.662067 1.670244 4.250466 -1.750255 3.091376 24.914337 -1.591863 3.963571
Car -1 -1 -1.779129 1372.811157 833.656494 1666.706909 1078.554810 0.800871 1.604396 4.225768 4.517502 3.553971 24.276943 -1.595152 3.138837
Car -1 -1 1.763749 328.642487 331.534546 438.374969 419.410095 1.323970 1.478620 4.248798 -13.887344 -3.762506 63.220623 1.547518 1.490946
Car -1 -1 -1.593553 1039.331177 232.280746 1097.140991 283.648499 1.312339 1.761474 4.240336 2.696958 -10.185759 98.464981 -1.566170 1.064299
Car -1 -1 1.786619 314.184448 214.711517 379.619171 260.038940 1.309612 1.478413 4.261676 -25.362524 -12.085070 108.888166 1.557776 0.844255
Car -1 -1 -1.572484 987.250854 132.992096 1013.285522 157.288849 1.393571 1.710136 4.245726 0.602981 -28.959882 199.545768 -1.569462 0.292665
Car -1 -1 1.625391 789.063904 146.193604 822.324951 175.885101 1.419744 1.777680 4.270062 -11.353331 -23.381485 168.200744 1.557994 0.294267
Car -1 -1 1.643760 757.670410 135.623886 788.626526 162.485748 1.449905 1.740366 4.243443 -15.183671 -27.460452 191.228985 1.564526 0.204158
