Car -1 -1 -1.619450 1014.486938 496.282928 1162.951782 649.773560 1.253642 1.796562 4.236959 1.344444 0.510177 40.564280 -1.586318 2.464786
Car -1 -1 -1.738903 1267.754517 640.561035 1509.557251 860.914490 1.139167 1.753598 4.326083 4.207886 2.278271 30.231677 -1.600604 3.003971
Car -1 -1 -1.543870 827.759888 335.511322 918.979797 428.681366 1.428953 1.802263 4.249539 -2.617600 -3.475872 61.716564 -1.586258 1.664140
Car -1 -1 -1.544631 768.099487 587.050964 929.559998 745.542114 0.925504 1.724056 4.225027 -1.754747 1.464186 34.380917 -1.595626 3.303120
Car -1 -1 1.357346 661.968506 270.748474 772.616455 360.928558 1.728845 1.850142 4.301757 -7.385123 -5.812981 73.851249 1.257677 0.655987
Car -1 -1 -1.591836 973.176880 279.571167 1042.034912 342.823914 1.230392 1.693085 4.243294 0.429906 -6.594138 78.500976 -1.586359 1.350093
Car -1 -1 -1.565277 928.368774 197.572327 977.116028 243.575928 1.549635 1.833149 4.249769 -1.657966 -13.468488 115.780120 -1.579596 0.842355
Car -1 -1 -1.515496 1043.317261 180.237717 1087.820190 217.673813 1.325701 1.716319 4.261171 3.526519 -16.655980 133.010718 -1.488989 0.443733
Car -1 -1 -1.564923 903.640442 168.752838 943.704651 210.466171 1.611794 1.787333 4.305162 -3.480905 -17.839829 139.621092 -1.589849 0.453537
Car -1 -1 -1.599384 994.280334 235.374878 1059.605957 295.933075 1.560837 1.964941 4.344346 1.196195 -9.389704 94.576130 -1.586736 0.644628
Car -1 -1 -1.553207 894.061829 140.673233 924.509094 167.464539 1.406823 1.818432 4.269830 -5.512968 -25.917784 182.928679 -1.583335 0.382902
Car -1 -1 -1.576950 1005.515198 198.095245 1051.174805 235.581680 1.234835 1.755201 4.279215 1.600665 -14.179992 119.303360 -1.563534 0.532760
Car -1 -1 -1.569242 1028.794556 217.940369 1085.275513 270.262726 1.457831 1.907582 4.221518 2.366851 -11.057622 102.492849 -1.546153 0.615113
Car -1 -1 -1.570397 941.982361 147.554077 974.736389 182.537308 1.668130 1.833627 4.260029 -1.996193 -22.388645 163.515914 -1.582604 0.252221
Car -1 -1 -1.605027 1092.216675 137.817062 1123.014282 164.159302 1.535660 1.921941 4.245172 7.999070 -27.298759 191.219597 -1.563220 0.140205
Car -1 -1 -1.517369 1090.998901 165.234467 1132.402588 196.751068 1.427307 1.813322 4.246857 6.710075 -20.411599 154.417715 -1.473943 0.151012
