Car -1 -1 0.854447 672.155518 281.903473 837.140564 389.773163 1.864671 1.902580 3.525403 -5.400137 -3.977245 63.823310 0.770037 1.193679
Car -1 -1 -1.498503 543.531616 659.981384 779.188354 895.861145 1.030257 1.833501 4.262261 -3.168540 2.438673 27.377992 -1.613724 2.008381
Car -1 -1 -1.745966 1282.542847 624.399719 1531.659302 847.450195 1.076236 1.572796 4.536529 4.283629 2.172367 29.318319 -1.600885 1.948936
Car -1 -1 -1.392103 212.799011 587.272217 476.296570 861.507690 1.528301 1.595736 4.240779 -6.460008 2.200953 28.212353 -1.617200 3.001832
Car -1 -1 0.400592 1111.410645 343.514313 1360.907959 433.859589 1.269810 1.901219 4.439365 5.116559 -2.760560 57.696563 0.489041 2.680512
Car -1 -1 -1.612937 936.989807 766.512329 1265.001465 1078.984375 1.992796 1.806780 5.179796 0.643376 4.049381 19.453694 -1.579877 2.349644
Car -1 -1 1.839493 96.632172 277.945618 209.623459 355.540802 1.309508 1.450114 4.279914 -21.006860 -5.147381 69.762038 1.547007 0.905011
Car -1 -1 1.384718 459.779724 265.679108 554.752930 332.779877 1.255059 1.665566 4.271074 -13.719486 -6.334524 78.231928 1.211114 0.922443
Car -1 -1 -1.439600 375.646881 914.242249 717.634583 1078.817261 0.828358 1.755536 4.220584 -3.050712 3.867384 19.986707 -1.591068 4.030636
Car -1 -1 -1.630772 970.605042 660.086853 1192.504028 868.387390 0.808683 1.703690 4.589732 0.773750 2.222490 26.994580 -1.602117 1.133746
Car -1 -1 1.804044 174.511902 230.074478 260.607727 283.301056 1.318118 1.638273 4.264476 -26.533712 -9.175478 95.294715 1.532484 0.810290
Car -1 -1 1.716108 424.807220 213.222519 495.512421 269.743164 1.554292 1.755614 4.259968 -19.339442 -10.215219 101.212027 1.527306 0.610785
Car -1 -1 1.780615 229.895615 244.325943 314.770477 297.717804 1.225689 1.624112 4.258725 -23.398533 -8.291985 90.407498 1.527361 0.746660
Car -1 -1 1.750701 367.892212 205.133179 434.695496 254.317291 1.434880 1.702705 4.259121 -23.090919 -11.476634 108.623012 1.541240 0.646408
Car -1 -1 1.777539 267.864014 207.622162 332.982147 255.474884 1.350176 1.371796 4.241009 -26.763957 -11.359774 107.661939 1.533886 0.671260
Car -1 -1 1.717891 438.759857 178.989166 497.050323 224.177475 1.601127 1.780947 4.263354 -23.921292 -14.696624 127.265119 1.532094 0.288222
Car -1 -1 -1.811315 1411.400757 926.277405 1836.303711 1080.000000 0.905138 1.906662 4.165354 4.393738 4.046727 20.018725 -1.595259 3.443362
Car -1 -1 1.667862 599.039185 139.299606 632.080872 165.818451 1.583627 1.888067 4.259974 -26.728869 -26.561719 197.484465 1.533333 0.234007
Car -1 -1 1.704772 503.562622 170.363922 550.644714 206.033066 1.392612 1.738390 4.262842 -24.200018 -17.535213 144.618111 1.538970 0.469499
