Car -1 -1 -0.098700 215.316589 413.713043 511.354584 542.976318 1.573662 1.854381 4.442995 -10.727516 -0.857995 47.254569 -0.321932 4.117904
Car -1 -1 -1.524676 679.444824 779.534241 904.143250 1020.102783 0.719863 1.714127 4.240620 -1.715193 3.046429 25.017741 -1.593128 3.521802
Car -1 -1 2.320024 891.544250 454.732330 1162.081787 600.692505 1.374293 1.773199 4.128478 0.603814 -0.088674 42.568191 2.334207 1.992231
Car -1 -1 -1.664732 1062.174194 792.142151 1290.293579 1021.450928 0.654348 1.570678 4.239601 1.573225 3.092285 25.192010 -1.602364 3.025387
Car -1 -1 -1.260021 771.293762 339.849274 899.356140 420.925659 1.161200 1.503982 4.284244 -3.499401 -3.668313 62.256135 -1.316172 1.295138
Car -1 -1 -1.767997 1349.561523 741.855103 1656.297363 1018.798767 0.972432 1.675745 4.713024 4.532504 3.004522 25.289626 -1.590656 2.483000
Car -1 -1 -0.232460 396.239746 387.711853 658.909485 478.276276 1.116174 1.842330 4.581859 -9.209859 -2.177409 54.530619 -0.399775 2.638246
Car -1 -1 1.753211 387.468384 305.072357 490.430298 378.440155 1.263755 1.722509 4.245660 -14.193063 -5.154929 71.074954 1.556113 1.173805
Car -1 -1 1.791136 273.061737 303.079102 378.492340 375.755676 1.275507 1.587295 4.239722 -17.261879 -5.258526 71.736985 1.554998 1.142592
Car -1 -1 1.701466 523.636963 287.958923 620.055542 372.107910 1.519327 1.759649 4.243591 -10.975304 -5.420288 72.290608 1.550794 1.320767
Car -1 -1 -1.534288 816.371704 286.817566 884.308289 349.602814 1.177499 1.646273 4.234368 -3.901216 -6.269880 76.688670 -1.585115 1.162031
Car -1 -1 1.787025 351.953705 276.743805 432.068573 340.839844 1.284333 1.233532 4.239145 -17.320822 -6.744895 79.782310 1.573242 0.934245
Car -1 -1 1.665538 654.931091 287.198944 737.440186 357.162537 1.308612 1.738768 4.254291 -7.987577 -5.952672 74.891198 1.559284 1.344561
Car -1 -1 -1.645293 1199.793457 200.700104 1252.193115 244.065659 1.404683 1.719254 4.243637 9.882515 -13.559929 116.515728 -1.560678 0.620341
Car -1 -1 1.685288 603.843323 250.912430 668.210388 309.361725 1.284606 1.353816 4.250522 -11.166079 -8.228650 86.764637 1.557297 0.934057
Car -1 -1 -1.605898 1092.891846 138.376434 1127.006226 165.841278 1.509964 1.919701 4.257160 7.873501 -26.389962 186.082690 -1.563611 0.146646
Car -1 -1 1.654552 710.930969 150.307205 749.678101 183.797577 1.651338 1.875121 4.252039 -15.649966 -22.537711 165.169872 1.560083 0.240042
Car -1 -1 -1.662413 1141.886963 171.236542 1191.793091 208.174774 1.472164 1.861743 4.260142 8.725664 -17.747515 138.443032 -1.599469 0.366397
Car -1 -1 -2.049614 1001.231079 166.697433 1076.728394 198.674835 1.304527 1.693244 4.115157 2.524837 -19.536038 148.517970 -2.032616 0.196174
Car -1 -1 1.645970 743.948059 137.978668 775.234253 168.995911 1.803710 1.649166 4.353271 -15.709926 -26.342044 186.590670 1.561973 0.132066
Car -1 -1 1.680040 621.465698 230.714630 675.128296 282.010773 1.326773 1.344937 4.216567 -11.950662 -9.908956 95.844181 1.555992 0.281317
