Car -1 -1 -1.195999 646.493713 648.533569 907.828308 839.317688 0.663732 1.242018 4.213495 -2.139545 2.470260 24.651884 -1.282572 3.329796
Car -1 -1 -1.469767 1349.790894 630.831665 1576.658936 878.637695 0.913169 1.654493 4.215453 4.932809 2.433531 21.908640 -1.248307 3.803441
Car -1 -1 0.332690 797.000000 311.404114 990.263367 393.181610 1.360499 1.900108 4.023006 -2.162033 -3.620953 55.958644 0.294073 2.958822
Car -1 -1 -1.283103 909.270264 727.942078 1211.605835 974.395447 0.519527 1.500296 4.421256 0.907237 2.952810 20.646891 -1.239191 3.954533
Car -1 -1 -0.049756 1591.660400 297.053802 1914.499390 425.152832 1.712525 2.076790 5.309685 14.499116 -2.215619 41.468545 0.286599 3.670731
Car -1 -1 -2.988716 1199.108765 217.527222 1358.415527 287.958160 1.576165 1.903929 4.409114 9.705390 -7.710534 71.080196 -2.853013 2.092920
Car -1 -1 0.109001 1339.195801 307.121307 1589.457275 392.694366 1.242811 1.896718 4.811882 10.563050 -3.095702 47.638740 0.327203 2.886728
Car -1 -1 0.530095 263.372070 357.853912 469.531403 444.894806 1.540645 1.949295 4.321014 -15.813691 -2.403455 56.637058 0.257818 2.123726
Car -1 -1 -1.637946 1728.493896 791.515381 1917.983643 1077.147217 1.104924 1.798282 4.253122 6.808219 3.735391 16.715157 -1.251156 4.453609
Car -1 -1 0.711251 56.145664 338.399994 207.224823 397.095337 1.229884 1.834241 3.875797 -27.766822 -4.401636 71.627477 0.341431 1.053239
Car -1 -1 0.571991 334.895935 333.741974 508.099121 395.718964 1.219946 1.839750 4.128963 -16.714787 -4.096194 65.915063 0.323645 0.836880
Car -1 -1 -1.049350 85.941132 866.490356 711.123230 1078.818115 0.888223 2.476034 4.746796 -4.468784 4.370069 18.235229 -1.289677 3.535245
Car -1 -1 1.641229 1443.840210 155.690720 1489.026489 195.763916 1.220897 1.661842 4.273282 22.870397 -15.105004 103.190409 1.859336 0.605857
Car -1 -1 0.581564 265.608582 328.817627 413.949158 389.027008 1.108789 1.812187 3.489637 -20.337743 -4.637976 69.226503 0.295818 0.341189
Car -1 -1 -2.698752 427.848541 256.715057 523.247498 292.177704 1.032515 1.819255 3.416119 -24.126008 -11.007560 104.631884 -2.925371 0.290624
Car -1 -1 0.622975 287.579590 341.807922 466.444977 412.699341 1.473676 1.846546 4.206382 -16.353097 -2.923084 59.785479 0.355976 0.403505
