Car -1 -1 -1.594084 864.731384 578.338074 1070.475342 796.349792 0.835049 1.780343 4.252781 0.066006 1.303077 23.110147 -1.591228 3.248481
Car -1 -1 -1.728893 1144.415527 669.431213 1406.339600 912.874023 0.632155 1.645651 4.264852 2.924965 2.016993 20.793370 -1.589141 4.160187
Car -1 -1 2.160708 688.437805 253.363083 857.290283 347.282806 1.364935 1.529564 4.349407 -4.220489 -5.651555 50.897886 2.077977 0.781030
Car -1 -1 -1.439296 538.260010 656.960205 805.172546 915.450439 0.831498 1.712744 4.235796 -2.549714 2.048824 20.579346 -1.562564 4.002332
Car -1 -1 3.062769 782.545898 174.349640 931.361755 233.171127 1.553920 1.895702 4.686836 -3.402632 -11.757590 75.876945 3.017955 1.715664
Car -1 -1 -2.930609 474.289215 188.962387 583.894836 246.594940 1.461168 1.804723 3.100783 -14.227902 -10.816138 72.700791 -3.123871 1.073689
Car -1 -1 2.863745 1421.969849 184.261673 1575.603271 234.644547 1.328487 1.853591 4.486908 18.884765 -11.723421 76.034933 3.107188 1.745345
Car -1 -1 2.855081 1270.977173 163.185593 1412.656006 210.033356 1.350429 1.879125 4.522375 15.114096 -14.024152 85.205099 3.030639 1.163942
Car -1 -1 1.673186 722.141296 126.634399 769.828308 167.649048 1.486093 1.787100 4.242187 -10.269839 -19.688617 107.683094 1.578103 0.659165
Car -1 -1 1.688837 652.718384 135.927414 701.615845 173.769897 1.322705 1.639076 4.258129 -13.308792 -18.918686 104.944267 1.562693 0.604512
Car -1 -1 1.735482 583.616943 138.892609 634.391113 175.046997 1.209741 1.609155 4.269341 -16.387671 -18.540373 103.234215 1.578053 0.721758
Car -1 -1 1.737368 614.078918 130.521820 655.767822 163.791672 1.242575 1.435100 4.258891 -16.275749 -20.397783 110.740752 1.591441 0.501900
Car -1 -1 1.673804 750.288940 113.376808 790.133423 153.799973 1.612228 1.594939 4.297103 -9.702897 -21.588615 114.766695 1.589460 0.430767
Car -1 -1 1.695537 686.625732 124.782532 724.936829 156.874664 1.227625 1.385927 4.245199 -13.139562 -21.568698 115.411698 1.582175 0.526674
Car -1 -1 -1.597595 804.482727 883.894714 1118.856812 1079.388184 0.849326 1.868969 4.346027 -0.034529 3.690157 15.935326 -1.599762 3.262261
Car -1 -1 1.677273 755.839661 85.765762 785.126953 113.019096 1.489669 1.638213 4.275889 -13.720770 -33.547235 163.201924 1.593398 0.270461
Car -1 -1 1.682214 597.992371 89.610008 632.997803 118.388702 1.728735 1.743778 4.300522 -24.172482 -31.367287 154.821475 1.527333 0.135100
Car -1 -1 -1.623930 997.853577 81.887665 1028.221680 105.381615 1.499046 2.020293 4.241777 4.728204 -36.704429 176.271049 -1.597113 0.190781
Car -1 -1 -1.636234 1022.877502 75.495438 1053.449707 98.970085 1.554602 1.946379 4.298511 7.067584 -39.303980 186.126065 -1.598280 0.144897
