Car -1 -1 1.945895 0.000000 404.328522 168.057434 552.572510 1.456991 1.744692 4.474525 -15.325863 -0.839447 36.970657 1.552916 1.968612
Car -1 -1 1.843498 351.073669 282.380859 464.204620 361.816925 1.185797 1.418308 4.329354 -13.397335 -5.154272 52.833371 1.595156 1.445900
Car -1 -1 -1.592939 1027.802856 319.981262 1119.609497 414.518280 1.283192 1.794414 4.229843 2.444587 -3.752393 49.221455 -1.543314 2.082987
Car -1 -1 1.905782 176.921600 286.866455 301.154022 375.027557 1.374323 1.324070 4.408322 -17.456529 -4.841572 52.670183 1.585744 1.464944
Car -1 -1 1.820985 489.312378 228.665359 579.466919 288.228638 1.263542 1.602723 4.313468 -13.776703 -8.889515 70.181107 1.627147 1.166223
Car -1 -1 1.898911 263.471100 238.690659 366.496002 298.527557 1.201646 1.449113 4.325955 -20.625958 -8.539533 69.496147 1.610399 0.973540
Car -1 -1 -1.569294 1017.709167 177.426086 1064.562134 221.767242 1.354741 1.796985 4.262267 3.449056 -14.866207 96.671184 -1.533631 0.924328
Car -1 -1 1.939543 43.363110 292.118195 172.526489 378.782043 1.353292 1.268602 4.261077 -21.217055 -4.908740 54.261626 1.566807 1.489638
Car -1 -1 1.757915 646.625549 174.493820 701.147156 216.566284 1.222801 1.424159 4.255072 -12.530389 -14.739219 94.408069 1.625960 0.671094
Car -1 -1 1.705029 703.729126 152.792389 748.263550 189.791992 1.344870 1.622773 4.242145 -12.267159 -18.804660 112.606371 1.596518 0.618264
Car -1 -1 1.850851 418.559204 201.037491 490.312408 248.201508 1.322088 1.433042 4.235029 -19.779122 -12.178441 85.154262 1.622624 0.868168
Car -1 -1 1.799873 526.240234 156.898666 578.084290 197.361145 1.437724 1.413586 4.259805 -20.571729 -17.915622 109.224155 1.613710 0.545078
Car -1 -1 1.814466 481.358643 196.857407 560.489319 251.802567 1.514080 1.661494 4.260938 -16.799267 -11.723946 83.074621 1.614938 1.018876
Car -1 -1 1.786289 558.541260 179.515411 622.011108 224.033218 1.348828 1.671537 4.242500 -15.835189 -14.139571 92.557339 1.616844 0.829672
Car -1 -1 1.863590 409.419189 178.829514 476.674377 227.472275 1.519162 1.429878 4.220812 -22.068203 -13.975914 92.535715 1.629480 0.654852
Car -1 -1 -1.577445 1037.213135 129.827881 1070.502686 160.641312 1.523042 1.831481 4.241344 5.681218 -24.579066 137.435063 -1.536131 0.391032
Car -1 -1 -1.591259 1095.724365 120.531845 1125.312866 146.962967 1.439482 1.858369 4.251790 10.425985 -28.427567 154.131514 -1.523719 0.365564
Car -1 -1 1.758982 624.395264 156.211700 674.426880 195.269348 1.461632 1.547326 4.256748 -15.422927 -17.634520 107.199751 1.616092 0.512280
Car -1 -1 -1.568696 1019.555054 115.300301 1044.568481 139.247665 1.388518 1.724811 4.235955 5.190004 -30.779342 164.032768 -1.537066 0.295183
Car -1 -1 1.414701 493.278656 128.392929 533.974487 159.703506 1.589031 1.554490 4.263794 -29.396881 -25.464817 142.277955 1.210952 0.199788
Car -1 -1 -1.597581 1075.755371 104.194206 1100.316895 127.354752 1.466860 1.784087 4.258723 10.474598 -35.358018 183.046309 -1.540420 0.235858
