Car -1 -1 -1.709028 1139.766479 271.896698 1301.892822 436.295074 1.596449 1.716918 4.867586 3.948970 -2.246524 44.408535 -1.620338 1.408814
Car -1 -1 -1.790919 1234.936401 480.326263 1464.300293 670.007141 0.942882 1.506017 4.269448 4.256735 0.650848 31.790619 -1.657812 2.437983
Car -1 -1 -1.622850 900.201843 236.890747 1034.395508 368.991638 1.405131 1.951803 4.269602 -0.105138 -3.579536 50.333961 -1.624939 1.783943
Car -1 -1 -1.545839 656.423157 408.852203 811.613281 551.806946 0.905130 1.802015 4.279084 -3.157199 -0.503441 37.572685 -1.629671 1.901481
Car -1 -1 -1.385983 164.941940 619.568176 453.635376 848.613770 0.658862 1.599751 4.263671 -5.898619 1.799437 25.180049 -1.616092 2.922601
Car -1 -1 -1.645389 923.330994 395.683746 1081.115601 544.515076 0.915351 1.692055 4.254776 0.362795 -0.640760 37.657880 -1.635755 2.182656
Car -1 -1 -1.697914 1042.605591 720.857239 1332.336182 997.261841 0.629282 1.686334 4.307630 1.646979 2.565632 22.714018 -1.625532 2.436906
Car -1 -1 -1.763695 1098.402466 147.488586 1199.464233 223.571060 1.241008 1.533056 4.247591 4.634764 -8.414711 72.646470 -1.699982 0.904057
Car -1 -1 1.854220 0.000000 168.297653 100.771133 253.520508 1.375747 1.813306 4.349731 -23.057049 -7.222399 68.486736 1.529474 0.674533
Car -1 -1 -1.554736 769.937439 156.696930 848.622009 227.241806 1.200495 1.782138 4.236561 -4.163647 -8.148527 71.681572 -1.612756 1.388549
Car -1 -1 -1.373402 948.663330 182.410477 1068.469116 273.035553 1.324065 1.838103 4.266724 0.920028 -6.286113 63.024836 -1.358805 1.240946
Car -1 -1 1.827758 97.334961 128.942657 192.078888 197.079666 1.350734 1.462240 4.265954 -24.409852 -10.136547 81.997480 1.538422 0.814056
Car -1 -1 1.795165 191.264969 145.609848 289.728333 211.972610 1.176001 1.531400 4.264784 -19.749096 -8.913801 75.066176 1.537906 1.117976
Car -1 -1 -1.558878 770.924500 90.840355 827.535950 141.076965 1.254519 1.872095 4.268406 -6.184667 -14.139103 100.005736 -1.620642 0.952996
Car -1 -1 1.790307 182.100266 79.507195 254.537384 131.547852 1.431797 1.512530 4.281910 -28.925950 -15.447868 106.816210 1.525848 0.633867
Car -1 -1 1.733557 378.292480 117.606178 455.434082 178.117569 1.224885 1.499935 4.250994 -17.033946 -11.086087 85.435214 1.536759 1.076306
Car -1 -1 -1.626996 981.035889 95.426659 1041.049927 146.980530 1.239437 1.772173 4.239946 1.405927 -13.562954 97.175925 -1.612530 0.963189
Car -1 -1 -1.584664 874.115234 81.703636 928.060059 131.859451 1.280663 1.810683 4.243914 -2.642768 -15.150790 104.775283 -1.609882 1.028893
Car -1 -1 1.711533 408.549225 99.496185 478.888336 155.432419 1.248019 1.501384 4.246335 -17.651387 -12.731548 92.999358 1.523963 0.803500
Car -1 -1 1.777516 262.096039 62.951061 317.396179 102.477837 1.223726 1.344971 4.265846 -29.934084 -18.732345 121.713567 1.536363 0.592827
Car -1 -1 1.717256 375.995789 73.632523 438.066956 124.526489 1.393815 1.581720 4.311619 -21.595660 -15.605912 106.132761 1.516518 0.489520
Car -1 -1 -1.298165 0.000000 899.869324 295.554810 1080.000000 0.918578 1.865460 4.276209 -6.249685 3.986660 19.149704 -1.613626 3.826271
Car -1 -1 1.706395 450.717377 83.783318 511.910370 135.052521 1.293938 1.513504 4.247467 -17.813821 -14.491088 100.961083 1.531750 0.820797
Car -1 -1 1.891495 19.021095 81.348053 98.173264 130.813629 1.361037 1.458045 4.267959 -35.694193 -15.668664 108.358007 1.573280 0.550036
Car -1 -1 1.746597 342.809113 55.191124 403.238495 103.137405 1.513536 1.618872 4.322128 -25.794098 -18.364336 119.286765 1.533640 0.416413
Car -1 -1 1.710653 432.738373 53.523594 487.342255 97.887512 1.406414 1.540726 4.289676 -22.499697 -18.942218 121.836411 1.528039 0.432129
Car -1 -1 -1.576836 835.648132 40.231884 878.569275 77.343506 1.351873 1.801361 4.270721 -5.649962 -22.178858 137.050561 -1.618038 0.415914
Car -1 -1 -1.576990 916.178345 31.528187 961.795532 73.036598 1.508959 1.969050 4.249214 -1.559638 -22.072465 134.975036 -1.588544 0.488861
Car -1 -1 1.757543 302.858917 40.310310 361.149261 87.122765 1.572364 1.612257 4.354464 -28.992606 -19.992653 125.705554 1.530868 0.361284
Car -1 -1 1.664973 512.929871 53.643585 564.286438 98.105217 1.352914 1.510514 4.256482 -19.080041 -19.105039 122.508580 1.510470 0.506580
Car -1 -1 1.659967 480.322632 37.597237 529.838074 81.281265 1.596947 1.744045 4.363048 -22.625387 -21.659917 134.376363 1.493159 0.264988
Car -1 -1 1.675306 472.412598 74.978104 525.388916 120.571449 1.263193 1.434397 4.246372 -18.431388 -15.866032 107.716589 1.505837 0.486201
Car -1 -1 1.671816 493.656738 65.737389 543.742920 110.131660 1.220975 1.364096 4.243546 -18.430278 -17.211179 113.163480 1.510369 0.348215
Car -1 -1 -1.554074 797.855713 11.500232 833.347168 46.333046 1.606638 1.815374 4.328506 -9.228916 -28.397018 164.888691 -1.609986 0.166386
