Car -1 -1 -1.605243 943.317505 465.354431 1062.161499 583.589539 1.078204 1.606379 4.220712 0.117581 -0.318396 44.452498 -1.602598 2.190961
Car -1 -1 -1.525942 740.619080 447.432159 866.913940 574.023682 1.238333 1.804261 4.231038 -3.062399 -0.464737 45.345003 -1.593375 2.201086
Car -1 -1 1.803294 243.746399 324.043182 352.712555 399.456116 1.234792 1.385763 4.241971 -16.749471 -4.369834 66.871896 1.557872 1.156854
Car -1 -1 -1.597388 968.258667 321.056396 1057.395142 408.283264 1.411621 1.831542 4.247192 0.452515 -4.118263 65.506110 -1.590480 1.458182
Car -1 -1 -1.570163 927.420776 246.693298 992.876038 309.988403 1.515844 1.867270 4.230938 -1.032743 -8.338618 88.252974 -1.581865 1.096469
Car -1 -1 -1.550344 840.395935 314.457855 920.255554 389.848633 1.214216 1.765513 4.242693 -2.774749 -4.722677 68.456348 -1.590855 1.413977
Car -1 -1 -1.510329 589.639038 902.473694 874.838623 1078.386719 0.783714 1.823063 4.329506 -1.929956 3.967635 22.031337 -1.597706 3.777882
Car -1 -1 -1.542383 828.478821 264.569489 897.985413 330.472504 1.480826 1.809554 4.262065 -3.801302 -7.133308 81.619990 -1.588923 1.026093
Car -1 -1 1.667210 689.126526 193.574051 737.811829 231.998215 1.277884 1.664948 4.259920 -12.182569 -14.508299 120.737067 1.566649 0.697490
Car -1 -1 -1.678211 1184.626831 187.888931 1235.773682 227.199677 1.438794 1.811420 4.255209 9.909389 -15.366700 126.620860 -1.600110 0.478230
Car -1 -1 1.614635 783.902405 162.290192 821.990784 198.134369 1.485683 1.734912 4.244542 -10.037934 -19.272794 146.426846 1.546190 0.406147
Car -1 -1 -1.630839 1122.968628 157.672897 1161.785767 190.287689 1.552299 1.920227 4.262928 9.111205 -22.901424 170.127711 -1.577335 0.141162
Car -1 -1 1.623952 724.825439 144.511932 759.601135 175.493088 1.499469 1.686453 4.258379 -15.308537 -23.563465 169.274624 1.533762 0.225911
Car -1 -1 1.672819 639.520203 161.817947 677.207642 192.890381 1.402255 1.581989 4.249213 -19.174842 -21.148448 158.743907 1.552610 0.241387
Car -1 -1 1.623561 812.414673 127.459686 840.586975 154.269348 1.608484 1.819723 4.250497 -12.630896 -30.887767 210.443877 1.563613 0.150823
