Car -1 -1 3.044656 320.848663 374.124451 574.522705 484.681641 1.366095 1.864974 4.179147 -9.391325 -1.833697 41.873977 2.824031 4.556672
Car -1 -1 -1.820811 1338.771362 689.344788 1603.222656 906.825684 0.745258 1.518024 4.220920 5.561584 2.578337 23.516460 -1.588580 3.176749
Car -1 -1 2.819644 1236.197021 372.955627 1444.391724 466.216827 1.298968 1.855333 3.471183 8.170293 -2.232971 45.118920 2.998786 3.674314
Car -1 -1 -0.002797 619.601685 404.212341 896.542236 514.272095 1.372353 1.867571 4.549623 -3.337924 -1.194788 39.867296 -0.086328 4.313786
Car -1 -1 0.109734 21.651253 338.158081 305.253143 458.387115 1.722925 1.972162 4.772918 -15.712419 -2.397449 44.384951 -0.230502 3.881288
Car -1 -1 -1.654892 966.144775 717.686401 1210.792603 1018.492004 0.962395 1.777656 4.547076 1.264786 2.999022 20.819530 -1.594217 2.325423
Car -1 -1 3.029121 842.388855 354.231995 1095.196655 468.363037 1.624636 1.908990 4.650297 0.512315 -2.176203 44.250370 3.040698 3.920116
Car -1 -1 -1.460911 564.803406 632.773865 799.825928 958.244629 1.530741 1.626279 4.454947 -2.386627 2.711593 21.451172 -1.571714 3.000037
Car -1 -1 -0.355186 1576.907227 382.741241 1861.780151 500.539032 1.570359 1.875654 4.388513 14.822440 -1.513348 41.955016 -0.015580 4.287770
Car -1 -1 1.818501 296.728821 244.546585 396.802399 324.048431 1.673127 1.633114 4.451180 -17.937706 -7.255615 66.299728 1.554272 0.936001
Car -1 -1 2.741220 1683.169556 360.404694 1919.772339 462.412506 1.583554 1.871983 4.263525 18.242779 -2.295959 45.909147 3.119454 1.124044
Car -1 -1 1.784451 380.539429 212.222168 467.051941 285.494934 1.793808 1.708262 4.388288 -17.571949 -9.324715 74.523741 1.552891 1.092391
Car -1 -1 1.943839 37.425602 258.402771 135.314743 326.169922 1.378123 1.261107 3.837821 -25.618543 -7.100454 65.786968 1.572489 0.279344
Car -1 -1 1.882636 160.812515 256.084991 265.725647 323.713104 1.363932 1.455621 4.258279 -21.971282 -7.262632 66.310247 1.562680 1.397921
Car -1 -1 1.808865 347.937897 175.245087 428.914520 246.796661 2.232990 1.751338 4.963586 -22.288552 -12.473489 88.517245 1.562194 0.390151
Car -1 -1 -0.475157 597.012573 333.539337 803.642883 426.285583 1.403370 1.839460 4.105721 -5.423087 -3.266311 48.811789 -0.585805 2.460607
Car -1 -1 1.892182 131.077713 238.338165 227.238922 298.602020 1.355152 1.392084 4.223783 -25.227641 -8.663565 72.599043 1.557742 1.041604
Car -1 -1 1.848262 250.817307 228.484985 332.686218 286.748474 1.385370 1.405407 4.242089 -22.457387 -9.421874 75.879745 1.560516 1.045237
Car -1 -1 1.764709 435.196899 191.495514 506.758392 257.733978 1.905094 1.645315 4.570804 -17.856549 -11.374209 83.510790 1.554058 0.532077
Car -1 -1 1.687361 618.538513 138.167343 658.604370 169.769516 1.545964 1.840352 4.242321 -19.153184 -23.924649 138.983801 1.550415 0.418554
Car -1 -1 1.712521 592.295654 132.220932 630.618591 161.213394 1.480974 1.772783 4.252892 -22.712815 -26.546080 151.004083 1.563228 0.372596
