Car -1 -1 -1.526880 733.547485 679.405457 925.113708 892.380981 1.031930 1.703625 4.221479 -1.652186 2.531252 29.031614 -1.583729 2.824436
Car -1 -1 -1.609611 957.483765 386.853455 1063.322876 482.097046 1.145226 1.803913 4.235809 0.319690 -2.127553 54.226042 -1.603715 1.955596
Car -1 -1 -1.529536 769.120972 390.783600 876.534790 491.340576 1.157361 1.825032 4.263811 -3.211162 -1.921196 52.733970 -1.590354 1.523990
Car -1 -1 -1.382444 259.439056 789.201416 542.349121 1051.108887 0.860272 1.537964 4.232554 -5.127791 3.218165 24.518260 -1.588614 2.575238
Car -1 -1 -1.657104 1040.099609 302.907288 1124.768311 376.145844 1.300153 1.790267 4.272878 2.308245 -5.198656 71.219982 -1.624705 1.218210
Car -1 -1 -1.542202 838.096497 300.358521 914.147705 368.092957 1.168246 1.734215 4.244802 -3.047537 -5.526541 72.851808 -1.584010 1.416558
Car -1 -1 -1.571214 939.895081 223.942596 999.423523 282.965210 1.561875 1.833090 4.246023 -0.787812 -10.191900 98.252384 -1.579232 1.009999
Car -1 -1 -1.794056 1364.608521 845.515869 1729.625000 1079.446533 0.932282 1.918878 4.429312 4.552793 3.720606 23.530774 -1.602935 2.532942
Car -1 -1 1.648891 640.039062 297.971039 728.028381 390.559723 1.610807 1.706511 4.302238 -7.499967 -4.650209 67.631166 1.538447 0.776451
Car -1 -1 -1.539027 847.023682 238.126389 902.591919 287.371429 1.241230 1.716612 4.239773 -4.072424 -9.792377 96.144513 -1.581359 1.135482
Car -1 -1 -1.592604 1021.267578 214.561722 1074.714233 265.530579 1.415502 1.812613 4.245220 2.096577 -11.603785 105.993986 -1.572826 0.793086
Car -1 -1 -1.576541 945.423462 180.806763 986.744751 218.388474 1.469977 1.705299 4.253251 -1.282479 -16.598611 133.175731 -1.586170 0.525849
Car -1 -1 -1.598065 1048.673950 258.134308 1113.510376 321.134186 1.406720 1.745329 4.236587 2.702374 -7.727254 84.718207 -1.566177 1.127353
Car -1 -1 -1.549961 881.971985 170.034500 922.577087 208.933899 1.535079 1.747002 4.233982 -4.528746 -17.817352 139.176413 -1.582490 0.532755
Car -1 -1 -1.555332 933.755981 145.156509 966.623535 178.996719 1.609998 1.786584 4.264826 -2.604935 -23.378982 169.031475 -1.570742 0.428215
Car -1 -1 -1.583801 986.299927 142.044525 1016.897583 170.987015 1.416092 1.766032 4.232292 0.609790 -25.320755 179.966443 -1.580413 0.342003
Car -1 -1 1.371821 670.241089 279.436646 764.471863 355.900574 1.436308 1.634928 4.220877 -7.487409 -5.977279 74.714894 1.271941 0.557334
Car -1 -1 -1.614700 1090.334595 136.406281 1121.253418 163.427109 1.549055 1.850312 4.243041 7.757418 -27.134178 189.878219 -1.573868 0.226370
Car -1 -1 -1.581576 984.389160 131.993469 1011.583435 159.585266 1.654527 1.797119 4.315053 0.375560 -27.366064 190.674869 -1.579606 0.193049
