Car -1 -1 -1.640238 1056.331909 749.715271 1295.829590 997.943176 0.928367 1.781653 4.238079 1.611441 2.998188 25.786142 -1.577827 2.825352
Car -1 -1 -1.777329 1369.223022 687.795776 1714.527832 1061.635742 1.524789 1.777145 5.037834 4.709602 3.102671 24.655029 -1.588583 2.640767
Car -1 -1 -1.510121 648.717529 809.359924 887.456970 1053.537354 0.675943 1.703412 4.257243 -1.889121 3.215691 24.383887 -1.587441 3.549738
Car -1 -1 1.695922 524.368652 273.020020 619.847473 375.215027 1.978091 1.765277 4.309538 -10.833700 -5.284242 71.476851 1.545497 1.002617
Car -1 -1 1.778324 270.576538 305.715668 382.845917 383.767944 1.340844 1.701700 4.249832 -16.799547 -4.945834 69.914330 1.542507 1.171979
Car -1 -1 -1.546489 847.027954 240.968613 915.041260 308.897400 1.607201 1.923329 4.255623 -3.538652 -8.440105 88.586421 -1.586413 0.853799
Car -1 -1 1.758568 406.402496 295.505127 497.485687 370.448975 1.354494 1.420315 4.236401 -14.129581 -5.438585 72.434411 1.565920 1.190225
Car -1 -1 1.491899 660.727478 301.324341 755.864258 374.332397 1.264366 1.924721 4.261210 -7.384861 -5.280210 71.356942 1.388775 0.993405
Car -1 -1 1.773266 329.330872 283.726349 416.276489 349.158112 1.244809 1.410681 4.250401 -17.436525 -6.384694 77.892479 1.553043 1.233053
Car -1 -1 -1.600432 1039.376343 256.099060 1104.120972 311.701599 1.253733 1.848271 4.253394 2.544356 -8.371045 88.835776 -1.571799 1.169539
Car -1 -1 -1.601716 1031.197388 201.689713 1082.867554 250.322784 1.526821 1.852940 4.250293 2.640542 -13.029069 113.949312 -1.578547 0.615819
Car -1 -1 -1.575377 941.796265 276.733185 1012.722839 341.349792 1.266905 1.830036 4.250167 -0.443088 -6.756968 79.763749 -1.580932 1.566707
Car -1 -1 -1.560466 892.539246 188.204163 942.791748 237.001923 1.658526 1.907123 4.246086 -3.203606 -14.184460 119.406705 -1.587289 0.547590
Car -1 -1 -1.589928 1001.860962 172.394928 1042.864502 210.148804 1.533181 1.841453 4.241730 1.489138 -17.556924 137.750438 -1.579118 0.529187
Car -1 -1 1.657525 674.960938 262.672760 755.124756 329.267914 1.385076 1.803455 4.249421 -8.095063 -7.148237 80.806366 1.557679 1.363232
Car -1 -1 -1.564503 935.971436 132.685272 964.915894 162.628799 1.753509 1.729198 4.365388 -2.941303 -27.574586 192.272367 -1.579800 0.241780
Car -1 -1 -1.547138 857.933960 215.377838 910.765015 262.900085 1.362845 1.820359 4.254443 -4.155600 -11.821779 106.772348 -1.586039 0.651446
Car -1 -1 -1.557631 871.342896 178.355759 911.814819 213.912521 1.340967 1.641190 4.241231 -4.819615 -16.856577 133.192174 -1.593801 0.525994
Car -1 -1 -1.547197 883.582275 149.362946 917.988647 180.253586 1.415677 1.816507 4.259185 -5.511117 -22.908537 166.255794 -1.580334 0.433203
Car -1 -1 -1.555764 932.207092 162.261795 968.809326 196.201187 1.450676 1.753141 4.249660 -2.271962 -20.150197 152.181883 -1.570692 0.464372
Car -1 -1 1.657971 714.978333 252.822433 775.679016 309.273987 1.270775 1.504144 4.258511 -7.821623 -8.353356 87.974990 1.569296 0.918014
Car -1 -1 1.693026 558.413086 275.187073 638.251587 342.645447 1.470930 1.537200 4.228797 -11.288539 -6.644392 79.075247 1.551227 0.633117
Car -1 -1 -1.603952 1003.153564 153.673172 1035.374878 182.496353 1.296509 1.809857 4.230900 1.515827 -22.161608 162.040636 -1.594597 0.249286
Car -1 -1 -1.608379 1217.448120 209.347229 1273.317749 256.187897 1.395524 1.822033 4.248577 10.298121 -12.684570 112.866176 -1.517389 0.436386
Car -1 -1 -1.614792 1089.961670 141.163940 1124.237671 172.429596 1.679261 2.062475 4.234643 7.436751 -25.037485 178.531160 -1.573161 0.156508
Car -1 -1 -1.589645 1110.668701 151.211884 1151.943481 185.359894 1.730915 2.062389 4.269051 8.703450 -23.597686 174.183199 -1.539719 0.080780
