Car -1 -1 -1.718688 1124.793091 457.789825 1265.151733 573.082458 1.028873 1.553775 4.285307 3.274391 -0.492904 45.302678 -1.646536 2.086510
Car -1 -1 -1.584676 936.611511 356.192444 1030.077881 445.408752 1.201131 1.808909 4.257657 -0.216290 -3.004857 58.932426 -1.588346 1.641784
Car -1 -1 1.891111 0.000000 556.986145 134.197433 757.312256 1.405852 1.740079 4.298227 -12.025667 1.545493 33.751207 1.548831 3.823344
Car -1 -1 1.692094 524.338379 272.099487 616.325867 364.995544 1.824358 1.645104 4.840543 -11.028359 -5.609469 72.679211 1.541502 0.417812
Car -1 -1 -1.642490 1062.621338 277.564331 1144.996460 353.744385 1.487959 1.838493 4.278233 2.992539 -6.056508 75.346693 -1.602794 1.212255
Car -1 -1 1.731861 455.910461 270.596100 543.111755 341.904480 1.388088 1.717930 4.284081 -14.198216 -6.768678 79.803922 1.555790 1.103401
Car -1 -1 -1.624896 1075.399536 329.744202 1163.244507 406.811218 1.181062 1.755335 4.242840 2.994535 -4.158161 65.671210 -1.579328 1.189669
Car -1 -1 1.741981 490.305084 211.633591 554.115540 261.410614 1.419558 1.503812 4.253394 -17.814432 -11.607445 104.934675 1.573818 0.691486
Car -1 -1 -1.578198 966.069214 195.776535 1014.018127 242.707687 1.538728 1.878875 4.248884 -0.092676 -13.756951 117.805182 -1.578985 0.723172
Car -1 -1 -1.610995 1028.530396 247.614853 1088.385376 310.413422 1.544913 1.764575 4.238477 2.103413 -8.298103 88.251069 -1.587165 0.847700
Car -1 -1 -1.676846 1258.296753 215.729095 1325.482666 280.256531 1.724503 1.797911 4.323380 10.750177 -10.454986 99.707672 -1.569444 0.565770
Car -1 -1 -1.590633 1025.143555 216.617249 1083.834595 266.641907 1.396026 1.879568 4.235398 2.320077 -11.362180 104.284408 -1.568389 0.643355
Car -1 -1 -1.575270 947.996460 174.371460 985.610352 208.373032 1.391703 1.668672 4.251635 -1.287688 -18.032546 140.812161 -1.584414 0.504095
Car -1 -1 -1.577334 1009.750183 182.249557 1051.564941 216.941879 1.230215 1.756873 4.250214 1.823164 -16.505487 131.960179 -1.563519 0.567919
Car -1 -1 -1.573358 957.156799 134.247787 988.526184 164.740540 1.644698 1.891244 4.273675 -1.366674 -27.564472 192.616902 -1.580453 0.189672
Car -1 -1 -1.558736 886.807434 154.130402 923.382629 189.007385 1.576804 1.859936 4.260026 -4.985222 -21.278239 158.007785 -1.590276 0.477273
Car -1 -1 -1.597246 1012.315247 166.387161 1049.121216 198.245361 1.274694 1.754012 4.262203 2.052618 -19.383647 147.538045 -1.583334 0.290638
Car -1 -1 -1.593708 995.829041 148.153549 1029.718872 178.447525 1.498695 1.779974 4.252761 1.302034 -24.087763 174.319202 -1.586239 0.267294
Car -1 -1 -1.570665 943.456116 151.719955 975.505371 180.925293 1.386493 1.794817 4.239279 -2.036393 -23.173970 168.365538 -1.582760 0.209997
Car -1 -1 -1.683983 1131.347046 156.326385 1172.891113 190.648468 1.526850 1.802469 4.232255 9.385505 -21.774389 161.936621 -1.626090 0.105038
