Car -1 -1 -1.504509 663.205933 777.275635 886.265137 1013.811035 0.726320 1.644468 4.238526 -1.886867 3.031073 25.147967 -1.579399 2.377305
Car -1 -1 -1.632751 1020.048767 808.543518 1257.313843 1048.896606 0.650317 1.732011 4.310414 1.210752 3.202446 24.551544 -1.583476 3.168038
Car -1 -1 -1.770204 1365.382446 796.557617 1661.026367 1036.150146 0.654503 1.599838 4.377217 4.537081 3.126725 24.801502 -1.589269 2.630915
Car -1 -1 -1.557120 934.628723 254.388809 1004.556885 323.373383 1.559409 1.858988 4.238447 -0.683576 -7.695439 85.119389 -1.565151 0.881012
Car -1 -1 -1.372269 177.215729 838.096802 521.227783 1078.503296 1.063785 1.828879 4.259456 -5.232201 3.740583 23.165079 -1.594408 3.261861
Car -1 -1 1.702529 529.153442 297.320953 619.425354 373.254181 1.338028 1.560102 4.242501 -10.885626 -5.356458 72.140112 1.552763 1.117236
Car -1 -1 1.650341 658.897034 297.243774 736.484680 370.336670 1.290127 1.579194 4.250642 -7.728481 -5.462378 72.614744 1.544309 0.799724
Car -1 -1 -1.557914 1006.771606 198.607559 1054.790283 239.963104 1.357048 1.837538 4.242626 1.666175 -14.029626 119.298980 -1.543949 0.780536
Car -1 -1 1.737198 451.834991 235.514008 517.430847 284.682159 1.256394 1.433716 4.244453 -17.805186 -9.986191 97.126154 1.555891 0.658656
Car -1 -1 1.713468 496.723999 259.637421 570.487183 318.767853 1.285159 1.486903 4.235962 -14.160942 -7.833295 85.317862 1.548989 0.898084
Car -1 -1 1.682996 616.896790 211.350296 686.055542 290.735596 2.175351 1.648592 4.674753 -11.478109 -9.422914 93.576926 1.560946 0.306950
Car -1 -1 1.652409 705.997803 241.925064 773.233765 309.169952 1.603260 1.801858 4.248588 -8.037823 -8.402749 88.376994 1.561709 0.846864
Car -1 -1 -1.594897 993.524292 148.190033 1025.295532 176.005936 1.399404 1.833935 4.257030 1.093898 -24.391838 175.307170 -1.588657 0.368486
Car -1 -1 1.708029 533.265503 198.684387 585.958801 239.973465 1.314273 1.552855 4.239655 -18.440020 -13.844113 117.609669 1.552505 0.605831
Car -1 -1 1.658085 680.998657 270.928040 752.098572 334.273010 1.276372 1.597703 4.239342 -7.913797 -6.906482 79.672748 1.559081 0.961662
Car -1 -1 -1.567945 934.262085 146.824936 966.754883 177.079514 1.525274 1.810666 4.248699 -2.566322 -23.501236 169.904800 -1.583048 0.306677
Car -1 -1 1.675851 579.432068 272.838409 650.974731 336.450714 1.271729 1.511109 4.250434 -10.767914 -6.811405 79.209797 1.540738 0.873582
Car -1 -1 1.748792 408.962128 244.433838 480.329926 303.023590 1.370190 1.449519 4.262370 -17.701232 -8.634563 89.463607 1.553456 0.549043
Car -1 -1 1.721166 484.383057 209.325989 549.439392 262.703400 1.544221 1.705386 4.235647 -18.107857 -11.635269 105.438918 1.551087 0.538858
Car -1 -1 1.623140 795.018494 139.587616 826.320251 168.117538 1.532458 1.737683 4.233430 -11.972511 -25.906389 182.843027 1.557753 0.287336
Car -1 -1 1.719082 440.782623 279.329865 526.235291 339.191559 1.166813 1.496518 4.259215 -14.606843 -6.750276 79.307417 1.536943 0.665634
Car -1 -1 1.713738 541.047852 233.754074 602.673706 289.265778 1.370824 1.452787 4.234890 -14.643172 -9.808184 96.303234 1.562842 0.467655
Car -1 -1 -1.633041 1123.029175 151.137146 1162.053345 184.990173 1.677222 1.979241 4.233059 9.482095 -24.124214 176.715425 -1.579435 0.090063
Car -1 -1 1.707403 569.803223 221.246979 625.680969 268.265228 1.264653 1.400650 4.263243 -14.980101 -11.379738 104.861347 1.565507 0.421925
Car -1 -1 1.639393 724.937988 153.256226 776.333618 209.774216 2.337219 1.891599 4.882914 -11.379767 -16.552741 130.148227 1.552178 0.078529
Car -1 -1 1.669607 665.442993 211.958893 718.797180 257.334961 1.263287 1.418628 4.241672 -11.348029 -11.770572 104.921219 1.561868 0.246300
Car -1 -1 1.634835 726.460449 218.572601 785.464783 272.050629 1.464029 1.721209 4.246239 -8.633531 -10.843804 101.204356 1.549733 0.333879
