Car -1 -1 -1.676230 1072.168579 704.538208 1301.378906 936.941406 0.585739 1.605983 4.272320 2.011891 2.457058 21.430366 -1.582624 3.503449
Car -1 -1 -1.377093 395.952698 688.328552 676.608582 937.582214 0.747710 1.583496 4.247970 -3.980843 2.404564 20.765480 -1.566500 4.042927
Car -1 -1 -1.544992 814.573303 651.017517 995.018372 845.558716 0.618801 1.626375 4.260338 -0.642981 1.987779 23.355557 -1.572515 2.748511
Car -1 -1 -2.891236 337.570526 254.703125 486.111328 310.994293 1.406819 1.869391 4.046298 -17.985063 -8.105293 70.421717 -3.141282 2.717405
Car -1 -1 3.099895 976.947205 258.461151 1119.236450 314.311554 1.371197 1.848896 4.218472 2.515444 -7.984345 70.268699 3.135678 1.238030
Car -1 -1 -3.086547 742.557251 264.214935 892.033691 322.484406 1.352864 1.844230 4.306765 -4.711530 -7.488687 67.749857 3.127207 1.976052
Car -1 -1 1.689889 619.862305 203.691574 677.831543 255.263794 1.573973 1.791783 4.259140 -13.573460 -12.891592 92.347455 1.543951 0.777448
Car -1 -1 -2.648131 0.431046 248.836792 98.584137 320.075775 1.627724 1.955174 5.012783 -29.604924 -7.465037 66.637772 -3.066206 0.454972
Car -1 -1 -1.696886 997.853943 195.564728 1050.544434 242.021317 1.539667 1.840915 4.305117 2.554040 -14.925467 102.822409 -1.672052 0.546916
Car -1 -1 3.092264 878.987976 275.929199 1056.989136 338.000702 1.375307 1.855993 4.760048 -0.017823 -6.702706 64.340696 3.091987 2.450280
Car -1 -1 1.669155 698.847412 207.868881 753.643738 258.289124 1.514290 1.781488 4.265317 -10.096138 -12.565239 90.849830 1.558479 0.686857
Car -1 -1 1.634351 727.457153 187.572586 773.114746 231.882919 1.530891 1.789359 4.239916 -10.574773 -15.856271 105.947516 1.534869 0.442549
Car -1 -1 0.189426 1298.994019 157.455032 1373.973145 188.597412 1.540661 1.812186 4.115037 23.345229 -23.265287 139.493806 0.355246 0.115210
