Car -1 -1 -1.637290 975.036316 676.828552 1196.866211 912.752686 0.941118 1.924482 4.463589 1.452902 2.655457 23.936608 -1.576667 1.827274
Car -1 -1 -1.601340 945.202881 289.357208 1020.537842 361.052185 1.273636 1.792981 4.244963 1.129905 -5.634949 59.963147 -1.582499 1.397681
Car -1 -1 -1.588092 941.321472 200.553421 988.964111 246.240341 1.280854 1.737754 4.246371 0.999510 -12.779691 90.708417 -1.577073 1.057093
Car -1 -1 -1.559440 853.764038 177.513855 895.563477 217.178329 1.357504 1.811363 4.247746 -3.072741 -15.644466 102.737506 -1.589340 0.826575
Car -1 -1 -1.749968 1300.221558 213.454681 1376.423950 278.158905 1.626526 1.831459 4.292052 14.595548 -10.295415 80.309554 -1.570189 0.905424
Car -1 -1 -1.592812 923.561340 154.149841 958.835083 187.017578 1.411052 1.784069 4.254387 0.068520 -20.743055 125.698059 -1.592267 0.590142
Car -1 -1 -1.622946 987.204102 150.897263 1023.433777 183.130051 1.442432 1.877124 4.243958 3.735935 -21.042322 126.562864 -1.593436 0.468955
Car -1 -1 -1.632442 985.079651 131.316818 1015.861267 159.783859 1.505454 1.787920 4.241020 4.139156 -26.739953 151.524807 -1.605132 0.187916
Car -1 -1 -1.687785 1132.052002 131.888443 1166.396362 162.630478 1.508817 1.600785 4.235495 14.321490 -26.312443 150.034687 -1.592619 0.154895
Car -1 -1 -1.619885 969.756592 117.153992 994.447876 142.346298 1.576511 1.705401 4.267334 3.433178 -33.563502 182.625450 -1.601089 0.105754
