Car -1 -1 -0.134544 1276.892212 449.247711 1540.638550 567.537048 1.436273 1.816535 3.810855 6.646388 -0.365634 44.607568 0.013364 4.006864
Car -1 -1 -0.865842 730.663086 382.250854 972.524658 506.642670 1.463863 1.810136 4.477647 -2.553512 -1.683508 51.666347 -0.915225 1.853861
Car -1 -1 1.795851 268.831177 293.608093 376.304260 381.033173 1.596470 1.563879 4.241947 -17.072939 -5.057477 70.619499 1.558643 1.315959
Car -1 -1 0.200586 187.701477 462.234711 487.310760 581.799866 1.322555 1.843550 4.178041 -10.538128 -0.219359 44.468563 -0.032101 3.614825
Car -1 -1 -2.794120 1715.419922 344.191803 1919.229980 435.032501 1.285535 1.847088 4.663637 18.839100 -3.362365 61.715193 -2.497846 1.064019
Car -1 -1 -2.156936 1493.726929 285.805145 1663.078735 380.465240 1.712284 1.667215 4.840971 15.072954 -5.156435 71.259873 -1.948488 1.068870
Car -1 -1 2.583079 0.000000 538.310974 373.473694 723.729614 1.291770 1.901572 4.587042 -11.071158 1.261777 37.355958 2.294957 1.690583
Car -1 -1 -1.528221 706.715393 796.489136 930.286499 1045.240234 0.718208 1.645561 4.216860 -1.461567 3.154901 24.402565 -1.588043 2.990552
Car -1 -1 0.049709 101.289528 412.920135 386.072632 534.651733 1.567970 1.887768 4.378864 -13.160297 -0.963471 48.491674 -0.215301 3.010527
Car -1 -1 -1.782815 1372.008301 802.790344 1694.361572 1062.219604 0.690642 1.694045 4.573204 4.596150 3.212942 24.258033 -1.595565 3.943427
Car -1 -1 1.746099 399.548004 301.360199 501.951874 373.905426 1.326197 1.732044 4.260334 -14.043139 -5.283148 71.807920 1.552971 1.238109
Car -1 -1 1.701478 527.574524 301.864319 612.783020 376.212708 1.320461 1.523282 4.231604 -10.864896 -5.211354 71.346908 1.550356 1.316402
Car -1 -1 -1.401680 241.765869 821.610413 564.402893 1079.413940 1.111765 1.791170 4.241189 -4.910285 3.738476 23.730981 -1.605715 3.864121
Car -1 -1 1.828593 201.566696 252.124924 289.211243 310.300751 1.332960 1.531472 4.248306 -24.204632 -8.485445 89.614763 1.564791 1.115311
Car -1 -1 -1.607713 1094.415405 137.295990 1126.651611 164.169601 1.519590 1.901100 4.233554 8.183931 -27.350757 191.302889 -1.564959 0.124877
Car -1 -1 -1.661875 1185.022339 188.602036 1230.280884 224.244690 1.208972 1.633586 4.259374 9.947489 -15.754387 128.418190 -1.584568 0.246296
