Car -1 -1 -3.046716 613.684265 175.905624 760.423340 235.157990 1.581573 1.881691 4.483459 -9.021217 -11.409179 74.205919 3.115493 1.948365
Car -1 -1 2.603122 1209.339233 203.926575 1367.950195 267.300018 1.370915 1.858644 4.063119 10.136542 -9.357351 66.243986 2.754962 2.170413
Car -1 -1 -1.433680 489.994385 605.224731 727.724243 834.568054 0.819259 1.606204 4.225378 -3.435949 1.568834 22.428916 -1.585691 4.104274
Car -1 -1 2.785010 1592.429688 175.675858 1731.958740 224.073364 1.365352 1.851318 4.051759 25.499859 -12.474450 78.834331 3.097849 1.576097
Car -1 -1 -1.704746 1116.311890 621.560486 1356.520874 843.322571 0.681700 1.716447 4.469428 2.746024 1.608740 22.224071 -1.581808 2.340224
Car -1 -1 1.702224 710.550598 130.377670 759.784729 174.395844 1.523501 1.691544 4.256079 -10.110793 -18.136365 100.725707 1.602180 0.657302
Car -1 -1 1.727610 588.161865 136.649658 642.221252 176.455292 1.290376 1.671681 4.258372 -16.084422 -18.587840 103.551579 1.573514 0.678478
Car -1 -1 1.694403 658.929932 136.589706 712.605469 176.235596 1.320428 1.693588 4.254376 -12.452846 -18.197407 101.267548 1.572048 0.674134
Car -1 -1 -1.622293 1059.953369 92.562180 1094.493286 118.968941 1.388884 1.978150 4.253947 8.423915 -30.593762 150.947324 -1.566543 0.293612
Car -1 -1 1.674345 753.746887 119.280800 796.078430 157.061646 1.570899 1.680138 4.277517 -9.005533 -20.528198 110.075715 1.592715 0.453163
Car -1 -1 1.703010 614.429504 127.779297 657.383179 163.990829 1.305160 1.552288 4.259734 -16.228799 -20.665505 111.821060 1.558885 0.387530
Car -1 -1 1.692648 627.407104 122.571358 671.071045 157.204178 1.284594 1.518454 4.252478 -16.061889 -21.400767 114.366776 1.553119 0.494054
Car -1 -1 1.685858 676.780579 115.795547 719.878174 153.390121 1.477805 1.608359 4.265733 -13.407541 -21.447005 113.954430 1.568740 0.427714
Car -1 -1 -1.690151 1019.443665 67.290863 1053.024536 91.401207 1.757417 2.024809 4.331874 7.483371 -43.518123 202.844639 -1.653276 0.089946
