Car -1 -1 2.334234 873.403198 382.927887 1135.493164 514.330933 1.189743 1.799935 4.246730 0.306280 -0.998075 38.561722 2.342176 2.317547
Car -1 -1 2.287357 1206.311523 317.627350 1414.635986 430.377594 1.381991 1.871966 3.806054 6.373180 -2.481738 43.324064 2.433414 1.546537
Car -1 -1 -0.067261 858.840149 314.628571 1101.503418 401.304840 1.298060 1.876853 4.723577 -0.189974 -3.202450 48.534912 -0.071175 2.917119
Car -1 -1 2.943237 1269.078857 219.976593 1432.511963 283.582794 1.336562 1.865744 4.276799 10.960718 -7.615517 66.533151 3.106511 2.573239
Car -1 -1 2.690106 1542.493042 196.404175 1746.932983 283.734192 1.841156 2.068009 4.754623 18.637274 -7.199078 62.540645 2.979729 2.008110
Car -1 -1 3.137146 855.570312 217.147675 1008.743103 290.773651 1.721942 1.880280 4.072001 -1.759277 -7.252567 65.566763 3.110320 1.935512
Car -1 -1 -0.607765 624.171692 228.552917 762.385498 286.784912 1.255626 1.814165 3.940740 -9.642067 -8.040121 70.978956 -0.742782 1.470431
Car -1 -1 1.670454 742.211060 182.906464 798.912598 230.656662 1.340785 1.741954 4.250865 -8.972627 -12.250144 89.628709 1.570678 0.706737
Car -1 -1 1.710899 539.561890 188.062134 599.094604 236.727402 1.347231 1.589261 4.251548 -17.296958 -12.054110 89.969450 1.520963 0.917501
Car -1 -1 0.141516 737.997864 296.058319 923.731689 377.485962 1.382561 1.833251 3.736591 -3.783026 -3.921741 52.209840 0.069184 2.106102
Car -1 -1 -1.820137 1058.645386 166.303207 1141.266113 220.489838 1.668653 1.621084 4.613940 4.569889 -12.880127 91.726780 -1.770357 0.370028
Car -1 -1 1.684535 646.900085 181.569489 708.087708 233.659744 1.468870 1.766522 4.267792 -12.660036 -12.007490 88.702116 1.542767 0.692601
Car -1 -1 2.724695 1850.580933 192.909073 1917.594604 257.233612 1.466021 1.885302 3.635949 29.626114 -8.660136 69.185630 3.129283 0.209040
