Car -1 -1 -1.230971 1651.831055 500.119354 1858.889404 645.037964 0.996006 1.388045 4.283841 11.679355 0.411062 32.184575 -0.882862 3.629659
Car -1 -1 -1.672961 1047.531616 291.131439 1147.177612 397.769989 1.688256 1.781502 4.355263 3.059015 -4.441143 53.389844 -1.615727 1.560285
Car -1 -1 0.790745 821.732361 322.260956 1016.227234 405.372833 1.216578 1.877026 4.224413 -1.247759 -4.042362 51.212655 0.766385 1.282153
Car -1 -1 1.224898 763.062317 263.157013 866.974915 323.118683 1.212706 1.503785 4.275069 -4.833413 -7.457690 66.846665 1.152718 1.539189
Car -1 -1 2.811494 1603.623291 269.921295 1769.167480 326.562775 1.328221 1.830744 4.119451 22.174332 -7.339954 67.594452 3.128482 2.633536
Car -1 -1 1.404038 700.192566 242.042526 770.049805 298.516144 1.245352 1.577170 4.276154 -7.963172 -8.989134 73.462264 1.296061 0.837534
Car -1 -1 1.653709 717.057495 192.263626 762.364990 234.815521 1.509847 1.709836 4.246358 -10.922960 -15.317041 103.748043 1.548812 0.579477
Car -1 -1 -3.114256 0.823741 235.489380 86.571785 290.783844 1.429888 1.778182 4.695021 -34.819379 -9.799790 78.597994 2.751907 0.418422
Car -1 -1 1.216982 744.949097 195.968536 817.951416 245.627594 1.554093 1.539900 4.604733 -8.736564 -14.391829 99.828689 1.129689 0.261188
Car -1 -1 1.193421 755.640442 291.458099 871.713196 365.077026 1.173527 1.420301 4.279497 -4.253607 -5.625713 58.503748 1.120842 1.074435
Car -1 -1 1.656081 728.485535 157.265991 764.704895 188.968018 1.606821 1.909709 4.279071 -14.486261 -23.567040 141.411520 1.553997 0.379218
Car -1 -1 -1.569803 922.679688 136.810822 947.479797 161.360825 1.601507 1.727669 4.332223 -2.857183 -32.409766 181.634075 -1.585532 0.204153
Car -1 -1 -1.567738 887.832703 162.284225 918.808350 188.770386 1.341304 1.828393 4.278499 -4.497758 -24.368727 146.256346 -1.598481 0.363755
Car -1 -1 0.185495 1298.039062 157.359863 1373.187866 188.947250 1.563921 1.860616 4.041831 23.314137 -23.196846 139.171496 0.351474 0.150786
