Car -1 -1 -0.635394 437.742615 376.636505 651.385376 471.182404 1.175279 1.828173 3.795065 -9.032265 -2.389921 55.840099 -0.795757 2.404101
Car -1 -1 0.230759 181.060165 444.481537 506.019745 580.585388 1.631473 1.888310 4.380206 -10.367454 -0.199705 44.456789 0.001651 5.252259
Car -1 -1 -1.531568 702.264893 754.696228 911.312805 975.305054 0.733253 1.680638 4.248033 -1.690994 2.882469 26.252318 -1.595892 2.468064
Car -1 -1 -1.765297 1355.562744 780.933044 1632.118774 1013.432800 0.702030 1.547934 4.256283 4.476062 3.042790 25.279751 -1.590052 2.636458
Car -1 -1 -1.646484 1038.739990 731.739502 1288.458374 991.982971 0.963665 1.845133 4.535364 1.477003 2.894923 25.713724 -1.589107 1.554667
Car -1 -1 -3.128652 603.675720 408.427094 880.936890 510.822235 1.352875 1.858161 4.627002 -4.530094 -1.383562 50.395495 3.064884 3.429984
Car -1 -1 -0.111820 1127.532593 453.376404 1432.729614 568.156555 1.340640 1.856441 4.509980 4.610320 -0.368395 44.653266 -0.008938 4.706942
Car -1 -1 -1.400777 298.653351 779.760986 564.184509 1004.517944 0.665531 1.528583 4.244089 -5.039408 2.994951 25.377291 -1.596807 2.530011
Car -1 -1 -0.071946 0.000000 403.314423 256.656433 520.703308 1.377093 1.866048 4.690307 -15.901029 -1.306401 50.055836 -0.379530 1.519439
Car -1 -1 -1.743105 1336.920044 269.511108 1432.040527 339.234741 1.456311 1.810569 4.278330 11.420830 -6.870869 80.708011 -1.602530 0.918404
Car -1 -1 -1.310038 745.755493 322.605133 872.331360 414.845795 1.429573 1.640415 4.351356 -4.106638 -3.850578 63.005282 -1.375125 1.133875
Car -1 -1 -1.514937 912.823608 269.044647 998.544678 362.225800 1.778061 1.926281 4.365818 -0.972804 -5.914590 75.096463 -1.527890 0.624271
Car -1 -1 1.752217 383.478394 310.323578 489.413147 388.730743 1.312458 1.724158 4.261783 -13.862083 -4.785304 69.113288 1.554273 1.106214
Car -1 -1 1.790748 260.295654 315.203247 370.069214 388.812897 1.260596 1.590295 4.246876 -16.929358 -4.764193 69.228423 1.550911 1.340618
Car -1 -1 1.702734 524.140747 305.581482 616.311707 379.569458 1.277975 1.649656 4.242864 -10.713724 -5.071276 70.388664 1.551685 1.260669
Car -1 -1 1.668110 642.466125 289.147186 725.308838 365.047211 1.395769 1.652452 4.244826 -8.120364 -5.628405 73.106590 1.557487 1.210953
Car -1 -1 1.761106 427.014160 236.723145 504.978973 295.907257 1.485898 1.672110 4.252617 -17.561257 -9.150077 92.196395 1.572884 0.884470
Car -1 -1 1.692429 595.784302 244.549591 668.441895 318.463470 1.710339 1.517113 4.409262 -11.122830 -7.877884 85.710488 1.563378 0.688397
Car -1 -1 1.702452 552.579529 262.546600 633.461243 342.276337 1.652888 1.457744 4.540603 -11.378795 -6.702722 79.151814 1.559671 0.558583
Car -1 -1 1.747600 447.354614 277.029083 535.818909 341.118683 1.259109 1.586301 4.244020 -14.330856 -6.713230 79.301848 1.568817 1.122832
Car -1 -1 1.795082 326.162323 287.708771 408.276337 352.247040 1.283100 1.211359 4.247085 -17.513137 -6.241041 77.520437 1.572895 0.762107
Car -1 -1 1.677947 592.004395 198.080658 646.865540 244.288437 1.541851 1.712091 4.253060 -15.726051 -13.539317 116.528810 1.543803 0.567033
Car -1 -1 1.627279 765.675964 185.688828 818.234497 236.513382 1.666278 1.861548 4.246772 -8.598669 -14.163923 118.840204 1.555050 0.539752
Car -1 -1 1.728009 506.037170 235.528641 583.226868 305.202637 1.729686 1.653610 4.433084 -14.550217 -8.668623 89.989191 1.567708 0.520693
Car -1 -1 1.781465 364.292999 262.747894 439.290527 324.450287 1.307142 1.245723 4.242196 -17.966166 -7.553576 84.033725 1.570839 0.987700
Car -1 -1 1.657033 684.677490 276.503662 752.401733 339.602051 1.287566 1.475481 4.258258 -7.767952 -6.649641 78.585944 1.558507 0.961432
Car -1 -1 1.669417 654.898254 151.096222 692.015076 180.135666 1.473639 1.799168 4.255789 -19.487140 -23.182499 168.727882 1.554432 0.259502
Car -1 -1 1.643052 704.747314 244.425598 771.848694 309.954956 1.547567 1.713185 4.247139 -8.098895 -8.350688 88.172287 1.551456 0.509129
