Car -1 -1 1.815935 274.749329 263.054749 379.307648 331.415405 1.296875 1.667846 4.257249 -17.977792 -6.845164 64.341185 1.543470 1.461356
Car -1 -1 -0.096636 156.204834 343.380280 420.867218 464.793671 1.678493 1.913986 4.511528 -13.168705 -2.300516 44.171651 -0.386372 3.963523
Car -1 -1 1.924897 28.579762 252.560974 142.372864 329.556183 1.578813 1.514433 4.269308 -25.450597 -6.998087 65.303603 1.553278 1.082494
Car -1 -1 2.801742 1521.117920 321.458527 1844.753540 458.745972 2.150242 2.193810 5.458520 15.550860 -2.490796 46.205309 3.126394 3.563255
Car -1 -1 -1.837399 1341.171875 794.967896 1651.018799 1061.685669 0.612024 1.543280 4.208843 4.971556 3.296722 20.242626 -1.596567 4.555937
Car -1 -1 1.761284 412.212738 254.969315 505.628754 319.966034 1.288824 1.782184 4.283376 -14.590299 -7.377011 66.492830 1.545281 1.450340
Car -1 -1 2.579961 1338.402954 316.406372 1564.729980 422.656036 1.881355 1.905106 4.380883 11.617495 -3.280671 49.428217 2.810809 2.310722
Car -1 -1 1.871785 145.390961 255.277374 248.240738 330.867584 1.531513 1.409300 4.235885 -21.872643 -6.872490 64.538013 1.545023 1.473424
Car -1 -1 1.792676 378.849792 198.359879 443.055878 242.438309 1.282619 1.489355 4.233779 -21.623046 -12.697491 89.479255 1.555568 0.961287
Car -1 -1 1.846558 238.719696 233.180496 327.688873 298.895355 1.508337 1.413939 4.241499 -21.709833 -8.664325 72.464557 1.555475 1.251394
Car -1 -1 1.792417 357.499390 238.103226 435.466644 298.830261 1.279025 1.500661 4.238636 -17.866441 -8.620756 71.965767 1.549074 1.238917
Car -1 -1 1.821388 315.449310 214.424622 390.887665 267.646881 1.322199 1.360032 4.228325 -21.484013 -10.590967 80.092755 1.559318 0.870575
Car -1 -1 1.766473 446.021667 170.647522 505.393951 217.795288 1.671490 1.720448 4.272413 -21.375038 -15.353421 100.783094 1.557481 0.626932
Car -1 -1 1.913933 119.353119 233.383011 216.326553 300.152313 1.504063 1.381244 4.254835 -25.094990 -8.456547 71.160272 1.574895 0.859078
Car -1 -1 1.777708 412.333832 217.136307 485.663696 270.616699 1.279936 1.587201 4.240542 -18.021246 -10.540866 80.263584 1.556845 0.966675
Car -1 -1 1.759660 466.690338 198.376617 529.122681 244.662201 1.304390 1.463912 4.246238 -17.961804 -12.589300 89.057648 1.560642 0.965840
Car -1 -1 1.863639 223.985077 214.575958 297.987427 269.238495 1.400715 1.282647 4.235798 -25.391940 -10.713660 81.520094 1.561683 0.660550
Car -1 -1 1.796253 389.984650 172.983994 447.085327 210.482056 1.292814 1.514942 4.246582 -25.610494 -16.677939 107.459914 1.562292 0.761247
