Car -1 -1 -0.196671 140.367188 397.033203 422.630798 503.336548 1.316824 1.830184 4.487813 -13.306379 -1.641964 51.832576 -0.447963 3.930507
Car -1 -1 -0.672275 536.592041 375.935455 754.320374 471.645599 1.227801 1.800806 3.949322 -6.874179 -2.349935 55.442105 -0.795634 2.631423
Car -1 -1 -1.504623 662.799011 776.946045 886.933105 1013.890625 0.724206 1.654653 4.243438 -1.883745 3.024220 25.092905 -1.579553 2.441101
Car -1 -1 -1.633555 1020.435669 808.052368 1257.665161 1048.937866 0.655650 1.723839 4.297020 1.214191 3.209159 24.602584 -1.584243 3.158705
Car -1 -1 1.736649 394.315552 303.268280 490.911926 379.679871 1.322055 1.571328 4.247076 -13.935494 -5.066485 70.270814 1.540878 1.209871
Car -1 -1 -1.330729 1002.643799 317.637848 1124.670776 412.167480 1.460714 1.684767 4.236303 1.674489 -3.968894 63.926352 -1.304541 1.531040
Car -1 -1 -1.770005 1366.553101 796.194763 1660.914185 1035.924194 0.633263 1.594400 4.397061 4.540234 3.109878 24.796238 -1.588909 2.544293
Car -1 -1 -1.594654 967.922974 237.921768 1041.693481 320.315430 1.896817 1.949108 4.631104 0.335854 -7.737953 84.390261 -1.590674 0.434227
Car -1 -1 1.693065 533.717529 299.097076 619.563293 372.885254 1.298010 1.599483 4.243311 -10.741735 -5.325315 71.649131 1.544252 1.152026
Car -1 -1 -1.374366 176.709854 836.465027 520.484558 1079.858521 1.071511 1.826319 4.258842 -5.217459 3.747617 23.097299 -1.596528 3.393233
Car -1 -1 1.652891 660.527954 291.748962 737.471863 366.059906 1.318120 1.631479 4.250739 -7.810092 -5.666561 73.793307 1.547446 0.956799
Car -1 -1 -1.511169 1044.524414 281.442230 1130.951416 355.616760 1.214702 1.791713 4.282829 2.633268 -6.122877 75.237388 -1.476184 1.037238
Car -1 -1 1.724450 445.920898 280.678711 528.122131 344.895294 1.260633 1.492915 4.249331 -14.341332 -6.524295 78.489018 1.543726 0.658851
Car -1 -1 1.628978 719.045593 223.185791 785.444397 286.231140 1.680736 1.822303 4.297039 -8.219943 -9.694985 94.734294 1.542426 0.760821
Car -1 -1 1.758437 420.920227 240.131271 495.470367 300.117798 1.447745 1.542393 4.227390 -17.668940 -9.019212 91.841311 1.568373 0.644661
Car -1 -1 1.663656 615.954712 210.241150 686.254150 293.810303 2.179750 1.736385 4.574832 -11.313048 -9.225298 92.059907 1.541381 0.383404
Car -1 -1 1.718974 469.518707 230.488373 529.021179 280.257904 1.245631 1.421656 4.228435 -17.835122 -10.464218 99.898025 1.542302 0.614864
Car -1 -1 -1.563609 935.896118 166.186890 973.112854 199.333908 1.400474 1.808034 4.241938 -2.002216 -19.280161 147.016352 -1.577227 0.560334
Car -1 -1 1.694623 546.603333 192.566055 598.306824 232.864624 1.326444 1.590640 4.253387 -18.123593 -14.272718 119.128850 1.543646 0.476810
Car -1 -1 1.627688 692.521423 263.091217 763.367310 327.540558 1.348535 1.746523 4.260699 -7.927727 -7.371468 82.761833 1.532189 1.023030
Car -1 -1 1.718288 502.042145 259.151398 573.456299 318.700256 1.318625 1.543082 4.247527 -14.020448 -7.814767 85.289036 1.555358 0.838265
Car -1 -1 -1.398023 1076.363647 165.471451 1120.787842 199.903641 1.509274 1.698638 4.247196 5.766584 -19.434308 148.372729 -1.359177 0.217221
Car -1 -1 1.701469 543.144409 232.878906 601.736267 285.131073 1.301661 1.411209 4.243723 -14.736264 -10.004539 97.071273 1.550810 0.497819
Car -1 -1 1.621399 752.870605 141.530472 793.956604 187.877274 2.186786 1.907631 4.720292 -12.463852 -21.327533 157.453705 1.542405 0.088520
Car -1 -1 1.662434 580.322083 273.201141 650.294312 335.583496 1.263921 1.491195 4.251541 -10.807354 -6.844980 79.451363 1.527239 0.854071
Car -1 -1 1.726307 492.993927 208.466095 553.093994 258.502441 1.415435 1.554660 4.242177 -18.121082 -11.921404 106.691975 1.558068 0.512970
Car -1 -1 1.655952 743.998108 134.731186 773.644836 162.129272 1.601910 1.830910 4.259597 -16.307654 -27.910204 194.267329 1.572204 0.102580
Car -1 -1 1.698801 569.178223 220.713165 624.028564 267.966187 1.317793 1.457995 4.247977 -14.920488 -11.266695 104.034421 1.556354 0.446038
Car -1 -1 1.668603 664.423706 212.075409 714.455200 262.531860 1.296378 1.466586 4.233755 -11.578871 -11.827913 106.148527 1.559950 0.339260
Car -1 -1 1.640436 715.781555 176.018372 759.747681 217.791534 1.454565 1.620516 4.245836 -12.153328 -16.638487 132.344078 1.548861 0.214281
