Car -1 -1 -1.637449 219.943939 553.226746 409.139832 718.707886 0.853847 1.691874 4.235038 -8.505953 1.225209 33.302326 -1.887519 2.999021
Car -1 -1 -1.709885 1199.125488 239.802490 1271.994019 295.236816 1.188121 1.658755 4.247754 7.139004 -8.435240 91.371963 -1.631913 0.867141
Car -1 -1 1.760074 306.327972 208.334396 393.137512 274.608124 1.527874 1.776099 4.281193 -21.244748 -8.746673 88.353625 1.524103 0.671751
Car -1 -1 -1.583237 880.268982 183.194244 925.778259 223.044388 1.246883 1.695542 4.268534 -5.112472 -14.295127 123.634339 -1.624565 0.581940
Car -1 -1 1.806021 114.749847 208.044525 199.994003 265.991089 1.375139 1.551350 4.271913 -28.833353 -9.478725 93.086703 1.505646 0.785986
Car -1 -1 1.784566 169.732407 198.270691 241.877487 249.769241 1.307880 1.367445 4.248733 -28.915382 -10.582404 98.940950 1.500236 0.867801
Car -1 -1 1.726165 385.934021 184.057220 449.037262 240.244232 1.614396 1.565230 4.283273 -22.653777 -11.516671 104.935612 1.513545 0.596186
Car -1 -1 1.771087 310.256378 170.454590 369.874084 210.776001 1.282164 1.568186 4.261132 -29.504142 -14.440580 120.722826 1.531390 0.423215
Car -1 -1 1.808405 164.506409 173.463989 234.666428 218.575790 1.357817 1.554652 4.261304 -32.691836 -12.948887 111.026096 1.522046 0.383834
Car -1 -1 1.800680 238.638306 183.109070 305.046295 229.800095 1.287041 1.445602 4.258189 -28.933528 -12.185186 107.788255 1.538433 0.409403
Car -1 -1 1.740052 358.680237 202.150726 424.396027 255.125793 1.276622 1.423787 4.254482 -22.140823 -10.319964 97.998699 1.517853 0.657576
