Car -1 -1 -1.643810 965.443176 689.597839 1198.660400 966.448242 0.956884 1.840732 4.584911 1.300230 2.785597 22.131761 -1.585128 2.051975
Car -1 -1 -1.823191 1314.302856 722.355408 1625.534790 990.162476 0.885021 1.758296 4.262970 5.046297 2.971626 21.549994 -1.593169 4.042351
Car -1 -1 1.826022 307.691895 253.456055 400.443756 317.514801 1.311520 1.522550 4.249391 -17.977554 -7.521046 67.259556 1.564841 1.234768
Car -1 -1 1.798144 377.784027 216.341980 465.330505 282.362213 1.595214 1.725445 4.237776 -17.916609 -9.576049 75.749526 1.565888 1.168849
Car -1 -1 1.919164 76.599281 243.961563 177.288147 313.537781 1.507268 1.349421 4.243905 -25.499665 -7.801407 68.734598 1.563916 1.083578
Car -1 -1 1.864934 173.738205 256.473969 273.793243 320.078827 1.279974 1.451571 4.235272 -21.930624 -7.446015 67.187034 1.549426 1.380330
Car -1 -1 1.808181 371.713318 189.014191 441.087372 240.486404 1.534954 1.651386 4.236324 -22.507935 -13.243704 92.472029 1.569421 0.635092
Car -1 -1 1.742932 516.255920 156.377808 563.405945 191.677658 1.435579 1.713150 4.241550 -22.019552 -19.643492 120.341603 1.561959 0.512574
Car -1 -1 1.840456 267.229370 232.098953 353.132935 289.424438 1.352015 1.545908 4.237716 -21.583404 -9.212939 74.995665 1.560233 0.942314
Car -1 -1 1.873900 179.287292 227.187225 266.600311 282.949707 1.361363 1.584038 4.224925 -24.990015 -9.576333 76.436218 1.557915 0.997562
Car -1 -1 1.769983 439.814026 210.487137 503.392426 256.752014 1.278576 1.428628 4.209749 -18.203156 -11.559295 84.955516 1.558908 0.941491
