Car -1 -1 -1.623375 975.083008 545.026123 1125.699463 721.822510 1.244551 1.573363 4.340488 0.661813 1.233481 35.561469 -1.604767 1.871194
Car -1 -1 -1.523834 772.660950 450.036407 896.176819 566.901306 1.113891 1.768756 4.246058 -2.577178 -0.558455 45.829244 -1.580009 2.343587
Car -1 -1 -1.752606 1314.293823 733.505615 1587.507080 968.918396 0.924135 1.682461 4.382775 4.400436 2.932645 27.287009 -1.592717 2.811733
Car -1 -1 -1.532194 814.870178 298.074829 896.543030 377.350433 1.437723 1.842353 4.262163 -3.492793 -5.203944 71.514889 -1.580995 1.436146
Car -1 -1 -1.575381 954.679199 229.747665 1015.365601 288.664856 1.552680 1.850605 4.238250 -0.252526 -9.842698 96.893139 -1.577987 1.108467
Car -1 -1 -1.576277 946.363831 308.445038 1018.076416 381.868988 1.262513 1.606930 4.242558 -0.268118 -5.037383 70.673937 -1.580071 1.513867
Car -1 -1 -1.657597 1001.602112 810.205994 1284.268311 1080.000000 1.423727 1.841338 4.576729 1.107516 3.947519 23.331887 -1.610165 1.789658
Car -1 -1 1.679807 585.796204 264.864014 663.312378 327.253754 1.306966 1.645250 4.249920 -10.824623 -7.274592 81.662910 1.548023 1.053589
Car -1 -1 -1.538818 859.183960 205.401398 906.138550 250.557190 1.354643 1.674556 4.242600 -4.391913 -12.777368 111.979065 -1.578019 0.689255
Car -1 -1 -1.543985 863.883179 234.323364 918.575256 288.215210 1.327715 1.712581 4.255256 -3.471680 -9.702549 95.273224 -1.580409 0.994202
Car -1 -1 -1.557240 929.287537 190.447601 974.435669 234.088364 1.498087 1.823473 4.239684 -1.777726 -14.522842 121.553421 -1.571864 0.635889
Car -1 -1 1.626412 756.023987 191.318970 804.879150 237.326691 1.516679 1.726921 4.253192 -8.956764 -13.872544 116.906317 1.549947 0.599960
Car -1 -1 1.734894 513.458374 208.874954 572.351685 255.788437 1.350685 1.507649 4.241633 -17.948677 -12.455662 110.449656 1.573796 0.822455
Car -1 -1 1.674575 638.677734 181.467285 689.691650 224.876968 1.586025 1.789767 4.247203 -15.036016 -15.561672 126.835060 1.556578 0.580417
Car -1 -1 -1.622045 1089.867554 135.431717 1121.399170 163.025726 1.586861 1.906769 4.239581 7.734550 -27.232782 190.248286 -1.581412 0.205051
Car -1 -1 1.614576 794.463745 142.451843 826.427856 172.689774 1.544149 1.677448 4.260093 -11.464818 -24.390061 174.087078 1.548814 0.365507
Car -1 -1 -1.653126 1145.056030 160.537094 1193.280396 200.041733 1.645366 2.029546 4.254598 9.283841 -18.956121 144.638240 -1.589027 0.201091
Car -1 -1 1.660688 680.665894 146.084534 717.478638 174.481445 1.415951 1.762707 4.251962 -18.628525 -24.487208 175.517736 1.554949 0.258582
Car -1 -1 -1.596423 1100.453857 146.550995 1136.668091 174.060043 1.473763 1.914665 4.283015 8.468766 -26.295780 187.395841 -1.551262 0.079187
Car -1 -1 1.710972 559.655945 144.290100 596.712769 172.232208 1.389278 1.696419 4.249731 -26.658068 -24.971614 177.960692 1.562280 0.224670
