Car -1 -1 -1.067816 1668.311157 507.321686 1920.419434 695.983582 1.451786 1.777551 3.920754 11.087781 1.181520 36.591736 -0.773597 0.988584
Car -1 -1 0.030760 708.874817 387.884583 989.924622 496.608032 1.375268 1.855945 4.417032 -2.183966 -1.219239 47.758459 -0.014938 4.789486
Car -1 -1 -1.515962 378.232941 814.897827 652.754944 1078.539917 1.041543 1.811290 4.244175 -3.612782 3.604562 22.401708 -1.675858 2.939030
Car -1 -1 2.904266 1410.070557 329.719788 1659.300049 413.259277 1.319666 1.875584 4.463366 11.957557 -3.122340 59.183244 3.103625 3.034897
Car -1 -1 -1.624233 763.428406 741.332581 1027.245117 1057.931152 1.077110 1.717497 4.256597 -0.778313 3.101263 23.198498 -1.657771 2.927836
Car -1 -1 1.696189 447.741974 223.373108 519.696899 279.141632 1.274268 1.594396 4.244140 -15.932203 -8.746736 89.667972 1.520344 0.726846
Car -1 -1 1.670091 535.113892 215.015030 605.149048 283.376892 1.587672 1.669951 4.289696 -12.908494 -8.497695 88.128832 1.524652 0.706315
Car -1 -1 -1.546589 714.166443 159.754822 752.034729 194.920456 1.363011 1.706488 4.241310 -12.435897 -17.798070 142.308240 -1.633755 0.495857
Car -1 -1 -1.576697 791.798767 115.532799 820.727966 141.681091 1.440076 1.746280 4.262183 -12.409195 -29.040299 203.753245 -1.637525 0.238825
Car -1 -1 1.655404 565.026672 201.966507 624.390320 259.341583 1.525883 1.622320 4.263238 -13.402103 -10.068932 97.038516 1.518161 0.611123
