Car -1 -1 2.781012 1360.999512 368.744232 1608.521606 463.941498 1.391850 1.865466 4.185730 11.297651 -2.294395 45.643012 3.023657 4.232799
Car -1 -1 3.116502 472.966095 364.419464 730.164612 470.573700 1.427153 1.884025 4.541074 -6.719669 -2.116973 43.498059 2.963232 3.953381
Car -1 -1 -1.646862 972.693237 715.896851 1195.750122 954.218384 0.656987 1.728641 4.681257 1.332547 2.778113 22.610154 -1.587994 1.677253
Car -1 -1 1.881253 166.749725 251.235596 267.967255 322.963287 1.521862 1.450775 4.205825 -21.773342 -7.214748 66.093102 1.563016 1.310718
Car -1 -1 1.805266 376.528839 227.474884 448.222687 282.761932 1.323594 1.327914 4.214430 -18.412277 -9.626376 76.508741 1.569101 1.145938
Car -1 -1 1.822335 303.541962 242.463501 400.031494 314.895813 1.602447 1.575119 4.236928 -18.221622 -7.646732 67.899002 1.560149 1.290302
Car -1 -1 1.913642 54.184391 259.686829 158.391464 322.943481 1.284747 1.365809 4.232569 -25.358063 -7.288924 66.640693 1.550042 1.046197
Car -1 -1 1.781098 444.327148 198.141510 515.866089 254.753235 1.558055 1.560437 4.272541 -18.086474 -11.833216 85.949795 1.573693 0.692748
Car -1 -1 1.781031 434.387238 178.045761 494.219818 222.091614 1.426891 1.693018 4.240899 -21.779163 -15.084205 100.061794 1.566717 0.569270
Car -1 -1 1.841580 259.885590 232.322250 343.651550 290.425812 1.354801 1.448229 4.222709 -21.877895 -9.224943 75.151160 1.558291 1.048172
Car -1 -1 -2.832097 0.071494 347.259491 117.584557 441.888794 1.393376 1.865975 3.610294 -19.252505 -2.686689 44.849727 3.045609 0.636075
Car -1 -1 1.875539 188.118591 226.094360 274.025604 279.653168 1.365455 1.521827 4.225554 -25.420140 -9.940625 78.491811 1.562341 0.923890
Car -1 -1 1.665860 653.009949 115.993820 682.762878 138.273804 1.496589 1.798240 4.221340 -22.709536 -33.697550 182.349526 1.541959 0.134044
