Car -1 -1 -1.615374 1701.574585 658.434265 1918.259277 912.993896 0.781917 1.761371 4.233983 7.851340 2.537074 20.808950 -1.254583 3.926500
Car -1 -1 0.731677 0.000000 381.674377 160.020370 460.085815 1.488180 1.835503 3.806273 -25.040968 -2.134336 60.751389 0.340709 0.588189
Car -1 -1 -1.446674 1307.826050 719.302795 1552.996338 966.950806 0.500513 1.538454 4.260796 4.217887 2.798373 19.988634 -1.238711 4.174123
Car -1 -1 -1.155104 587.172668 658.726379 910.452820 896.661011 0.843187 1.439447 4.348029 -2.248575 2.715036 22.974788 -1.252664 5.480859
Car -1 -1 -1.295540 929.782227 734.379456 1241.821411 991.390320 0.522646 1.498161 4.443800 1.121383 3.005975 20.246287 -1.240210 4.250532
Car -1 -1 -1.709001 906.040833 287.984161 991.843262 357.854553 1.156990 1.372360 4.238666 -0.978294 -4.897165 60.974937 -1.725044 1.704982
Car -1 -1 0.694344 243.519333 403.846710 425.407532 486.167419 1.321170 1.887406 3.319243 -15.219930 -1.260991 51.642652 0.407742 1.410065
Car -1 -1 0.649677 260.160370 326.083069 415.931458 386.471893 1.229830 1.848502 3.649728 -20.626105 -4.644141 70.122203 0.363600 1.182073
Car -1 -1 2.872843 1747.625244 184.446320 1902.976318 244.228867 1.342664 1.875094 4.335930 27.732147 -9.142370 72.226289 -3.043738 1.622305
Car -1 -1 0.543117 395.777039 353.928314 590.744995 440.811096 1.500684 1.905674 3.830400 -12.056373 -2.383595 54.569116 0.325672 2.111016
Car -1 -1 -2.463423 311.612183 279.706909 427.271545 330.832733 1.343945 1.867000 3.566209 -24.864541 -7.939638 88.973601 -2.735931 0.667269
Car -1 -1 0.550451 431.805145 334.848022 615.327026 413.866486 1.371240 1.853990 3.928782 -12.526694 -3.373331 60.426914 0.346043 0.833242
Car -1 -1 -1.707423 824.128357 272.079681 923.168152 331.197662 1.122163 1.712559 4.286256 -3.394190 -6.190822 68.602450 -1.756859 0.597113
Car -1 -1 3.098821 1582.432861 196.351700 1762.510742 261.150970 1.439397 1.986192 4.988829 21.976173 -8.312520 69.554325 -2.878333 1.508339
Car -1 -1 0.681987 115.216377 346.853455 285.423553 413.777527 1.431479 1.855171 3.884559 -22.687004 -3.250086 63.961440 0.341133 0.554167
Car -1 -1 -3.019883 748.413513 226.048935 863.479614 275.272583 1.356158 1.871590 4.262946 -7.501668 -10.455379 92.725444 -3.100609 0.617875
Car -1 -1 -0.978228 31.092424 894.422974 669.801270 1078.736938 1.053812 2.527738 4.198262 -4.589458 4.516056 17.182839 -1.239231 3.722647
Car -1 -1 1.814586 1060.723267 239.488434 1179.424561 362.573761 2.272747 1.323435 5.573113 3.675367 -4.425781 55.779743 1.880382 0.872074
Car -1 -1 -1.843118 908.154846 238.688095 1002.470703 300.685974 1.637268 1.587860 4.369375 -0.883915 -7.203275 71.829305 -1.855424 0.488190
Car -1 -1 0.560068 491.338318 325.405212 650.943115 384.304199 1.159596 1.819803 3.792102 -12.437589 -4.316362 65.316456 0.371900 0.327525
Car -1 -1 1.826387 1193.712036 150.326065 1238.402344 184.827942 1.430824 1.472745 4.250006 14.163978 -19.931949 132.594853 1.932805 0.285045
Car -1 -1 1.671828 1429.104004 156.810577 1478.442383 202.743912 1.259776 1.652711 4.254904 21.341384 -14.237136 98.544727 1.885100 0.390748
Car -1 -1 -1.640323 1813.194702 94.061920 1848.191406 123.853249 1.295811 1.773895 4.240373 55.266886 -25.216998 142.791237 -1.271033 0.226903
Car -1 -1 -1.865885 798.539246 250.458984 871.378052 303.885010 1.436532 1.524182 4.157247 -5.496878 -8.144442 81.231906 -1.933451 0.254717
Car -1 -1 -1.916473 1868.914062 152.828903 1917.435791 213.660248 1.370328 1.764189 4.163566 33.904359 -11.069383 79.187820 -1.511936 0.294588
Car -1 -1 1.676847 1440.393188 146.541885 1489.251709 193.082947 1.398547 1.700134 4.257795 21.862883 -14.643484 98.988454 1.894220 0.231468
Car -1 -1 1.943392 1083.157471 229.279221 1173.925781 285.210327 1.350683 1.337951 4.461858 5.159545 -8.419987 77.186985 2.010137 0.194942
