Car -1 -1 -1.632663 981.546814 530.659180 1129.932617 670.477661 0.956670 1.665596 4.235609 0.842386 0.748845 39.119543 -1.611133 2.399679
Car -1 -1 -1.759101 1263.879639 639.202820 1474.812500 820.712097 0.880640 1.558059 4.229156 4.229734 2.021310 31.661610 -1.626295 2.465518
Car -1 -1 -1.848188 142.295853 535.184143 355.781525 692.047058 1.151751 1.545150 4.183551 -10.066117 0.984932 37.121079 -2.112990 2.024180
Car -1 -1 1.789262 274.111206 285.590149 373.491302 382.316132 1.799727 1.271020 4.616428 -16.999063 -5.034004 70.523340 1.552732 0.620077
Car -1 -1 1.713258 519.708984 289.793610 615.503784 371.596527 1.472258 1.733709 4.251229 -11.059404 -5.416830 72.176630 1.561214 0.930437
Car -1 -1 1.657186 645.706543 290.938110 732.698181 377.055878 1.527313 1.681307 4.248467 -7.717080 -5.173990 70.608185 1.548323 1.091564
Car -1 -1 -1.604975 1007.901978 363.046082 1117.552368 472.375427 1.439997 1.870033 4.260754 1.368641 -2.385044 55.864003 -1.580480 1.280892
Car -1 -1 -2.031870 1379.604614 284.711639 1514.402832 363.567047 1.515914 1.705984 4.215810 12.078803 -5.700769 73.813359 -1.869668 0.845705
Car -1 -1 -1.536892 820.802185 323.112610 902.887817 398.813141 1.210655 1.748570 4.244454 -3.144099 -4.409583 67.048399 -1.583751 1.515666
Car -1 -1 -1.562265 929.061462 205.742569 978.710449 256.840637 1.547901 1.753852 4.255972 -1.512806 -12.210772 108.939886 -1.576150 0.693935
Car -1 -1 -1.596799 1028.398926 223.125580 1082.116211 270.076874 1.311551 1.786992 4.246253 2.362890 -11.192968 103.910920 -1.574063 0.935661
Car -1 -1 1.680493 650.141479 205.927628 713.351135 263.416290 1.688473 1.803671 4.264317 -11.697508 -11.483739 104.317668 1.568826 0.598506
Car -1 -1 -1.560527 936.660156 266.846893 999.920959 327.112274 1.242187 1.778579 4.256183 -0.730961 -7.427040 83.298158 -1.569302 1.364163
Car -1 -1 -1.574407 970.207703 137.405273 999.304993 163.028046 1.365537 1.807484 4.241886 -0.571691 -27.288742 190.249842 -1.577412 0.309385
Car -1 -1 -1.555643 889.036133 140.172455 920.146790 167.711456 1.476683 1.854251 4.241571 -5.651796 -25.197604 177.925739 -1.587397 0.458460
Car -1 -1 -1.552552 952.642090 164.514465 989.096375 197.759628 1.385203 1.759438 4.236742 -1.145666 -19.553088 148.392484 -1.560272 0.476435
Car -1 -1 -1.586665 1005.054871 151.460739 1040.095093 183.235336 1.524154 1.875249 4.244843 1.793963 -22.708039 166.214975 -1.575872 0.299919
Car -1 -1 1.649068 710.292969 241.815643 769.673096 297.293823 1.323968 1.501543 4.250751 -8.478074 -9.298107 93.765750 1.558896 0.758882
Car -1 -1 1.654749 688.097900 259.496216 752.775574 318.755249 1.311242 1.538639 4.255327 -8.266385 -7.719773 84.259082 1.556955 0.955351
Car -1 -1 1.625143 783.776123 136.101303 815.099365 163.137131 1.491493 1.779984 4.257384 -13.183482 -27.092567 189.026084 1.555512 0.329435
Car -1 -1 -1.506905 559.885620 958.123901 862.084595 1080.000000 0.487451 1.856822 4.285990 -2.036937 4.025247 21.728337 -1.600378 1.903309
Car -1 -1 -1.607167 1080.467773 128.994583 1108.695312 154.370483 1.540768 1.821566 4.261666 7.583131 -29.862647 203.862212 -1.569987 0.093348
