Car -1 -1 1.806241 275.264496 263.730194 379.156616 331.135071 1.265854 1.704031 4.272656 -18.026619 -6.875182 64.501760 1.533719 1.533984
Car -1 -1 1.924370 28.285818 251.899048 142.850357 329.927765 1.605008 1.535267 4.240584 -25.472483 -6.995633 65.346303 1.552681 1.034095
Car -1 -1 1.876728 145.034149 255.037582 250.380463 330.882599 1.531011 1.445490 4.243349 -21.813806 -6.861747 64.450395 1.550372 1.538575
Car -1 -1 1.791754 354.609497 238.427780 437.469147 297.378143 1.300463 1.576664 4.230787 -17.861269 -8.621863 71.894754 1.548248 1.186244
Car -1 -1 1.845002 238.669174 232.443100 327.205109 299.127228 1.545880 1.455551 4.249305 -21.547396 -8.571747 71.893073 1.553808 1.311623
Car -1 -1 1.727427 521.054077 206.507996 588.118042 256.145569 1.318698 1.744078 4.251113 -14.693026 -11.413175 83.523846 1.553294 0.966769
Car -1 -1 1.778124 410.955292 186.179993 474.760345 233.205933 1.433071 1.693856 4.244545 -21.544519 -13.857418 94.885670 1.554852 0.736312
Car -1 -1 1.822157 316.469299 215.255905 390.738770 267.522095 1.299915 1.408579 4.219864 -21.612007 -10.675960 80.643490 1.560316 0.782978
Car -1 -1 1.908671 118.813164 232.569946 217.730545 301.061279 1.575447 1.403735 4.284125 -25.108945 -8.415427 71.177474 1.569535 0.888235
Car -1 -1 1.782960 413.425842 215.208725 485.510559 267.873505 1.286922 1.463073 4.232019 -18.120277 -10.702890 80.936952 1.562710 0.973483
Car -1 -1 1.710621 574.532349 160.055069 619.582092 197.465332 1.512805 1.665267 4.245660 -17.924592 -18.338599 114.413763 1.555220 0.689936
Car -1 -1 1.870956 223.945557 174.271881 291.214874 218.081360 1.557789 1.694078 4.287778 -32.702394 -15.893428 104.518835 1.567720 0.389290
Car -1 -1 1.687190 617.376709 116.443993 645.485168 139.602844 1.528612 1.711227 4.241342 -26.087804 -34.016575 184.491479 1.546718 0.131753
