Car -1 -1 -1.710492 1249.692139 614.791260 1475.516602 796.798157 0.862815 1.658255 4.314853 4.018814 1.859219 30.743162 -1.580507 2.044025
Car -1 -1 -1.579227 911.046997 485.539795 1062.790527 646.866577 1.215903 1.798059 4.362965 -0.112012 0.599912 37.881504 -1.582184 2.190531
Car -1 -1 -1.510110 721.145691 362.745331 845.309265 482.049835 1.438297 1.950027 4.327490 -3.851424 -1.776286 52.161502 -1.583813 1.665917
Car -1 -1 -1.466619 520.936340 677.057617 753.815002 909.853394 0.966288 1.669602 4.245008 -3.304665 2.512642 26.710583 -1.589714 3.002867
Car -1 -1 1.736524 441.735626 219.577042 524.679504 297.305389 1.863316 1.641389 4.622590 -16.207322 -8.197028 88.708676 1.555815 0.421452
Car -1 -1 1.916639 0.000000 336.264679 89.045052 468.727692 1.692853 1.684291 4.461382 -19.267774 -2.114563 53.836994 1.572952 1.735266
Car -1 -1 -1.573628 929.774353 192.131393 974.200623 231.690994 1.305347 1.754032 4.245114 -1.706246 -13.828022 122.348620 -1.587573 0.752293
Car -1 -1 -1.615307 1028.812988 189.922836 1075.807251 231.209763 1.359249 1.776240 4.275668 2.711476 -13.968609 123.519264 -1.593359 0.645159
Car -1 -1 -2.276511 1295.932983 185.822922 1385.463013 227.066681 1.497107 1.633652 4.162637 16.258555 -14.809631 129.223415 -2.151351 0.316713
Car -1 -1 -1.584448 982.625977 164.749344 1021.635010 200.203049 1.484511 1.899359 4.258903 0.599082 -18.501640 149.958929 -1.580453 0.401982
Car -1 -1 -1.558040 882.389465 149.681046 911.978882 177.005814 1.360529 1.725886 4.236015 -5.878339 -22.666103 173.219942 -1.591963 0.265052
Car -1 -1 -1.584293 1089.791260 140.981476 1122.090576 169.094147 1.540804 1.994485 4.275510 7.609944 -25.151801 188.583072 -1.543961 0.122323
Car -1 -1 -1.574517 943.878967 145.216019 971.960144 171.762451 1.396448 1.665955 4.262131 -2.171498 -23.978868 180.997547 -1.586514 0.192375
Car -1 -1 -1.562508 897.555298 135.677979 925.724060 160.070099 1.461549 1.757410 4.250232 -5.749339 -27.631161 202.725559 -1.590861 0.216936
Car -1 -1 1.372369 83.338127 178.401215 173.994705 218.816620 1.400364 1.788820 3.897908 -40.165667 -15.086217 128.707093 1.069876 0.079675
Car -1 -1 1.684546 528.021851 166.093140 570.966064 196.389816 1.330804 1.690405 4.246716 -25.037331 -19.547614 157.133414 1.526536 0.247995
