Car -1 -1 1.169817 447.457092 357.430054 585.854126 443.545959 1.202672 1.406150 4.161446 -10.647346 -3.476844 51.715369 0.966771 0.393449
Car -1 -1 -1.623733 1004.178650 290.750458 1076.382080 357.679474 1.249376 1.836998 4.268704 2.149087 -6.536468 64.558003 -1.590456 1.278869
Car -1 -1 1.717666 583.339783 229.568695 646.945862 290.283234 1.749605 1.611526 4.349591 -13.524801 -10.849580 84.778831 1.559469 0.527034
Car -1 -1 1.185154 1811.556274 164.034286 1893.114990 212.414413 1.703747 1.848241 4.435493 42.338137 -16.834785 104.731587 1.569322 0.312910
Car -1 -1 -1.605695 983.739685 199.617065 1031.774292 249.748901 1.739817 1.958871 4.443693 1.893136 -14.445266 99.987916 -1.586764 0.420163
Car -1 -1 1.769836 500.672028 214.770386 557.180054 256.915863 1.356344 1.637362 4.241022 -20.709889 -14.722281 103.889504 1.573070 0.585585
Car -1 -1 1.757088 512.953918 273.703430 593.928894 332.528381 1.239644 1.618139 4.276661 -13.747504 -8.149662 73.257956 1.571586 0.822253
Car -1 -1 -1.918739 1754.176880 172.080963 1824.466553 212.100998 1.380981 1.538180 4.257133 39.064836 -16.706247 104.032568 -1.559525 0.584482
Car -1 -1 1.991476 1735.329956 206.221970 1832.097534 259.308777 1.490889 1.826289 4.229039 32.149874 -12.161227 86.095818 2.348860 0.267821
Car -1 -1 2.796572 1725.353149 165.093216 1822.349854 203.026077 1.488410 1.820652 3.937983 40.596000 -18.111821 110.366968 -3.134146 0.173003
Car -1 -1 1.210485 1872.746216 170.687698 1919.261230 211.651749 1.444280 1.583354 4.213153 45.118741 -16.845771 104.912624 1.616634 0.216715
Car -1 -1 -2.763112 49.821545 196.820374 127.425453 225.452560 1.193879 1.826773 3.239240 -48.262412 -18.460409 120.074005 3.137897 0.105876
Car -1 -1 2.872127 1590.362183 148.318253 1670.524902 182.341873 1.521207 1.805917 3.933158 38.629045 -21.858441 126.727723 -3.115186 0.176476
