Car -1 -1 -2.128412 0.000000 474.272705 245.698715 619.043640 1.370399 1.839431 4.116963 -13.631645 0.182019 42.744463 -2.437127 1.459344
Car -1 -1 -1.819571 1338.623657 268.756073 1435.871704 342.325531 1.459828 1.541794 4.234242 11.345490 -6.768567 79.810372 -1.678362 1.052128
Car -1 -1 -1.534416 802.075195 421.664948 914.477417 527.291443 1.089966 1.750555 4.260648 -2.364796 -1.235335 49.461660 -1.582190 2.289394
Car -1 -1 1.787823 276.867828 290.677582 381.859314 373.551788 1.556230 1.574405 4.245294 -17.110071 -5.286758 71.561492 1.553133 1.395465
Car -1 -1 1.700324 524.234131 271.601440 616.374207 367.034302 1.822690 1.590783 4.838946 -11.097060 -5.618626 73.065810 1.549598 0.402853
Car -1 -1 1.747301 388.538940 305.923706 494.417664 380.921112 1.308770 1.751301 4.257927 -14.039452 -5.052351 70.644973 1.551124 1.116735
Car -1 -1 -1.601890 1023.609375 207.719299 1074.529419 256.012177 1.376840 1.687242 4.251245 2.237065 -12.421800 110.272770 -1.581606 0.693268
Car -1 -1 -1.573533 947.908264 244.961548 1010.728760 308.157501 1.550691 1.857508 4.259947 -0.423068 -8.450442 88.885187 -1.578293 1.180578
Car -1 -1 -1.546888 842.596802 288.133087 913.465271 358.385162 1.357113 1.689342 4.256547 -3.118663 -6.016897 76.404881 -1.587683 1.276809
Car -1 -1 1.721824 492.068726 258.381989 572.998779 317.542206 1.319344 1.621055 4.265651 -14.124169 -7.823259 84.991996 1.557146 1.016412
Car -1 -1 -1.569047 942.626831 184.167313 983.677124 221.363739 1.369495 1.790287 4.250566 -1.383605 -16.227703 131.103117 -1.579600 0.767198
Car -1 -1 -1.583172 1009.275818 172.160599 1050.081543 207.478409 1.412312 1.868418 4.240285 1.889017 -17.994533 140.149368 -1.569694 0.618652
Car -1 -1 -1.664701 1230.597290 217.849030 1290.186646 264.440979 1.268085 1.708492 4.247211 10.117962 -11.423925 104.239773 -1.567939 0.699996
Car -1 -1 -1.551285 910.379761 159.418259 948.809692 194.500854 1.500614 1.850634 4.259188 -3.446224 -20.198809 151.838230 -1.573978 0.379964
Car -1 -1 -1.593928 1084.066895 136.931580 1114.790771 163.284470 1.543435 1.917691 4.241194 7.376288 -27.474885 191.900784 -1.555509 0.212849
Car -1 -1 -1.582122 988.556335 129.945786 1015.220154 153.844009 1.470320 1.798605 4.261034 0.769542 -30.440485 207.938796 -1.578421 0.257872
Car -1 -1 -1.569010 943.871155 137.440048 971.812012 162.875427 1.377978 1.714855 4.251823 -2.335965 -27.208347 189.855579 -1.581313 0.227234
Car -1 -1 1.705746 573.448120 135.394852 610.113525 165.087326 1.615037 1.772949 4.253827 -27.528494 -27.105712 189.739586 1.561666 0.223016
