Car -1 -1 2.424910 494.158752 538.829773 788.747314 697.271973 1.233903 1.881173 3.290195 -4.624743 1.070073 36.925887 2.300315 2.355469
Car -1 -1 -0.079162 892.329224 450.001434 1200.110840 566.217651 1.431182 1.860502 4.626865 0.846907 -0.374652 45.058798 -0.060368 4.316891
Car -1 -1 -1.653186 1021.586914 756.164978 1267.582275 1015.183838 0.914306 1.767362 4.279316 1.293392 3.029169 25.251282 -1.602010 2.336648
Car -1 -1 0.228373 219.782379 444.585632 561.312256 580.051025 1.625241 1.946569 4.735285 -9.676526 -0.220153 44.934826 0.016267 3.586122
Car -1 -1 1.785602 278.371216 293.471039 385.201965 375.951813 1.487732 1.639027 4.250244 -17.032806 -5.252027 71.476476 1.551666 1.180493
Car -1 -1 -1.002875 687.405457 357.191833 853.855652 444.433441 1.138473 1.456103 4.199745 -4.683377 -3.043637 59.043925 -1.082029 1.231040
Car -1 -1 -1.784556 1356.177002 811.394470 1673.287231 1054.228638 0.591076 1.658570 4.537730 4.485969 3.201362 24.525893 -1.603648 3.806890
Car -1 -1 -1.514867 611.749634 818.583618 845.383179 1076.429199 0.700448 1.669083 4.249566 -2.205746 3.302721 23.946021 -1.606721 2.600762
Car -1 -1 -0.391654 266.356598 401.810852 561.768372 500.039429 1.182480 1.880702 4.643760 -10.940622 -1.720657 52.160540 -0.598406 2.107215
Car -1 -1 1.760429 402.042633 288.716736 494.967743 371.944366 1.496432 1.548571 4.245392 -14.149691 -5.398185 72.064947 1.566549 1.107910
Car -1 -1 -1.347048 834.834351 287.175140 926.349976 359.897980 1.389778 1.533745 4.248156 -2.985128 -5.863545 74.718642 -1.386978 0.931274
Car -1 -1 1.707806 517.285339 300.943237 610.755127 374.449890 1.298759 1.623864 4.243244 -11.032085 -5.268470 71.442945 1.554598 1.245323
Car -1 -1 1.732855 450.021393 240.542267 537.165894 336.922913 2.107325 1.556302 4.587183 -14.412699 -6.928643 80.065595 1.554751 0.579742
Car -1 -1 1.781365 357.815521 269.327911 438.236145 336.706360 1.322985 1.350725 4.233848 -17.406994 -7.014907 81.022197 1.569740 1.246293
Car -1 -1 1.708407 556.829590 267.918518 634.858398 339.220001 1.475820 1.510586 4.233690 -11.397482 -6.791450 79.694551 1.566356 1.029465
Car -1 -1 -1.557145 905.715210 164.973511 946.850220 203.054169 1.524701 1.859306 4.249983 -3.415227 -18.593965 142.902650 -1.581039 0.554097
Car -1 -1 1.692838 602.040710 252.298462 668.683777 311.448059 1.340312 1.390990 4.264436 -11.202535 -8.168861 86.882501 1.564607 0.961899
Car -1 -1 1.662481 651.417786 296.122131 731.007324 379.657043 1.470118 1.520542 4.255020 -7.756589 -5.147928 71.197367 1.553964 1.202284
Car -1 -1 -1.587339 998.755981 168.895065 1035.956543 202.248306 1.346069 1.654336 4.239138 1.319921 -19.119283 146.575677 -1.578334 0.541651
Car -1 -1 1.727365 518.979309 246.320297 585.798767 303.459717 1.321247 1.360258 4.247018 -14.490160 -8.864252 91.229737 1.569849 0.956461
Car -1 -1 1.768723 367.086121 195.088531 426.367249 240.207962 1.430316 1.527505 4.252986 -25.445756 -13.899031 117.939514 1.556227 0.415808
Car -1 -1 1.710469 552.210266 219.707748 615.480713 270.405334 1.342570 1.609418 4.245360 -15.016751 -10.956444 101.543656 1.563648 0.494165
Car -1 -1 1.632504 759.848816 131.914474 789.285400 156.063309 1.464448 1.753522 4.238130 -16.082770 -29.629966 203.575493 1.553667 0.219014
Car -1 -1 1.720387 552.908020 203.189850 610.674927 243.834625 1.266201 1.648253 4.227520 -16.799435 -13.136030 113.053541 1.572870 0.471835
