Car -1 -1 0.702578 916.832886 337.760376 1166.115112 462.109406 1.512961 1.905739 4.174830 1.246781 -2.121225 52.679939 0.726241 3.401750
Car -1 -1 -1.628611 753.973267 633.481750 964.905518 857.407532 1.095746 1.730906 4.236606 -1.293499 2.259047 28.318801 -1.674255 2.555697
Car -1 -1 -1.647058 734.318420 437.338287 879.759033 565.677124 1.064201 1.694937 4.248242 -2.645277 -0.344660 42.657128 -1.708991 2.688557
Car -1 -1 -1.590897 468.560394 479.238342 620.044739 621.076721 1.022382 1.812135 4.248200 -6.185928 0.361400 39.386855 -1.746680 2.175391
Car -1 -1 -1.526280 384.764465 770.291382 633.002319 1033.322021 0.732623 1.747416 4.259988 -3.877209 2.999719 23.506835 -1.689748 2.365696
Car -1 -1 1.710930 328.664429 291.813049 425.683502 376.349701 1.236328 1.510382 4.240877 -13.526045 -4.187048 62.557878 1.497991 1.354676
Car -1 -1 2.823390 1754.630005 321.853027 1920.075073 420.633362 1.638238 1.862940 4.043549 19.018770 -2.928572 58.631885 3.137057 1.258848
Car -1 -1 2.707051 0.230029 242.484970 162.238068 325.441254 1.727746 1.882118 4.259334 -25.838379 -6.535321 79.121395 2.391403 1.228694
Car -1 -1 -1.709027 1270.571777 853.421509 1598.317017 1079.211548 0.942190 1.823762 4.272827 3.539329 3.829210 22.091738 -1.550166 2.365261
Car -1 -1 1.692448 398.901123 237.656723 482.584167 307.180664 1.358428 1.682608 4.267885 -15.242116 -7.026546 78.957698 1.501752 0.752480
Car -1 -1 1.625734 534.813110 247.466583 607.826782 311.171875 1.271710 1.638168 4.256962 -11.614789 -6.964357 79.648174 1.480929 1.068774
Car -1 -1 2.934219 1426.089600 331.803009 1670.124634 413.838348 1.293317 1.854702 4.446901 12.186555 -3.085163 58.891830 3.138271 2.141998
Car -1 -1 2.966715 1473.294922 311.673553 1699.940186 387.024536 1.290977 1.830776 4.136813 14.183305 -3.880077 63.712822 -3.097429 0.489394
Car -1 -1 1.693315 470.908264 199.724716 536.422119 254.321899 1.467506 1.734667 4.254989 -17.363523 -10.783311 101.966871 1.524647 0.558881
Car -1 -1 1.710587 388.837402 184.269257 457.626587 250.798615 1.829634 1.682562 4.261264 -20.231539 -10.827727 101.447638 1.513741 0.734096
Car -1 -1 1.639795 573.211731 192.610977 630.203735 252.651337 1.627699 1.603076 4.348624 -13.740815 -10.864169 101.972009 1.505851 0.426215
Car -1 -1 1.678280 529.398010 180.032089 584.195251 227.406570 1.380279 1.596859 4.250031 -17.385767 -13.215075 115.169830 1.528454 0.546293
Car -1 -1 1.659113 621.684082 122.205536 656.920105 150.905838 1.497384 1.786646 4.246367 -23.014591 -26.437982 189.620616 1.538332 0.208199
Car -1 -1 -1.829150 1516.478394 165.149582 1589.147583 207.283340 1.473687 1.859121 4.272059 27.373475 -15.746130 130.124478 -1.621810 0.134315
