Car -1 -1 -1.713533 1244.450684 585.551270 1465.709229 791.449646 1.278686 1.739686 4.315531 4.251081 1.833402 33.235360 -1.586316 3.086975
Car -1 -1 -1.619966 1012.034607 564.697449 1168.091064 717.481628 0.971769 1.707356 4.251529 1.213778 1.229139 36.207642 -1.586456 2.353732
Car -1 -1 -1.512255 650.843628 808.856140 882.586365 1045.856689 0.658152 1.666738 4.246830 -1.907628 3.211135 24.615810 -1.589596 3.760411
Car -1 -1 -1.640465 1122.841675 348.766174 1233.967041 460.219116 1.564091 1.883863 4.268291 3.733804 -2.615453 56.500310 -1.574477 1.555641
Car -1 -1 -1.588811 962.220642 345.606171 1056.469727 442.474121 1.382337 1.795661 4.237755 0.327859 -3.101247 59.596983 -1.583310 1.093720
Car -1 -1 1.668333 641.458313 305.151031 720.333923 379.393951 1.282938 1.472073 4.241283 -7.871082 -5.047992 70.085224 1.556494 1.184677
Car -1 -1 -1.584079 1011.362976 191.585114 1059.792847 236.652985 1.562771 1.955626 4.246317 1.883390 -14.302069 120.522941 -1.568453 0.723803
Car -1 -1 -1.576717 953.070129 222.701263 1005.395081 272.470093 1.332529 1.670628 4.246637 -0.510937 -10.972936 102.385038 -1.581707 0.878851
Car -1 -1 -1.577338 945.635742 192.004044 990.603821 234.333679 1.542313 1.776454 4.255736 -1.083839 -14.421222 121.312577 -1.586272 0.665951
Car -1 -1 -1.536017 853.600403 211.360474 903.902222 258.457336 1.344834 1.735685 4.236305 -4.397814 -12.007971 107.602740 -1.576865 0.862219
Car -1 -1 -1.583244 947.001953 292.352325 1020.103027 363.293182 1.268216 1.742668 4.252779 -0.253930 -5.772226 74.333923 -1.586660 1.532949
Car -1 -1 -1.535511 828.661621 280.013885 899.076721 348.569275 1.303751 1.709591 4.255714 -3.571679 -6.447045 78.066998 -1.581231 1.094678
Car -1 -1 -1.549963 875.044983 177.165848 914.253296 211.472733 1.368965 1.736591 4.255277 -4.888560 -17.571346 138.215478 -1.585317 0.577999
Car -1 -1 -1.585979 998.059998 164.696121 1036.888306 198.162857 1.393149 1.877353 4.250587 1.336218 -19.611897 148.885630 -1.577005 0.486763
Car -1 -1 -1.551159 887.156372 148.918869 923.266418 186.994308 1.754313 1.883284 4.294341 -5.060321 -21.733086 160.436458 -1.582689 0.267520
Car -1 -1 -1.586742 993.492249 137.563278 1021.883850 162.715683 1.365407 1.764651 4.252014 1.000349 -27.727487 193.320367 -1.581568 0.224202
Car -1 -1 -1.563317 938.734314 134.210648 965.694885 159.492691 1.457040 1.658836 4.230724 -2.932069 -28.869180 199.654170 -1.578002 0.197803
Car -1 -1 -1.567666 935.552185 157.643448 969.701050 189.174072 1.397146 1.792948 4.232248 -2.246584 -21.159262 157.269390 -1.581950 0.302706
Car -1 -1 -1.651406 1146.244019 164.229431 1192.702759 203.675110 1.690851 2.093228 4.263248 9.298199 -18.839767 144.996526 -1.587367 0.249463
Car -1 -1 1.662035 678.865356 279.421143 752.339661 346.590271 1.311554 1.535861 4.241175 -7.751752 -6.427126 77.670619 1.562562 0.573221
Car -1 -1 1.667069 715.075867 157.278580 753.895020 188.944550 1.431093 1.756884 4.238383 -14.826336 -21.442481 158.995882 1.574088 0.201957
Car -1 -1 -1.570327 940.855408 164.600235 976.097229 196.178986 1.264580 1.796617 4.237957 -1.738480 -19.627951 149.099064 -1.581986 0.213023
