Car -1 -1 -1.622097 977.821289 448.010010 1126.407471 619.296021 1.528842 1.913276 4.984990 0.835260 0.079338 41.673065 -1.602057 1.308293
Car -1 -1 -1.639665 1104.599731 344.746857 1206.744263 438.308716 1.344762 1.778569 4.244435 3.494820 -3.207403 60.109662 -1.581589 1.347804
Car -1 -1 -1.581267 958.562378 311.034912 1036.638062 381.671234 1.211400 1.800288 4.265853 0.120230 -4.977346 70.008308 -1.579550 1.516796
Car -1 -1 -1.420792 221.916016 825.846375 523.268982 1078.270386 1.040681 1.747350 4.242656 -5.179390 3.683511 23.775695 -1.635285 2.362633
Car -1 -1 1.643019 643.592285 309.055145 722.431213 383.718842 1.249068 1.530413 4.242952 -7.746163 -4.920101 69.459032 1.531956 1.019969
Car -1 -1 -1.606763 1039.883911 261.528839 1106.303101 320.159515 1.250949 1.873953 4.271019 2.446518 -7.720694 84.434602 -1.577796 1.250154
Car -1 -1 -1.561684 912.751587 214.572617 966.985718 265.265717 1.485542 1.765511 4.227146 -2.024667 -11.550474 105.653620 -1.580845 0.610025
Car -1 -1 -1.613023 1034.695557 230.827820 1090.705566 283.034363 1.266688 1.729396 4.235671 2.485018 -10.265267 98.289239 -1.587745 0.975881
Car -1 -1 -1.550966 868.041748 195.282776 912.518616 234.465897 1.312689 1.763955 4.240270 -4.438614 -14.353922 120.249272 -1.587861 0.729787
Car -1 -1 -1.584100 1012.703247 174.277710 1053.283813 210.293549 1.373950 1.813518 4.276155 2.044948 -17.762945 139.181337 -1.569408 0.597041
Car -1 -1 -1.560285 949.958008 197.030975 992.927002 237.424942 1.306531 1.716876 4.251600 -0.880095 -14.185241 119.617454 -1.567642 0.641608
Car -1 -1 -1.554723 882.798096 154.420364 916.133423 183.696884 1.392640 1.776959 4.229431 -5.552035 -22.444077 164.197448 -1.588523 0.374567
Car -1 -1 1.655263 708.631042 242.383270 770.529175 298.830170 1.348476 1.577467 4.245391 -8.367915 -9.016969 91.659685 1.564222 0.737218
Car -1 -1 1.647904 686.329346 257.741425 749.820557 318.705688 1.321621 1.503357 4.242025 -8.456399 -7.836953 85.225687 1.549004 0.829362
Car -1 -1 -1.600740 997.366943 151.199097 1033.234863 186.354843 1.488661 1.883919 4.248731 1.371102 -22.370445 164.359357 -1.592398 0.297020
Car -1 -1 1.645799 734.886230 216.916138 791.962708 273.466888 1.434496 1.705294 4.256371 -8.294260 -10.675513 99.757730 1.562846 0.700042
Car -1 -1 -1.572278 939.728210 162.856003 975.778870 194.797165 1.413213 1.847624 4.247983 -1.907401 -20.313695 153.154341 -1.584731 0.337313
Car -1 -1 -1.559294 889.146118 137.594055 918.170349 162.524048 1.401770 1.704205 4.222987 -5.911342 -26.565848 185.158700 -1.591209 0.229137
Car -1 -1 -1.579248 981.548096 140.163345 1011.292725 166.777145 1.401141 1.799336 4.251227 0.268849 -26.105907 183.795880 -1.577785 0.241808
