Car -1 -1 1.832972 286.511383 255.033188 386.243225 326.261017 1.408576 1.571975 4.270835 -18.061340 -7.138526 65.663832 1.564552 1.269198
Car -1 -1 1.768710 413.211823 245.538895 503.363251 318.774597 1.540158 1.677527 4.252091 -14.646133 -7.430626 66.673329 1.552475 1.333931
Car -1 -1 1.925535 43.764156 249.889709 150.564224 323.222687 1.560484 1.368348 4.239314 -25.645595 -7.289832 66.687045 1.558404 1.347505
Car -1 -1 1.882800 159.525787 262.766174 260.472626 329.573975 1.299113 1.347993 4.240873 -21.663141 -6.970038 65.058240 1.561366 1.461816
Car -1 -1 1.762619 473.987762 190.397614 538.188110 241.629364 1.546253 1.660218 4.243102 -17.970084 -12.952713 90.756742 1.567144 0.820966
Car -1 -1 1.888283 148.830078 235.626953 237.507263 295.198364 1.375248 1.345869 4.240246 -25.298294 -8.949784 74.218820 1.559773 0.954266
Car -1 -1 1.777616 419.147339 210.439026 491.314514 261.882751 1.321548 1.658013 4.248142 -18.294211 -11.114448 82.665081 1.559821 0.913321
Car -1 -1 1.800129 362.885437 230.335449 439.400818 291.762512 1.427548 1.388134 4.251717 -18.355620 -9.120711 74.429674 1.558337 1.008076
Car -1 -1 1.843911 249.848068 233.742126 332.696259 293.460144 1.385540 1.419348 4.238492 -21.879285 -8.963879 73.867236 1.555947 1.093102
Car -1 -1 1.828296 322.741333 212.840759 393.032104 261.087311 1.215913 1.377750 4.235829 -22.040281 -11.160674 82.844378 1.568275 0.817912
