Car -1 -1 0.225936 72.324242 292.698547 384.715271 426.336029 1.471511 1.884711 4.228092 -12.000259 -2.218520 45.056616 -0.034359 4.446186
Car -1 -1 -0.080078 844.425415 275.904053 1138.641479 406.314941 1.565010 1.868306 4.421956 0.305414 -2.519148 45.962651 -0.073434 3.593471
Car -1 -1 -1.830300 1379.766968 646.798889 1679.173340 877.000671 0.587736 1.395767 4.242843 4.887297 1.965918 24.826775 -1.635930 3.278639
Car -1 -1 2.913318 1241.029541 223.969467 1488.173462 315.759521 1.326414 1.885328 4.329510 7.920157 -4.690279 55.910511 3.054039 2.573831
Car -1 -1 -1.379399 121.458122 646.861755 410.027222 888.905701 0.611940 1.467742 4.242285 -6.070380 1.999988 24.332187 -1.623888 3.951189
Car -1 -1 -1.529162 592.723206 586.297058 836.043945 839.719360 0.873127 1.812162 4.258566 -2.273216 1.733051 25.374215 -1.618511 2.285674
Car -1 -1 2.919870 1460.446655 166.456879 1673.278442 244.180954 1.399221 1.859072 4.397840 14.535898 -7.241246 67.621807 3.131607 2.163333
Car -1 -1 -1.700217 983.794983 600.380127 1225.665527 844.125854 0.821920 1.583743 4.231800 1.133409 1.794979 25.507047 -1.655811 3.727106
Car -1 -1 2.811401 1586.201416 211.848999 1857.576660 303.275391 1.322751 1.854819 4.634390 15.110239 -4.913433 55.879200 3.075494 2.716891
Car -1 -1 3.028711 724.167358 233.670715 987.857361 328.883209 1.275470 1.894482 4.573299 -2.254771 -4.307610 53.894672 2.986899 1.935638
Car -1 -1 -2.163128 1322.461304 109.131805 1451.629028 167.032272 1.170395 1.590711 4.308529 13.358453 -11.887249 89.024487 -2.014185 0.686664
Car -1 -1 3.023138 707.156982 205.363724 946.174622 294.880402 1.378046 1.879015 4.427904 -3.071300 -5.288254 58.403543 2.970599 1.045388
Car -1 -1 3.012285 1235.519043 193.401718 1469.526245 278.472046 1.307874 1.891701 4.575157 8.201861 -5.823822 60.036965 -3.135127 1.131873
Car -1 -1 0.125943 1.115576 209.273331 217.585495 307.517090 1.372555 1.841549 4.152977 -18.195432 -5.112191 58.142264 -0.177348 1.428509
Car -1 -1 1.845007 6.519615 116.858864 110.084267 184.753952 1.476581 1.636909 4.247481 -27.928962 -10.807823 84.902556 1.527204 1.038184
Car -1 -1 3.120267 889.002380 165.095352 1096.840576 238.154358 1.352722 1.889617 4.510214 0.458191 -7.384263 67.828241 3.127022 0.790696
Car -1 -1 1.800672 128.774673 116.766502 226.757019 185.313080 1.443822 1.607812 4.362983 -23.976695 -10.683474 83.964491 1.522518 0.610418
Car -1 -1 3.088040 376.909088 236.785172 624.108582 341.645721 1.329895 1.879595 4.170042 -9.200779 -4.136317 53.662518 2.918234 1.248927
Car -1 -1 0.164614 205.823135 235.576965 520.859619 370.531860 1.691518 1.955092 4.836677 -10.928413 -3.416034 49.812528 -0.051355 1.661014
Car -1 -1 1.766395 259.272949 120.636917 342.176270 180.203781 1.228749 1.447970 4.254070 -20.858310 -11.142315 86.320131 1.529301 1.135298
Car -1 -1 1.752985 376.174286 119.111938 454.767487 178.756592 1.220731 1.467288 4.251079 -17.136699 -11.105031 85.647572 1.555509 1.023351
Car -1 -1 -1.615245 892.726685 98.105064 956.818665 154.655380 1.259485 1.673573 4.247025 -1.563641 -12.827607 93.394560 -1.631986 0.774253
Car -1 -1 -2.984241 183.370438 177.212799 414.555054 253.376129 1.232713 1.899028 4.550672 -15.607977 -6.713714 64.379224 3.061096 0.657532
Car -1 -1 1.754468 314.802307 93.174370 389.675842 153.189133 1.482634 1.542313 4.249059 -21.343640 -13.179797 95.819472 1.535298 0.632302
Car -1 -1 2.724286 1830.665894 168.996826 1918.134888 256.135162 1.423214 1.798424 3.610927 22.292348 -6.644286 64.336260 3.057837 0.503934
Car -1 -1 1.837685 75.898621 103.745926 156.689972 163.104202 1.426421 1.252901 4.256304 -28.738289 -12.488802 93.141324 1.538407 0.834310
Car -1 -1 -3.120396 902.229614 190.420013 1120.555542 271.611237 1.336626 1.863135 4.204951 0.884234 -6.074579 61.967518 -3.106127 0.977759
Car -1 -1 -1.514115 504.127838 836.939819 854.515076 1078.672729 1.296605 1.861544 4.230181 -1.830753 3.797064 18.622034 -1.612111 2.801100
Car -1 -1 1.789474 180.057510 104.856064 258.472626 164.368500 1.354226 1.352941 4.263268 -24.586610 -12.149130 90.777306 1.524975 0.766653
Car -1 -1 1.704700 411.373474 105.574127 480.858154 159.924408 1.229733 1.397002 4.264299 -17.352863 -12.430005 91.917584 1.518109 0.769407
Car -1 -1 -1.927149 1573.736816 907.606018 1920.224854 1080.000000 0.876958 2.052042 4.271632 5.986750 4.035553 19.536421 -1.629794 2.791166
Car -1 -1 1.786108 228.137009 87.272575 304.094788 143.096649 1.384041 1.438427 4.308385 -25.169667 -13.941843 99.014030 1.537178 0.477634
Car -1 -1 1.837448 68.359627 67.445389 135.569153 114.812859 1.472672 1.419180 4.251393 -36.300954 -17.336487 115.714275 1.533460 0.411116
Car -1 -1 1.859635 11.138729 79.447227 84.535011 126.859970 1.260411 1.266979 4.252814 -35.890255 -15.752589 107.818298 1.538295 0.550668
Car -1 -1 1.696293 469.764526 76.150772 526.108765 121.187035 1.214755 1.435024 4.237978 -18.407602 -15.952533 107.837245 1.527225 0.542633
Car -1 -1 1.706662 441.781433 84.342926 504.467560 137.204407 1.383099 1.483674 4.253973 -18.134099 -14.397420 100.918266 1.528868 0.673061
Car -1 -1 0.023346 0.000000 237.245529 159.385056 343.988037 1.318934 1.895424 3.986710 -17.294386 -4.017916 52.168942 -0.296760 0.782613
Car -1 -1 -1.572882 921.583740 3.268474 954.157166 30.258631 1.349106 1.779043 4.246008 -2.091703 -31.144703 175.531403 -1.584798 0.223589
Car -1 -1 1.741249 349.702393 86.219032 414.775269 135.112457 1.256519 1.381694 4.247615 -21.546983 -14.557797 101.568066 1.532205 0.511557
Car -1 -1 1.881153 0.285587 98.206642 41.526814 141.710922 1.222554 1.340352 4.265933 -34.194169 -13.865534 98.449892 1.546863 0.385021
Car -1 -1 -1.604823 983.994019 6.836964 1016.620972 36.891644 1.369385 1.812432 4.274888 1.829754 -30.288162 172.607857 -1.594223 0.220937
Car -1 -1 1.774275 252.349548 57.741753 312.779205 101.744026 1.355943 1.445354 4.265790 -29.212365 -18.167931 117.905136 1.531404 0.411167
Car -1 -1 1.750009 281.965973 80.415634 345.875641 126.715492 1.177196 1.277202 4.249186 -24.422635 -15.046184 102.918350 1.517017 0.381859
Car -1 -1 -1.698574 1148.052734 42.760860 1194.711060 82.727325 1.333786 1.608219 4.263306 9.362843 -20.619941 128.548753 -1.625867 0.299606
