Car -1 -1 1.731282 469.248871 265.299835 550.902954 329.817078 1.346292 1.589184 4.243889 -14.089922 -7.131653 80.903820 1.558855 1.053526
Car -1 -1 1.652932 647.137817 291.703888 726.005310 362.655365 1.269088 1.571060 4.247785 -8.133191 -5.731921 73.668518 1.542975 1.151230
Car -1 -1 -1.634670 1087.750366 294.522522 1179.055054 378.616333 1.492960 1.931430 4.266138 3.594377 -5.187316 71.287162 -1.584292 1.142606
Car -1 -1 -1.550176 843.469604 256.572815 908.749390 313.410217 1.270288 1.879084 4.250758 -3.636057 -8.123559 86.809915 -1.592037 1.067260
Car -1 -1 -1.591848 998.788391 244.251724 1054.164795 299.543762 1.272168 1.712815 4.236576 1.136388 -9.122753 92.593490 -1.579576 1.020984
Car -1 -1 -1.568708 1030.299194 190.581116 1075.736816 229.683273 1.355550 1.816316 4.237841 2.758437 -15.095452 124.774813 -1.546605 0.637612
Car -1 -1 -1.548245 865.598206 180.845383 905.478699 217.600769 1.418278 1.756688 4.232375 -5.160082 -16.779773 134.288414 -1.586651 0.632410
Car -1 -1 -1.585005 1010.038818 216.187775 1059.915161 260.513672 1.224274 1.740528 4.232905 1.637383 -11.968259 107.744315 -1.569809 0.800698
Car -1 -1 -1.578711 1014.794800 174.497757 1052.832031 205.614090 1.336395 1.760720 4.248631 2.213517 -18.964596 146.926036 -1.563647 0.438477
Car -1 -1 -1.589896 993.876648 155.391327 1027.966064 185.276123 1.461331 1.804733 4.259120 1.103973 -22.354479 164.731213 -1.583194 0.322068
Car -1 -1 -1.571075 936.168518 158.207870 972.720764 195.415451 1.664202 1.787612 4.287392 -2.059411 -20.011492 151.019190 -1.584711 0.383401
Car -1 -1 -1.554980 874.959778 164.987427 911.593567 197.793045 1.406859 1.765537 4.243153 -5.360811 -19.928074 151.144999 -1.590433 0.413254
Car -1 -1 1.622092 800.467041 137.966812 829.942505 163.415680 1.473017 1.770039 4.240002 -12.435389 -27.778825 193.731869 1.557992 0.275937
Car -1 -1 1.640302 735.249695 161.526627 771.618774 193.776245 1.429036 1.549182 4.245968 -13.279303 -20.428307 153.705126 1.554121 0.252135
Car -1 -1 1.617086 770.370300 150.825806 805.808289 180.335159 1.460170 1.733092 4.265754 -12.460087 -23.124158 168.223932 1.543153 0.231175
Car -1 -1 -1.614244 1084.005737 134.039764 1114.963989 159.400864 1.533519 1.919105 4.252467 7.680479 -28.317225 196.370869 -1.575152 0.162998
Car -1 -1 1.653166 700.215027 145.672379 733.377075 174.951248 1.448479 1.649867 4.249237 -17.163057 -24.013129 172.441305 1.553963 0.257397
Car -1 -1 -1.588694 993.104736 139.388885 1021.887085 165.171082 1.472313 1.808872 4.235470 1.025173 -26.511640 186.194674 -1.583188 0.105415
Car -1 -1 -1.564846 937.998779 131.933136 965.515320 155.039642 1.447651 1.780877 4.265645 -2.990034 -29.920339 204.915142 -1.579437 0.163134
Car -1 -1 1.749020 445.814209 181.527496 504.398743 217.542725 1.333501 1.746289 4.262965 -25.382367 -16.963897 135.663730 1.564060 0.236475
