Car -1 -1 -1.627376 1010.771362 745.095459 1233.757935 966.476868 0.786558 1.767018 4.229246 1.168298 2.861386 26.615446 -1.583509 3.084075
Car -1 -1 0.258555 26.547512 464.280945 357.510345 579.039062 1.350704 1.874168 4.392745 -12.669617 -0.187924 43.936344 -0.022192 3.912196
Car -1 -1 -1.509695 656.238159 806.079529 897.993469 1060.832031 0.668637 1.723463 4.531087 -1.796615 3.217144 24.323482 -1.583425 2.251594
Car -1 -1 -0.243543 141.285004 394.468628 418.322510 488.272339 1.167104 1.851144 4.529905 -13.529478 -1.901437 52.449808 -0.495990 3.019482
Car -1 -1 -3.110437 559.056274 401.341919 829.323303 502.479980 1.389476 1.854550 4.565825 -5.427188 -1.512048 50.785641 3.066288 3.302744
Car -1 -1 -1.428694 854.246765 288.451599 946.943787 365.212616 1.425482 1.795071 4.239768 -2.370606 -5.623230 73.168994 -1.461082 1.070639
Car -1 -1 -1.757513 1336.458130 772.348877 1613.327515 1003.003479 0.758637 1.603763 4.231215 4.387748 3.042558 25.751321 -1.588745 2.457686
Car -1 -1 -1.339558 979.750488 312.251678 1089.404053 397.858978 1.348180 1.638631 4.245868 1.058106 -4.450284 66.649568 -1.323683 1.136735
Car -1 -1 1.750879 401.633270 305.059418 498.896454 379.123291 1.294985 1.552832 4.236210 -13.867249 -5.111747 70.902525 1.557735 1.477890
Car -1 -1 1.783548 265.966339 303.727325 375.144440 378.335327 1.283538 1.668942 4.260823 -17.309224 -5.183897 71.350824 1.545553 1.101582
Car -1 -1 1.696319 519.837830 287.017914 617.115417 380.633728 1.720149 1.754249 4.325329 -10.735675 -5.062332 70.277670 1.544730 0.766394
Car -1 -1 -1.592131 1010.886230 231.542389 1073.918823 292.819916 1.584913 1.939003 4.233592 1.697096 -9.411077 93.896946 -1.574058 0.772190
Car -1 -1 -0.697942 575.554749 351.407043 766.631775 433.387512 1.158942 1.748602 3.919862 -6.950574 -3.279867 59.886580 -0.813487 1.367825
Car -1 -1 -1.559115 914.681763 204.019379 967.113159 258.564972 1.634104 1.850732 4.316107 -2.015131 -12.082626 108.207741 -1.577736 0.441320
Car -1 -1 1.733721 453.875519 266.251129 537.485596 339.735474 1.534113 1.548420 4.247124 -14.227508 -6.735471 79.314286 1.556227 1.260069
Car -1 -1 -1.577248 1027.588135 189.575607 1072.077637 229.456360 1.404954 1.755411 4.233404 2.569009 -15.132442 124.922930 -1.556687 0.649669
Car -1 -1 1.766866 342.456787 278.119171 424.008453 343.841461 1.271125 1.303526 4.227417 -17.347544 -6.611830 78.860964 1.550338 1.166744
Car -1 -1 1.720506 505.169098 243.018860 577.856506 304.257568 1.501806 1.595987 4.254901 -14.571009 -8.636630 89.538790 1.559186 0.974285
Car -1 -1 -1.556530 916.663452 172.317535 955.829529 207.490891 1.395066 1.779420 4.229885 -2.858485 -17.943198 139.601226 -1.577003 0.605175
Car -1 -1 -1.569280 936.167908 133.698837 964.263672 161.199814 1.581601 1.773355 4.249913 -2.991817 -28.254281 196.227689 -1.584525 0.312049
Car -1 -1 -1.555887 886.645020 139.939651 917.558899 165.131393 1.414798 1.829991 4.255031 -6.070550 -26.435166 185.551077 -1.588591 0.490132
Car -1 -1 1.651244 715.278442 213.450424 775.502014 269.097748 1.569406 1.773700 4.250785 -8.921094 -10.847636 100.193948 1.562440 0.570111
Car -1 -1 -1.594042 998.476074 157.258026 1032.901245 187.880585 1.392927 1.835844 4.253472 1.328618 -21.426535 158.608109 -1.585666 0.402765
Car -1 -1 1.640158 664.682678 300.169769 739.757446 372.330780 1.205568 1.522747 4.232362 -7.452255 -5.325149 70.908840 1.535446 0.962881
Car -1 -1 1.624507 774.520142 185.131577 818.433838 231.482407 1.652815 1.543491 4.265614 -8.550901 -14.657934 121.669466 1.554343 0.479426
Car -1 -1 1.721046 548.753113 228.807617 613.424072 281.584442 1.337549 1.607104 4.239085 -14.549649 -10.209170 98.007947 1.573669 0.665159
Car -1 -1 -1.607065 1095.733643 138.232590 1129.379150 165.591507 1.579529 1.979015 4.242882 8.195030 -26.797986 187.965575 -1.563494 0.118557
Car -1 -1 1.666815 714.646729 131.242538 744.836853 156.515640 1.516344 1.612401 4.257717 -19.146488 -29.315806 201.429040 1.572046 0.196205
Car -1 -1 1.664043 745.472717 198.326263 796.245483 243.036224 1.370484 1.626275 4.242277 -9.136372 -13.298955 113.893025 1.583996 0.361970
Car -1 -1 1.629844 662.777161 279.769196 739.843811 344.079651 1.200653 1.726465 4.253344 -8.084335 -6.429496 76.768925 1.524923 0.647823
Car -1 -1 -1.578966 981.623230 127.588318 1007.320801 153.145172 1.517527 1.789720 4.259967 0.156994 -30.304750 206.332040 -1.578205 0.146545
