Car -1 -1 -1.727580 1235.503906 584.514465 1434.866089 765.141663 1.126516 1.654014 4.250917 4.123924 1.631145 33.993509 -1.606854 2.615307
Car -1 -1 -1.414493 305.412354 754.112122 564.625732 987.319092 0.773630 1.578824 4.230244 -5.123948 2.913640 25.976443 -1.609247 2.710859
Car -1 -1 -1.577332 927.494080 352.141541 1022.432983 453.158264 1.345286 1.759097 4.241761 -0.378536 -2.845797 58.023725 -1.583855 1.836266
Car -1 -1 -1.659320 1100.593750 372.062622 1212.649414 465.401489 1.157112 1.780933 4.267659 3.297578 -2.519565 56.300803 -1.600817 1.306783
Car -1 -1 -1.607714 916.890869 693.347473 1123.792480 901.760254 0.830491 1.787051 4.256332 0.224156 2.532369 28.975946 -1.599978 3.242568
Car -1 -1 1.653765 650.731201 288.166443 738.066956 376.170105 1.607114 1.750471 4.249334 -7.536200 -5.163600 70.407992 1.547135 1.163375
Car -1 -1 -1.625611 1066.299927 284.464203 1140.820923 346.598572 1.221904 1.714831 4.248243 3.071652 -6.350172 76.942553 -1.585711 1.287187
Car -1 -1 1.720226 518.663269 234.903641 597.978027 300.630646 1.578147 1.751462 4.248472 -14.113279 -8.823057 90.065769 1.564790 1.015873
Car -1 -1 -1.571025 911.439270 289.996368 983.070740 355.277100 1.234862 1.745941 4.253174 -1.259475 -6.056122 75.849338 -1.587628 1.523092
Car -1 -1 -1.579932 957.169434 249.302338 1013.745422 303.263550 1.258773 1.718927 4.241770 -0.241862 -8.704149 89.928729 -1.582621 1.152882
Car -1 -1 -1.568916 932.568542 184.526093 979.267090 233.699539 1.655611 1.854346 4.263649 -1.590089 -14.459249 120.543447 -1.582106 0.551629
Car -1 -1 -1.596715 1033.449707 214.978561 1083.577271 260.391632 1.293562 1.749315 4.238253 2.548689 -11.871915 106.951180 -1.572890 0.761768
Car -1 -1 1.657704 672.782349 188.961853 725.448730 237.039810 1.557766 1.676115 4.244802 -12.573070 -14.080370 118.481477 1.551982 0.663729
Car -1 -1 -1.542688 844.313232 235.706726 905.591980 299.647217 1.603376 1.824751 4.240423 -3.856277 -8.913550 91.136100 -1.584976 0.943331
Car -1 -1 -1.558262 885.823303 149.540710 919.326233 177.477890 1.342480 1.793677 4.230380 -5.451782 -23.218568 167.779757 -1.590744 0.387169
Car -1 -1 -1.551242 855.539429 220.988205 910.713684 273.376984 1.449851 1.787814 4.240172 -3.977317 -10.641337 99.833645 -1.591060 0.663402
Car -1 -1 -1.574053 945.007690 146.443222 978.878967 176.609772 1.517813 1.838925 4.245448 -1.845420 -23.415737 168.887384 -1.584980 0.280008
Car -1 -1 1.633906 778.541931 132.555969 807.554993 159.033508 1.495687 1.696292 4.240858 -14.135217 -28.359744 195.777959 1.561831 0.249915
Car -1 -1 -1.638551 1147.505371 161.464340 1192.728516 198.982254 1.563888 2.004289 4.255881 9.591129 -19.675943 149.301497 -1.574399 0.234016
Car -1 -1 -1.552265 878.189941 136.395828 908.884277 166.983154 1.707757 1.840019 4.324523 -6.452666 -25.627036 181.449048 -1.587812 0.162694
