Car -1 -1 2.891249 1483.610352 402.072815 1756.705688 497.892120 1.361449 1.845551 4.353322 11.797915 -1.621866 52.194718 3.113550 3.637936
Car -1 -1 2.599929 352.284363 488.510345 681.796143 630.875122 1.136601 1.869939 4.187694 -6.926101 0.271264 40.369524 2.430016 3.291769
Car -1 -1 3.059691 1061.060547 372.562836 1302.877319 495.598785 1.772956 1.850558 4.103408 3.489197 -1.644720 51.160812 3.127786 3.218134
Car -1 -1 -3.049807 612.994873 395.676697 861.958069 494.081421 1.411538 1.830823 4.325952 -4.780288 -1.682249 52.259164 -3.141026 3.086061
Car -1 -1 -1.637213 1056.508301 750.607422 1294.887939 997.976562 0.913838 1.770541 4.239714 1.606186 2.981963 25.663627 -1.574709 3.141707
Car -1 -1 -1.504693 648.353760 810.011597 886.989685 1056.110962 0.695900 1.656540 4.248806 -1.876151 3.223246 24.211855 -1.582028 4.233945
Car -1 -1 -1.767551 1353.125732 668.210327 1688.455322 1021.393921 1.576048 1.801913 5.119305 4.660960 2.955409 25.409383 -1.586134 2.323059
Car -1 -1 -1.113325 836.801208 311.206085 968.522949 382.575470 1.179224 1.479425 4.113177 -2.276384 -4.980012 69.889353 -1.145885 1.063554
Car -1 -1 -0.439547 63.680325 395.300903 288.189941 490.902557 1.208810 1.850044 3.390308 -15.622121 -1.852176 53.009274 -0.726140 2.330079
Car -1 -1 1.780429 270.944427 305.172272 382.270081 382.702148 1.316550 1.698066 4.250872 -16.868086 -4.995825 70.131596 1.544392 1.090618
Car -1 -1 0.084315 221.205917 419.317383 514.983582 537.038269 1.504910 1.852255 4.466326 -10.926483 -0.935845 48.441635 -0.137533 4.003592
Car -1 -1 -0.754311 458.902161 356.137756 680.292725 442.592346 1.104316 1.795914 4.239758 -9.027090 -3.087470 59.017351 -0.906091 0.922118
Car -1 -1 -1.416788 220.953659 826.142456 521.709595 1078.298584 1.037962 1.720708 4.241031 -5.118600 3.670735 23.467633 -1.631538 2.962243
Car -1 -1 1.752947 408.890839 294.165161 496.049347 370.704346 1.397242 1.395074 4.242962 -14.114639 -5.439810 72.426696 1.560477 1.138537
Car -1 -1 1.708033 523.200439 270.602112 622.772400 367.337585 1.921431 1.738337 4.302718 -10.954413 -5.502662 72.338704 1.557742 0.892428
Car -1 -1 1.774842 330.084747 283.939026 414.889771 349.389130 1.242032 1.380741 4.251778 -17.396583 -6.357408 77.684836 1.554539 1.230477
Car -1 -1 -2.820628 345.560516 396.719238 554.703735 489.324066 1.223027 1.847919 3.521343 -10.347937 -1.829578 52.768246 -3.014272 0.816542
Car -1 -1 1.487612 662.187256 299.164246 755.436890 374.227356 1.267561 1.926133 4.267835 -7.352171 -5.275442 71.215841 1.384739 0.987456
Car -1 -1 1.654550 675.812439 262.507507 753.564270 331.407562 1.410942 1.809276 4.251339 -8.082701 -7.100763 80.735318 1.554769 1.300053
Car -1 -1 1.707708 558.573364 272.584656 638.535461 341.662292 1.502424 1.530086 4.229087 -11.373371 -6.710924 79.674756 1.565919 0.669240
Car -1 -1 1.653233 712.936279 252.729523 774.548340 310.987823 1.303506 1.542516 4.258552 -7.778047 -8.254219 87.332799 1.564405 0.924453
Car -1 -1 -1.625313 1093.004150 143.005692 1124.999634 171.709610 1.549953 1.926471 4.257288 7.761375 -25.528511 181.595132 -1.582599 0.164253
