Car -1 -1 -1.836903 1324.581055 743.964050 1602.252319 975.165161 0.622468 1.443710 4.220579 5.080899 2.928875 21.832060 -1.608247 3.416197
Car -1 -1 -1.646375 945.271851 731.610046 1184.131592 1001.906799 0.796974 1.860417 4.450747 1.075218 2.991268 21.351777 -1.596060 2.727830
Car -1 -1 1.819479 310.327209 254.069839 406.314087 319.819489 1.320653 1.612941 4.277040 -17.655529 -7.387467 66.569329 1.560228 1.388403
Car -1 -1 1.918742 56.216579 247.686218 167.353500 321.995209 1.566079 1.588600 4.332652 -25.345088 -7.389455 67.059627 1.557389 1.192193
Car -1 -1 1.771944 399.139069 223.269028 476.496887 277.911102 1.388841 1.654251 4.243364 -17.827055 -9.897123 77.758288 1.546577 1.394498
Car -1 -1 1.873785 192.781967 250.266647 291.337769 314.589508 1.320045 1.507499 4.263956 -21.810075 -7.749531 68.466228 1.565396 1.245049
Car -1 -1 1.811061 302.372620 219.085159 379.658722 272.445587 1.418591 1.457537 4.242910 -22.119004 -10.505222 80.896431 1.544160 0.760919
Car -1 -1 1.871040 167.264923 229.273315 249.600128 286.441223 1.384605 1.266788 4.230468 -25.639936 -9.549097 76.868160 1.549088 0.797656
Car -1 -1 1.707120 618.214966 169.394669 664.823364 206.591461 1.316007 1.613911 4.243066 -15.095548 -17.373004 110.576003 1.571442 0.644074
Car -1 -1 1.708145 544.063843 169.078156 595.922974 210.753998 1.389657 1.675786 4.226500 -18.288153 -16.908470 108.232671 1.540755 0.519965
Car -1 -1 1.801644 346.989594 205.310333 416.962555 253.472488 1.359925 1.399927 4.239478 -22.273383 -12.023032 87.211314 1.551594 0.883754
Car -1 -1 1.858126 229.281265 214.233932 303.626221 263.748444 1.293423 1.303082 4.246085 -25.401789 -11.004958 82.490057 1.559403 0.644265
Car -1 -1 1.760436 479.196777 190.002228 539.892151 238.205322 1.511065 1.639670 4.233563 -18.324836 -13.393010 93.116786 1.566125 0.860605
Car -1 -1 1.769261 410.351776 191.840759 471.413574 233.509872 1.228194 1.513603 4.245371 -21.526569 -13.774838 94.469547 1.545219 0.866885
Car -1 -1 -1.588553 930.143433 143.817322 964.408691 177.086288 1.551963 1.825612 4.251289 0.397549 -22.362474 132.396918 -1.585550 0.517524
Car -1 -1 1.716956 572.983765 156.479431 620.015991 194.885788 1.566377 1.757250 4.246140 -18.052745 -18.542392 115.021010 1.561274 0.342801
Car -1 -1 1.909710 75.397293 212.469818 153.678482 266.964996 1.469504 1.379156 4.229551 -31.057986 -10.892951 82.415186 1.549321 0.684162
Car -1 -1 1.767604 441.246033 209.165085 507.688721 256.748291 1.294846 1.487872 4.234115 -18.006945 -11.507286 84.680460 1.558079 0.927973
Car -1 -1 1.723583 511.991547 168.100403 570.551331 221.723022 1.900113 1.786673 4.437322 -18.342960 -15.179796 100.697500 1.543399 0.333275
Car -1 -1 1.742119 478.594299 165.510849 528.460022 201.722183 1.412536 1.648895 4.241930 -21.980878 -17.498044 110.030269 1.544944 0.501706
Car -1 -1 1.820324 330.890717 190.306274 394.117065 232.283173 1.266388 1.556306 4.249935 -24.838414 -13.755967 94.015136 1.562030 0.557974
Car -1 -1 1.770748 403.430176 170.679901 457.597809 208.448044 1.365964 1.494609 4.251326 -24.912097 -16.678431 107.009101 1.542018 0.644169
Car -1 -1 1.765625 450.281799 178.896378 500.926025 215.191818 1.146625 1.328450 4.236797 -21.772853 -15.806532 102.792400 1.556896 0.717408
