Car -1 -1 2.771203 1700.885132 230.299377 1866.830200 299.440338 1.562326 1.855766 3.850395 24.305501 -8.225962 64.579945 3.131168 2.522415
Car -1 -1 0.088045 1370.585083 314.368469 1630.622192 409.947906 1.283160 1.907677 4.712912 11.579835 -3.968889 46.920237 0.330008 3.983078
Car -1 -1 2.879504 1436.237061 232.580688 1618.135132 295.597473 1.390056 1.878777 4.493088 16.809873 -8.386697 64.940530 3.132795 2.806087
Car -1 -1 -1.712531 712.926270 225.303879 808.994629 320.785034 1.786963 1.552138 4.321853 -5.403430 -6.993286 57.750878 -1.805824 1.430672
Car -1 -1 0.408269 0.000000 242.686539 134.154800 315.853821 1.341429 1.879957 3.962865 -23.329179 -6.635268 54.827836 0.005976 0.346912
Car -1 -1 1.427378 818.470337 197.000488 898.764465 270.180084 1.565393 1.740107 4.473322 -3.245184 -9.547653 67.478456 1.379323 0.584316
Car -1 -1 -1.546075 907.786682 160.798782 952.866821 200.584976 1.249247 1.806199 4.265491 -1.411720 -16.489691 97.397473 -1.560569 0.755755
Car -1 -1 -1.929685 1729.750366 158.433884 1801.820801 192.984329 1.018956 1.377729 4.254170 36.472247 -17.077475 98.876748 -1.576303 0.565363
Car -1 -1 -1.962615 1794.824829 152.400101 1871.507690 192.499466 1.315568 1.416188 4.252164 39.518790 -17.058471 98.872975 -1.582374 0.478161
Car -1 -1 -1.900615 1671.922119 159.378479 1741.102295 192.858368 0.986366 1.326239 4.257176 33.578137 -16.930829 98.107752 -1.570854 0.612645
Car -1 -1 -1.520431 641.375000 880.380127 963.909851 1077.392090 0.728114 1.927801 4.340668 -1.083466 3.713581 16.666246 -1.585349 3.518369
Car -1 -1 -1.560947 922.970642 107.260330 950.934937 133.299820 1.363952 1.761536 4.291108 -1.838363 -31.465328 159.452087 -1.572476 0.367609
Car -1 -1 1.576193 839.228027 83.090714 863.911987 107.926163 1.782576 1.800353 4.290509 -9.729548 -39.774477 191.443210 1.525415 0.116906
Car -1 -1 2.671796 1883.073120 137.324280 1918.076050 165.256485 1.083340 1.891043 2.511217 51.015405 -21.281990 116.133460 3.085701 0.085519
Car -1 -1 0.504196 0.955573 267.142639 78.494217 344.079163 1.385849 1.823788 3.715767 -23.734108 -5.855073 53.274388 0.085085 0.298761
