Car -1 -1 2.937427 1207.137329 400.663910 1478.272095 499.498810 1.389744 1.827262 4.459703 6.438131 -1.569072 51.211278 3.062488 3.720132
Car -1 -1 -1.515161 657.528503 741.026001 906.715820 1019.139954 1.080890 1.892559 4.256520 -1.803976 3.031360 24.981909 -1.587247 2.878089
Car -1 -1 -0.241931 1.887618 385.019196 266.835846 500.859039 1.424685 1.852499 4.312876 -16.473248 -1.763629 52.882292 -0.543912 3.429282
Car -1 -1 -1.271965 845.799805 316.626862 965.240417 393.175446 1.199675 1.563675 4.263573 -2.082784 -4.622539 67.877554 -1.302640 1.025546
Car -1 -1 -1.642673 1016.729187 770.741760 1258.738770 1019.223145 0.810064 1.744750 4.316971 1.209876 3.052428 25.073907 -1.594458 1.779045
Car -1 -1 -1.778975 1363.370972 810.469360 1664.199707 1042.873657 0.605777 1.637553 4.283907 4.523439 3.177899 24.646640 -1.597463 3.451092
Car -1 -1 -0.726623 526.023132 362.114319 740.357422 453.662354 1.195885 1.806563 3.947926 -7.371211 -2.748650 56.801970 -0.855672 2.191718
Car -1 -1 3.084118 823.934204 411.554077 1094.008911 508.863495 1.273947 1.870797 4.603511 -0.617810 -1.422950 50.558092 3.071899 3.935206
Car -1 -1 -3.063648 254.072250 418.866669 544.139954 524.612549 1.297618 1.863985 4.612675 -10.375844 -1.133877 48.629164 3.009323 3.864229
Car -1 -1 -1.555813 954.157654 248.363556 1016.887390 310.280365 1.485370 1.786584 4.246755 -0.224598 -8.316777 88.069565 -1.558363 1.078772
Car -1 -1 1.748010 396.362518 305.082031 499.900543 380.285309 1.265764 1.717711 4.253317 -13.837641 -5.083854 70.462392 1.554094 1.250578
Car -1 -1 1.699762 526.380432 293.232635 619.535339 376.528442 1.487103 1.685845 4.241659 -10.750238 -5.211330 71.102316 1.549705 1.077914
Car -1 -1 -1.571714 953.139893 207.845551 1003.891357 254.530380 1.414222 1.836285 4.241676 -0.573216 -12.577362 111.292628 -1.576864 0.677767
Car -1 -1 -1.387433 253.485046 835.825806 580.525085 1079.332642 0.943321 1.787959 4.241424 -4.765360 3.655030 23.585927 -1.586792 3.710350
Car -1 -1 1.654947 643.580383 306.317017 732.266846 377.126495 1.204178 1.808857 4.274606 -7.776627 -5.139957 70.586072 1.545217 1.153878
Car -1 -1 1.663962 718.217102 229.438202 784.492493 292.303864 1.591722 1.711178 4.249007 -8.088860 -9.343807 92.906212 1.577116 0.891267
Car -1 -1 -1.568524 936.630371 138.694992 967.495544 167.723755 1.594931 1.841462 4.244327 -2.625573 -25.595270 180.852435 -1.583041 0.391298
Car -1 -1 -1.612154 1002.731079 161.974503 1039.150391 193.757462 1.364011 1.795643 4.239629 1.581288 -20.450274 153.369120 -1.601844 0.544483
Car -1 -1 1.617799 807.056946 136.155518 838.214233 163.488297 1.522202 1.815645 4.236776 -11.324436 -26.426364 184.508614 1.556499 0.267459
Car -1 -1 1.617104 790.040283 156.706482 823.404419 186.721725 1.384027 1.740208 4.246492 -10.649990 -21.426473 158.332374 1.549942 0.240434
