Car -1 -1 1.815268 216.899307 386.751892 349.497803 499.285522 1.325738 1.298102 4.256008 -13.322764 -1.789633 52.259471 1.565650 1.734831
Car -1 -1 -1.508797 663.057129 778.120300 886.599548 1013.400330 0.712671 1.639518 4.235561 -1.888545 3.021137 25.115255 -1.583851 2.507256
Car -1 -1 -1.630167 1020.191284 808.119507 1257.427734 1048.972778 0.651568 1.729450 4.307626 1.212017 3.203310 24.561745 -1.580862 3.257937
Car -1 -1 1.763566 347.008362 399.751343 491.819702 527.694092 1.412265 1.483514 4.246638 -9.835365 -1.195135 47.771774 1.560521 2.956091
Car -1 -1 1.361817 705.165100 313.239838 815.977722 407.636383 1.456043 1.546390 4.264585 -5.380377 -4.045518 63.605490 1.277428 0.966715
Car -1 -1 -1.769585 1365.643799 795.962891 1659.804077 1037.465698 0.655958 1.589749 4.368676 4.532378 3.128243 24.790468 -1.588755 2.536201
Car -1 -1 1.866656 0.095047 637.649475 212.652542 938.152405 1.614336 1.733523 4.523831 -9.640049 2.725080 28.248769 1.537792 2.503511
Car -1 -1 1.854649 78.347252 386.195435 223.630325 483.670135 1.140392 1.487960 4.372339 -16.599374 -2.143469 54.764464 1.560346 1.244834
Car -1 -1 1.681930 594.536072 229.136963 674.854675 315.322662 2.011072 1.748190 4.716209 -11.021960 -8.001330 85.378484 1.553544 0.330370
Car -1 -1 1.778840 361.169952 315.986908 457.992706 398.278076 1.314442 1.287766 4.233095 -13.914711 -4.377629 66.184287 1.571616 1.253195
Car -1 -1 -1.375636 175.228973 837.205200 520.842651 1078.468018 1.059056 1.832774 4.269409 -5.226403 3.733288 23.110573 -1.598042 2.887189
Car -1 -1 1.718048 528.225037 228.371552 601.256958 294.616333 1.675697 1.675978 4.249184 -14.400538 -9.294863 93.123214 1.564624 0.766752
Car -1 -1 1.679706 659.931091 185.187256 723.333313 259.531342 2.303939 1.860105 4.856669 -11.843496 -12.173816 108.873503 1.571350 0.218311
Car -1 -1 1.638609 716.203613 177.050064 758.443176 221.424988 1.699969 1.632132 4.327475 -11.960993 -16.105909 130.082448 1.546918 0.269773
Car -1 -1 1.691012 618.081299 196.534393 664.689697 233.669617 1.241864 1.346809 4.258755 -15.126475 -14.228802 119.290271 1.564881 0.391377
Car -1 -1 1.704782 573.698792 209.561569 627.866760 255.262161 1.198259 1.408443 4.251297 -15.315008 -12.252202 108.324658 1.564332 0.452552
Car -1 -1 -1.636162 1144.380127 159.649353 1188.054932 194.110123 1.528987 2.043317 4.266164 9.526888 -20.338023 153.187607 -1.574051 0.150686
