Car -1 -1 -1.724161 438.162109 484.397461 583.225708 621.190857 0.904211 1.480113 4.243141 -6.554734 0.168591 33.050601 -1.919944 3.585351
Car -1 -1 -2.047770 311.933472 385.883514 508.357086 532.709656 1.544793 1.246986 4.368235 -9.242457 -1.074115 37.987257 -2.286436 1.876458
Car -1 -1 1.852799 183.677368 235.494385 282.263489 317.889709 1.792919 1.319776 4.726629 -21.594029 -7.505999 67.018442 1.541092 0.750862
Car -1 -1 1.743543 513.870361 177.142700 573.003906 224.988525 1.589375 1.615877 4.299937 -17.801959 -14.648341 98.076039 1.563986 0.495957
Car -1 -1 1.789375 319.370728 222.293381 415.165314 308.394989 1.906431 1.554067 5.063531 -18.351765 -8.209256 70.274232 1.533935 0.560572
Car -1 -1 1.789308 377.075775 198.214417 446.722076 247.986893 1.408895 1.651622 4.234818 -21.035829 -12.220097 87.263155 1.552759 1.032373
Car -1 -1 1.687984 639.814087 139.486237 678.270813 171.840790 1.570528 1.721545 4.259147 -17.528862 -23.359205 136.445675 1.560216 0.432857
Car -1 -1 1.824776 293.830597 186.870895 366.515930 241.456253 1.742172 1.632793 4.348972 -26.017647 -13.335514 93.469115 1.553293 0.626348
Car -1 -1 -1.742925 1462.902344 256.484497 1544.963745 317.217346 1.306455 1.329665 3.785069 17.578755 -7.620714 68.268939 -1.490907 0.273222
Car -1 -1 1.701873 561.498047 145.095520 602.417114 177.535156 1.557650 1.746530 4.239972 -21.621342 -22.270208 132.072866 1.539604 0.451276
Car -1 -1 1.655829 694.526062 108.413490 721.576294 131.203339 1.680554 1.919795 4.270115 -20.908144 -37.229199 198.134991 1.550693 0.205496
Car -1 -1 1.679549 643.301758 125.485748 678.149231 154.447723 1.702772 1.850843 4.279902 -19.514270 -27.136878 152.740753 1.552477 0.087795
