Car -1 -1 -1.422851 546.398926 583.377197 747.489075 772.646118 0.869930 1.598082 4.268264 -3.678769 1.495146 25.638991 -1.565362 4.179567
Car -1 -1 2.775557 1699.864136 285.378204 1891.311035 350.615051 1.401204 1.852219 4.292457 23.224620 -6.058745 61.398242 3.137184 2.729247
Car -1 -1 -1.535536 777.815857 685.685608 991.962769 910.712036 0.584748 1.773393 4.492492 -0.771517 2.287010 21.732994 -1.571021 2.377721
Car -1 -1 -2.727036 0.000000 245.651993 124.538544 312.096985 1.537086 1.884420 5.745700 -30.010181 -7.891164 68.245445 -3.141324 0.528211
Car -1 -1 -2.925245 396.571533 263.541931 554.567444 321.935028 1.357676 1.857814 4.063488 -14.950266 -7.328500 66.292752 3.136132 2.454595
Car -1 -1 2.837793 1449.874756 266.969543 1626.005981 324.452087 1.322639 1.827735 4.341915 17.270173 -7.289137 66.554689 3.091682 2.510125
Car -1 -1 1.729023 546.224243 213.406082 604.624878 257.168854 1.283415 1.641133 4.253497 -16.600013 -12.714525 91.759284 1.550051 0.999759
Car -1 -1 1.676500 690.927734 213.664154 743.240906 259.625580 1.323191 1.539500 4.261882 -10.387955 -12.385306 90.027018 1.561621 0.842974
Car -1 -1 -1.612243 960.998535 160.110001 994.550781 191.937500 1.565138 1.819568 4.334076 0.515449 -22.986441 139.200568 -1.608540 0.305854
Car -1 -1 0.155211 1298.231812 156.192017 1374.057983 188.054916 1.583473 1.854434 4.058105 23.214909 -23.068952 138.292394 0.321529 0.149857
