Car -1 -1 -1.595152 1002.826965 417.703888 1108.717407 524.223389 1.096629 1.643647 4.217539 1.107364 -1.332072 50.291358 -1.573137 2.475266
Car -1 -1 -1.529733 802.612244 373.887177 898.985352 461.301178 1.106055 1.733036 4.253773 -2.853092 -2.567538 56.263698 -1.580399 1.773926
Car -1 -1 -1.583293 910.981445 293.550171 990.414307 371.178040 1.386709 1.857448 4.245568 -1.101053 -5.424736 72.329264 -1.598514 1.318928
Car -1 -1 -1.635189 1080.950928 305.721802 1166.227417 379.645782 1.249411 1.835375 4.253045 3.354998 -5.162204 71.368549 -1.588214 1.264642
Car -1 -1 1.322513 674.694397 295.312042 778.876709 366.634918 1.242146 1.581910 4.252407 -7.086618 -5.609018 73.145704 1.225931 0.845266
Car -1 -1 -1.564168 943.453125 249.569855 1002.934937 304.939209 1.267482 1.797739 4.254584 -0.634440 -8.748147 90.639985 -1.571167 1.196217
Car -1 -1 -1.620407 1048.897949 232.949814 1105.652832 281.382446 1.261916 1.767872 4.270211 3.043779 -10.408125 99.937029 -1.589959 0.829403
Car -1 -1 2.050616 0.423116 291.224152 111.786133 373.385284 1.479966 1.619050 4.288013 -24.767900 -5.368957 72.283254 1.720503 1.225980
Car -1 -1 -1.594039 988.380920 183.411041 1032.403076 223.756729 1.393971 1.821032 4.250212 0.826776 -15.438788 125.485492 -1.587450 0.573478
Car -1 -1 -1.617831 1026.721924 199.812561 1080.112915 249.280945 1.535760 1.856448 4.259441 2.487666 -13.076101 113.717571 -1.595958 0.647513
Car -1 -1 -1.575147 973.583557 163.012131 1012.744019 199.736038 1.560221 1.844249 4.252166 0.021659 -19.365398 147.676946 -1.575000 0.415735
Car -1 -1 -1.609130 1086.547241 137.219009 1118.907104 164.145203 1.488528 1.923546 4.229728 7.581736 -27.526777 192.047755 -1.569672 0.249301
Car -1 -1 -1.564750 940.700623 136.105255 968.753235 160.096466 1.383894 1.727491 4.241247 -2.669927 -28.113259 194.466092 -1.578478 0.237916
Car -1 -1 -1.587653 939.214478 155.452255 973.139465 186.624023 1.371762 1.766214 4.248536 -2.063539 -21.564357 159.195220 -1.600615 0.419054
Car -1 -1 1.575799 675.386108 269.174011 751.236084 329.663910 1.256501 1.735347 4.259524 -8.196850 -7.199502 81.373788 1.475407 0.643976
