Car -1 -1 -1.719709 1118.093872 600.680481 1328.483765 804.038025 0.686763 1.496159 4.209577 2.761206 1.384890 23.297711 -1.601741 3.338601
Car -1 -1 -1.595221 855.415771 585.009644 1041.886719 780.418152 0.725786 1.737293 4.248492 -0.108935 1.236337 23.815280 -1.599795 2.696899
Car -1 -1 -1.448405 482.198486 554.620361 735.305481 834.901489 1.272409 1.815603 4.618770 -3.396797 1.519964 22.395931 -1.598928 2.181646
Car -1 -1 2.992577 1107.370972 183.855377 1257.851807 235.009003 1.337380 1.838319 4.601560 7.760607 -11.474804 74.652553 3.096161 1.847994
Car -1 -1 2.734492 1680.753784 172.331909 1852.724243 252.101181 1.982295 1.885387 4.199888 25.421439 -10.072099 68.548761 3.089621 2.358959
Car -1 -1 -2.961651 546.535461 165.961945 687.134399 218.389847 1.544209 1.882911 4.655177 -12.589694 -13.136478 81.695365 -3.114554 1.538843
Car -1 -1 1.651818 716.342773 134.187668 761.921936 171.819550 1.276092 1.690258 4.263689 -10.211844 -18.717634 103.361709 1.553341 0.611000
Car -1 -1 1.692927 657.195862 135.159454 704.028870 171.866074 1.232064 1.581677 4.262128 -13.004209 -18.773167 103.767160 1.568256 0.599440
Car -1 -1 -2.304719 1194.828979 138.837631 1286.338013 178.541519 1.320345 1.668647 4.247653 13.562092 -18.555909 103.977646 -2.175019 0.473316
Car -1 -1 1.715439 578.534119 117.533325 634.737854 176.922546 2.189446 1.699394 4.821534 -16.209924 -18.171672 101.584522 1.557202 0.268457
Car -1 -1 1.683749 683.959167 123.779572 725.181641 159.263840 1.371678 1.624407 4.251781 -12.993257 -21.201374 113.857334 1.570122 0.538530
Car -1 -1 1.687427 619.215088 122.158356 665.067444 160.848602 1.414467 1.528762 4.235696 -16.312582 -21.015280 113.102878 1.544187 0.482517
Car -1 -1 1.645528 740.737671 118.467934 784.990417 156.402344 1.548923 1.771386 4.297500 -9.931609 -21.309296 113.910130 1.558560 0.434777
