Car -1 -1 -1.676552 1078.728149 719.191162 1327.164551 961.461487 0.851135 1.593252 4.258179 1.574510 2.751722 25.380725 -1.614595 3.093746
Car -1 -1 -1.410896 189.371246 735.177368 468.315948 971.795471 0.671883 1.627380 4.278355 -5.958698 2.687677 24.499669 -1.649479 4.346278
Car -1 -1 -1.521288 613.235596 799.082886 855.146667 1050.030151 0.598607 1.710672 4.270319 -2.347833 3.097000 23.429573 -1.621163 4.502830
Car -1 -1 0.016431 1631.601318 382.361725 1888.659790 480.931183 1.359486 1.822083 4.300063 14.495377 -1.685229 54.349587 0.277070 3.389047
Car -1 -1 1.777956 189.333893 209.453644 282.459351 277.571167 1.547703 1.720737 4.260129 -24.758490 -8.652308 88.033562 1.503799 0.840001
Car -1 -1 1.773248 298.031586 192.561951 365.688782 242.259918 1.310257 1.488164 4.263027 -25.118157 -11.139606 101.925193 1.531625 0.798004
Car -1 -1 1.847797 47.853088 255.653503 165.317261 324.818085 1.195033 1.560258 4.296343 -23.678510 -6.000929 72.215282 1.530955 1.046310
Car -1 -1 1.813098 150.943436 201.350998 224.665466 252.020309 1.308553 1.500516 4.275870 -29.149879 -10.300068 97.455559 1.522459 0.644720
Car -1 -1 1.739991 358.207977 173.183777 417.211884 218.799744 1.379138 1.537015 4.262738 -26.097696 -13.477452 115.179276 1.517170 0.580389
Car -1 -1 1.791993 186.895386 171.463165 250.789795 218.293411 1.450655 1.586671 4.263977 -33.258770 -13.510632 115.371385 1.511326 0.413059
Car -1 -1 1.761695 270.919739 180.681610 329.069733 225.316025 1.347846 1.529754 4.266554 -28.870796 -12.806668 111.850444 1.509089 0.448510
Car -1 -1 1.728765 408.959320 158.766113 462.379547 200.259903 1.403188 1.635553 4.261413 -26.581212 -15.609495 126.909626 1.522299 0.292600
Car -1 -1 1.793483 243.809601 162.216385 300.270050 200.888123 1.284515 1.513434 4.283342 -33.124568 -15.088104 123.696539 1.531833 0.230086
