Car -1 -1 -0.135241 1217.781616 383.703552 1472.578979 474.423676 1.294052 1.872438 4.543829 7.743235 -2.324065 45.024908 0.035070 3.609613
Car -1 -1 -1.902517 391.571289 459.350952 557.946472 575.590454 1.025100 1.322712 4.237722 -8.599387 -0.611686 38.138468 -2.124287 2.342959
Car -1 -1 1.873882 234.093765 285.097656 345.807098 365.858826 1.646301 1.552629 4.663914 -20.429016 -6.499796 66.345275 1.575175 0.795866
Car -1 -1 1.182983 1811.225952 164.092819 1894.167847 213.174713 1.712876 1.797823 4.461891 42.200812 -16.739442 104.313137 1.567413 0.268584
Car -1 -1 -1.910384 1754.281738 174.264206 1825.144287 214.875702 1.393075 1.586721 4.235863 39.478807 -16.746450 104.917946 -1.550489 0.507044
Car -1 -1 2.788294 1721.835327 163.448654 1817.495361 202.275177 1.498394 1.861722 3.644150 40.973083 -18.405858 112.031773 3.138910 0.119534
Car -1 -1 1.165235 1870.494385 170.794586 1918.724121 212.036453 1.426592 1.637524 4.203506 44.658856 -16.709281 103.999369 1.570839 0.418929
Car -1 -1 -2.770835 34.577915 197.374237 122.033684 228.306274 1.208458 1.816411 3.477909 -47.929914 -18.167431 118.533452 3.128093 0.132480
Car -1 -1 1.714741 580.278381 168.283340 622.401428 203.970139 1.710061 1.835970 4.263342 -23.514203 -23.115976 141.305195 1.549845 0.309661
Car -1 -1 2.891197 1558.005127 138.886215 1636.736938 174.348953 1.874314 1.862594 4.002284 40.113528 -24.418993 139.056762 -3.111144 0.111442
