Car -1 -1 -1.603444 972.534851 420.841766 1088.597290 529.186157 1.144609 1.802010 4.258624 0.636000 -1.199834 49.235137 -1.590527 1.856964
Car -1 -1 -2.500406 1606.891113 335.411957 1819.357056 426.776276 1.332579 1.818450 4.138888 16.059714 -3.543562 61.851087 -2.246365 2.051179
Car -1 -1 1.753056 387.006287 307.676666 482.123108 383.226959 1.310527 1.459568 4.251711 -14.107750 -4.961558 70.111392 1.554489 1.260670
Car -1 -1 -1.754392 1291.384888 756.031311 1570.121094 980.221375 0.727240 1.664880 4.386155 4.096394 2.937333 26.598535 -1.601584 2.381349
Car -1 -1 -1.534543 834.236572 352.610870 921.953857 441.741302 1.208551 1.628086 4.227769 -2.456022 -3.153556 60.063503 -1.575410 1.607629
Car -1 -1 1.385566 657.260254 289.423920 757.053345 360.841339 1.289719 1.771988 4.264491 -7.715275 -5.815946 74.151619 1.281892 0.767551
Car -1 -1 1.681452 575.289795 268.500519 652.551331 331.931915 1.306836 1.638838 4.244814 -11.028760 -7.067172 80.733207 1.545684 1.125185
Car -1 -1 -1.538659 857.016113 222.530334 908.547485 272.410492 1.362081 1.698600 4.245426 -4.075524 -11.096454 103.604151 -1.577976 1.010309
Car -1 -1 -1.580150 949.238831 257.069214 1012.070251 320.316864 1.384089 1.717492 4.243716 -0.379674 -7.798300 85.410718 -1.584595 1.384307
Car -1 -1 1.718605 527.099854 239.091660 594.032959 293.911926 1.342029 1.519096 4.260151 -14.526616 -9.297562 93.092370 1.563808 1.099675
Car -1 -1 -1.597865 1022.069092 203.296753 1070.269531 244.511444 1.306884 1.767465 4.234348 2.282280 -13.660292 117.615835 -1.578463 0.812869
Car -1 -1 -1.566698 944.804749 167.704208 981.149536 200.492294 1.347076 1.676708 4.246237 -1.586385 -19.093969 145.981397 -1.577564 0.575435
Car -1 -1 -1.677290 1217.924927 208.448334 1273.905762 255.158295 1.397260 1.692184 4.258499 10.294053 -12.745008 112.858937 -1.586330 0.548097
Car -1 -1 -1.557811 894.431152 139.358215 923.479492 163.632889 1.344128 1.787323 4.226971 -5.792087 -27.310760 190.811319 -1.588157 0.397697
Car -1 -1 1.621704 762.777527 187.245361 810.404541 230.987061 1.575771 1.782418 4.251930 -9.001675 -14.613012 121.317450 1.547641 0.467005
Car -1 -1 -1.670961 1171.396973 185.760239 1225.204590 225.485184 1.458967 1.787535 4.231888 9.418217 -15.474697 126.816697 -1.596831 0.411888
Car -1 -1 -1.570737 938.051697 124.952858 966.915710 154.300507 1.855496 1.903790 4.319091 -2.964956 -29.815356 203.996927 -1.585271 0.272614
Car -1 -1 1.635614 727.925049 217.784134 788.527222 278.353210 1.725688 1.760418 4.259241 -8.367238 -10.381173 99.075209 1.551360 0.631939
Car -1 -1 -1.621153 1133.605103 145.377213 1169.669922 174.951462 1.569144 1.954372 4.263067 10.228585 -24.440849 175.477147 -1.562929 0.163485
Car -1 -1 1.605728 749.766663 143.289001 780.923279 170.893784 1.492480 1.720159 4.245273 -14.584294 -24.912360 177.033434 1.523532 0.287137
Car -1 -1 1.597461 805.188721 135.159546 837.686890 166.954193 1.759884 1.896352 4.265491 -11.474034 -26.394310 185.838123 1.535797 0.256640
Car -1 -1 1.661366 655.237976 150.795288 692.236572 178.950089 1.397066 1.719535 4.258363 -19.497747 -23.338347 169.284478 1.546694 0.264167
