Car -1 -1 -1.762025 1281.411011 589.943420 1505.417725 772.784668 0.974994 1.581497 4.285003 4.306731 1.758850 32.634080 -1.630813 2.958600
Car -1 -1 -1.632148 975.904419 467.436676 1132.028564 623.755737 1.224103 1.813655 4.402886 0.447683 0.366895 39.576731 -1.620836 1.991254
Car -1 -1 -1.681864 1079.149902 793.943237 1334.081299 1049.127197 0.634224 1.561993 4.234369 1.513851 3.149034 24.026239 -1.618939 2.637154
Car -1 -1 -1.529800 692.665955 597.080383 899.400024 868.092102 1.259081 1.680900 4.841713 -2.181947 2.146479 28.180348 -1.607073 1.344062
Car -1 -1 -1.561030 748.930725 355.983246 850.881409 457.398407 1.179256 1.725867 4.236505 -4.223633 -2.215522 53.616596 -1.639642 2.515089
Car -1 -1 -1.723143 1092.193848 401.992340 1227.697266 503.263580 1.005752 1.655294 4.336725 2.504904 -1.328154 49.787002 -1.672873 1.644716
Car -1 -1 -1.380183 39.504917 808.385010 411.269623 1078.935425 1.014921 1.975441 4.289341 -6.414339 3.559312 23.029214 -1.651828 2.440191
Car -1 -1 1.817884 123.672714 232.110611 221.978943 296.528809 1.288034 1.636576 4.274467 -25.196778 -7.637962 82.803731 1.522492 1.065849
Car -1 -1 1.766996 271.909912 196.907181 351.708374 250.985046 1.397066 1.752082 4.264455 -25.250981 -10.596963 99.402853 1.518231 0.900318
Car -1 -1 1.743918 343.865936 172.894821 407.089905 224.756393 1.547519 1.686236 4.253977 -26.363594 -13.138090 114.037264 1.516725 0.705595
Car -1 -1 1.789133 197.389862 184.019730 276.100433 236.564560 1.498127 1.741165 4.258988 -29.387662 -11.606917 104.510914 1.515019 0.632034
Car -1 -1 1.788411 198.900360 159.400803 269.726257 210.969864 1.751991 1.723854 4.399014 -33.098315 -13.984255 117.470240 1.513772 0.327027
Car -1 -1 1.776454 285.848419 171.102814 346.369812 209.840088 1.215143 1.476001 4.255720 -30.781205 -14.571393 121.768521 1.528857 0.476165
