Car -1 -1 1.792212 262.607117 362.238129 392.576508 458.242310 1.254946 1.537349 4.280381 -13.609614 -2.670014 56.795715 1.557022 1.486458
Car -1 -1 -1.532360 695.713013 824.642700 931.177917 1075.948730 0.640986 1.726173 4.262766 -1.474534 3.277353 23.749901 -1.594366 2.985974
Car -1 -1 1.879011 0.614457 495.648682 137.748077 709.834045 1.795811 1.670954 4.800362 -13.348699 1.113346 38.255159 1.543282 1.997452
Car -1 -1 1.761546 347.906311 420.866272 501.374298 537.918213 1.131952 1.581240 4.289328 -9.645260 -1.059880 47.285943 1.560329 2.253629
Car -1 -1 1.707172 535.533691 279.457764 627.230652 360.869781 1.535181 1.665396 4.253778 -10.866747 -5.751845 73.408628 1.560209 1.013416
Car -1 -1 -1.791921 1368.789062 830.560486 1658.204468 1073.199829 0.600168 1.455795 4.216216 4.446431 3.327443 24.190303 -1.610139 3.132567
Car -1 -1 -1.391442 1028.759033 268.774780 1121.243774 342.998291 1.472785 1.815210 4.276032 2.414466 -6.689537 79.331047 -1.361016 0.695627
Car -1 -1 -1.671666 1052.229370 837.253784 1314.207153 1078.862061 1.073724 1.709675 4.256100 1.506625 3.803866 23.483105 -1.607596 3.103841
Car -1 -1 1.127359 680.522766 276.854584 814.870911 363.861786 1.636285 1.690837 4.313880 -6.546562 -5.717466 73.594463 1.038638 0.437270
Car -1 -1 1.748725 422.551880 287.052460 516.134644 358.600342 1.343249 1.581268 4.250725 -14.088202 -5.888845 74.652860 1.562202 1.010278
Car -1 -1 -1.390538 145.863739 913.111572 521.845764 1079.019409 0.983091 1.800980 4.297677 -4.814853 4.107031 20.990034 -1.616025 2.779409
Car -1 -1 1.681193 638.721313 223.554001 699.470642 275.122070 1.382398 1.583797 4.250054 -11.747622 -10.659386 100.391835 1.564705 0.788776
Car -1 -1 1.837371 127.195824 269.741882 220.611343 328.981903 1.259376 1.512713 4.256205 -24.676708 -7.386309 83.436440 1.549813 1.224689
Car -1 -1 1.709036 485.935699 257.658325 566.071899 323.218719 1.480255 1.725086 4.244910 -14.292938 -7.647736 84.612011 1.541693 0.921942
Car -1 -1 1.780589 340.752930 210.402390 400.446930 254.048737 1.253827 1.322967 4.245085 -24.921213 -12.606493 111.073845 1.559878 0.580435
Car -1 -1 -1.677415 1186.568481 191.419296 1243.007690 234.358734 1.410697 1.838882 4.256637 9.938299 -14.706533 122.998413 -1.596790 0.392716
Car -1 -1 -1.593878 995.087158 151.863495 1027.887451 178.928421 1.336580 1.792493 4.258261 1.191832 -23.790822 172.465715 -1.586968 0.308659
Car -1 -1 2.276515 0.779300 724.607544 142.285461 994.449829 1.133891 1.818201 4.202987 -9.469860 2.936318 25.543621 1.921491 2.412179
Car -1 -1 -1.570252 982.427673 139.539871 1012.317444 166.747009 1.436804 1.787577 4.233645 0.337383 -26.591214 186.599729 -1.568444 0.253617
Car -1 -1 1.642725 713.642334 237.708633 774.453369 290.818390 1.262037 1.650659 4.259288 -8.339481 -9.395870 92.907004 1.553203 0.571567
Car -1 -1 1.608881 684.425415 258.559723 755.523254 310.542236 1.240782 1.694890 4.258225 -8.507698 -8.108599 86.673772 1.511036 0.485166
Car -1 -1 1.731912 449.723358 178.451370 502.670685 214.492981 1.356206 1.763793 4.256657 -25.975197 -17.525032 139.069117 1.547260 0.313139
