Car -1 -1 -3.068253 597.494934 396.639893 860.590820 494.836426 1.410984 1.865232 4.535589 -4.925240 -1.672489 52.146619 3.120762 3.527027
Car -1 -1 -2.917548 95.690392 395.739105 389.698273 496.821472 1.394093 1.858345 4.826219 -13.899283 -1.631045 51.549703 3.102271 3.484169
Car -1 -1 -1.508397 652.707458 769.843506 883.972656 1028.360352 0.870937 1.745952 4.236425 -1.939440 3.110065 25.123250 -1.585441 3.351283
Car -1 -1 1.793994 261.194458 294.491638 367.110077 381.777466 1.574636 1.511177 4.247981 -17.232051 -5.038044 70.434607 1.554054 1.279058
Car -1 -1 -1.778220 1347.256470 790.910156 1652.761475 1063.777954 0.923919 1.637536 4.236459 4.322635 3.280579 24.263684 -1.601918 3.247496
Car -1 -1 -1.651258 1024.063232 828.651733 1295.253296 1079.144043 1.230810 1.766080 4.265282 1.286421 3.840474 23.213564 -1.595898 2.516562
Car -1 -1 1.714191 511.832397 294.250122 605.226440 378.800812 1.525978 1.622541 4.238886 -11.066530 -5.119201 70.689532 1.558900 1.205478
Car -1 -1 -1.447156 870.437744 273.955109 958.538513 352.714661 1.609668 1.872694 4.340446 -2.093159 -6.182348 76.691646 -1.474442 0.552385
Car -1 -1 -1.577578 952.787109 187.108383 1001.537781 234.923721 1.590883 1.931468 4.258617 -0.675093 -14.596599 122.008533 -1.583111 0.716758
Car -1 -1 -0.457354 296.788177 366.667969 546.239380 453.699829 1.091103 1.854589 4.418406 -11.843737 -2.775422 57.349629 -0.661009 2.060051
Car -1 -1 1.750091 396.911957 296.272125 490.154205 372.645874 1.381862 1.514658 4.241869 -14.160879 -5.303676 71.484053 1.554525 1.030977
Car -1 -1 1.724182 463.925262 261.710236 551.361023 331.962433 1.508260 1.776839 4.244752 -14.357922 -7.191631 82.091695 1.551032 1.129141
Car -1 -1 1.667676 650.037292 289.683380 738.474365 376.960510 1.588387 1.713553 4.235793 -7.567754 -5.154436 70.472861 1.560700 1.052407
Car -1 -1 1.761836 341.136688 273.810547 430.687866 346.020050 1.472788 1.477720 4.247113 -16.890882 -6.395521 77.185142 1.546396 1.224659
Car -1 -1 1.689387 564.931946 277.310669 639.023071 344.848572 1.323832 1.445496 4.250467 -11.015363 -6.514163 78.136716 1.549334 0.652447
Car -1 -1 -1.568754 945.558105 161.522797 985.045471 200.948120 1.659654 1.826806 4.294571 -1.439242 -18.710467 143.352019 -1.578794 0.386689
Car -1 -1 1.627996 730.947510 218.240265 791.095947 277.674835 1.686840 1.792794 4.239188 -8.117119 -10.192947 97.182129 1.544665 0.535075
Car -1 -1 1.661255 713.411926 242.454391 775.422180 298.828217 1.302866 1.577141 4.241900 -8.104164 -8.949154 90.669648 1.572111 0.435660
Car -1 -1 1.653487 683.821045 139.314453 716.871826 165.649689 1.423641 1.741012 4.233619 -19.306072 -25.964843 182.472206 1.548077 0.222838
