Car -1 -1 -1.598761 867.942322 514.303955 1042.653320 707.225647 0.958965 1.730422 4.241945 -0.057801 0.644631 25.766590 -1.601004 3.490662
Car -1 -1 -3.110791 733.968323 178.829758 881.194458 235.338165 1.508063 1.862067 4.527320 -4.948236 -11.349648 73.871213 3.105509 1.828437
Car -1 -1 -1.694092 1103.259521 563.108276 1334.884155 770.322937 0.841840 1.759726 4.270759 2.788338 1.133606 23.892402 -1.577913 4.001949
Car -1 -1 -1.425330 490.306885 616.909790 732.844971 839.629211 0.682330 1.646055 4.263891 -3.357940 1.566556 22.124137 -1.575958 3.423593
Car -1 -1 2.731489 1735.214111 194.495056 1893.352539 251.484329 1.399009 1.882686 4.014111 26.722004 -9.979410 67.925545 3.106294 1.949919
Car -1 -1 -1.609398 814.787964 768.607666 1069.745361 1076.306641 0.796281 1.791066 4.525864 -0.198817 2.879714 18.182250 -1.620332 2.298080
Car -1 -1 2.620417 1243.687500 201.586365 1412.932129 261.710175 1.353501 1.851124 4.292738 11.542565 -9.639980 67.276787 2.790331 1.745244
Car -1 -1 -2.777527 37.865086 190.823761 198.340607 250.563919 1.474648 1.843952 3.930700 -26.940737 -10.448130 70.647145 3.141339 1.751331
Car -1 -1 1.689423 633.241455 133.205338 684.972595 173.934082 1.393420 1.741865 4.246045 -13.761656 -18.307738 101.663275 1.554875 0.701109
Car -1 -1 -2.864431 89.994026 188.065369 232.089645 240.218903 1.359042 1.856060 3.745789 -26.851128 -11.120212 73.435652 3.068213 0.568134
Car -1 -1 1.694770 672.300598 116.893433 720.655945 160.997925 1.734858 1.871658 4.271152 -13.049523 -20.521313 110.763886 1.577497 0.545890
Car -1 -1 1.731596 582.293396 135.180923 637.390015 173.730347 1.280833 1.678462 4.262781 -16.215561 -18.453399 102.445610 1.574614 0.766063
Car -1 -1 2.692216 1779.401245 174.039490 1918.547119 228.630447 1.458683 1.893902 4.425280 32.431221 -12.423724 78.740748 3.082916 0.356476
Car -1 -1 -1.874004 1144.558594 131.428955 1204.183960 168.914200 1.326486 1.520606 4.278615 10.810118 -19.611135 107.699048 -1.773966 0.307745
Car -1 -1 1.668782 728.113037 131.432953 773.251526 171.723923 1.383509 1.616861 4.255192 -9.662281 -18.716896 103.316130 1.575532 0.557034
Car -1 -1 -2.827262 1368.801392 151.141953 1488.088989 192.924774 1.328761 1.831986 4.207058 20.476827 -16.148619 93.905880 -2.612566 0.718704
Car -1 -1 1.876335 550.138245 91.159805 598.156799 123.858757 1.738914 1.788582 4.382236 -26.307261 -30.442116 151.132890 1.703994 0.086952
Car -1 -1 1.677002 738.192322 124.139183 781.280884 162.112152 1.477367 1.611358 4.261329 -9.788402 -19.753461 107.944491 1.586569 0.232428
