Car -1 -1 3.010730 417.532837 322.680786 672.847107 425.999176 1.504710 1.835287 4.512585 -9.394990 -2.722148 55.180856 2.842089 3.267850
Car -1 -1 2.831400 0.000000 365.944000 233.816360 483.093414 1.398200 1.879632 4.763961 -16.985517 -1.599318 49.463852 2.500624 1.361283
Car -1 -1 3.047457 667.542786 285.044952 889.763855 376.642090 1.646953 1.935304 4.774095 -5.620202 -4.243974 65.448578 2.961795 1.585303
Car -1 -1 2.850465 632.009521 368.267609 909.831848 463.718750 1.229888 1.854412 4.518273 -4.722548 -1.949770 52.373660 2.760538 3.264562
Car -1 -1 -1.864832 1590.948242 894.287842 1914.148438 1078.319092 0.930771 1.961036 4.253383 5.993163 4.029041 21.603349 -1.594219 3.815209
Car -1 -1 2.937684 1209.379395 323.173920 1428.713623 401.353333 1.319276 1.821925 4.557063 6.853129 -3.597001 63.583795 3.045050 1.832345
Car -1 -1 2.756096 1400.449951 363.258911 1676.125610 465.593445 1.459739 1.872986 4.598485 10.200861 -1.971149 54.490962 2.941157 3.406490
Car -1 -1 -1.797496 1239.580078 251.997253 1329.187866 307.268768 1.175491 1.549375 4.251439 8.422903 -7.784691 88.315728 -1.702411 0.741936
Car -1 -1 2.879654 1371.580688 340.942291 1580.423218 416.750977 1.255862 1.812277 4.090099 10.158541 -3.214716 62.057857 3.041910 0.708117
Car -1 -1 1.797085 218.914566 210.391876 297.357208 265.087006 1.225078 1.449158 4.242223 -25.487346 -9.522849 93.088561 1.529838 0.979225
Car -1 -1 -1.523722 791.892090 197.387192 842.539612 240.731033 1.182179 1.684625 4.260093 -7.990205 -12.132530 110.363001 -1.595995 0.720201
Car -1 -1 1.718665 388.912933 153.469238 446.611755 203.463379 1.675570 1.762372 4.290067 -27.141709 -15.332230 125.582786 1.505813 0.468505
Car -1 -1 -1.562694 840.393921 161.626938 882.179626 198.480103 1.370907 1.833864 4.253620 -7.745270 -16.988256 137.894270 -1.618804 0.424328
Car -1 -1 -1.581325 878.327209 128.087601 907.996216 154.268066 1.351103 1.762280 4.263576 -8.591637 -26.134698 189.576382 -1.626614 0.162584
