Car -1 -1 -3.070276 700.532898 195.666443 845.128784 258.691956 1.594221 1.865900 4.223816 -6.920223 -8.502549 70.354701 3.114863 1.715034
Car -1 -1 2.824967 1558.461304 198.488342 1717.739990 263.146210 1.574462 1.879722 4.098988 20.369095 -8.163363 68.431589 3.114273 2.171036
Car -1 -1 3.107176 1010.100769 196.283356 1152.851318 246.433411 1.312084 1.812429 4.286078 3.303509 -9.760091 77.295212 -3.133297 0.428194
Car -1 -1 3.073463 948.268250 209.815613 1122.276123 269.521454 1.373325 1.909052 4.831026 1.484181 -8.117977 69.545858 3.094801 1.603388
Car -1 -1 2.839564 1490.870850 188.369019 1649.732910 251.347168 1.665867 1.895047 4.456335 19.412730 -9.030455 72.916538 3.099761 0.681244
Car -1 -1 -2.789755 159.974838 195.081177 350.871948 270.913544 1.876364 2.035041 4.559011 -22.811636 -7.884733 68.104828 -3.112959 1.269082
Car -1 -1 1.634954 761.923523 138.847305 803.338318 174.251083 1.316237 1.723055 4.257363 -10.374725 -17.167405 109.711969 1.540671 0.574215
Car -1 -1 -2.745916 0.000000 201.630646 137.254959 269.839386 1.540390 1.858440 4.366497 -30.252951 -8.250567 70.020702 3.129436 0.315142
Car -1 -1 2.418183 564.070862 160.313675 660.276123 204.805283 1.378530 1.844272 3.716669 -16.384727 -13.646637 94.737405 2.246929 0.473247
Car -1 -1 1.664704 688.063660 145.622726 736.716187 182.490433 1.333182 1.779224 4.262191 -13.509081 -16.301373 106.411104 1.538428 0.488388
Car -1 -1 0.379089 0.000000 265.891418 107.551201 328.769562 1.243259 1.906823 3.935265 -26.078158 -5.280476 57.892729 -0.044144 0.452095
Car -1 -1 -2.844910 167.781693 172.241592 285.445282 216.806366 1.391980 1.855694 4.090900 -30.590904 -12.075575 87.099021 3.100515 0.409529
Car -1 -1 1.659644 735.125244 117.236588 771.959900 145.741119 1.247823 1.607276 4.261995 -15.067347 -23.630312 139.927135 1.552378 0.312354
Car -1 -1 1.625252 702.949219 117.479156 740.223755 146.452545 1.427957 1.756014 4.269669 -16.913106 -23.098259 137.632072 1.502979 0.142848
