Car -1 -1 -0.310020 1605.798584 250.319672 1852.365234 360.390808 1.407562 1.806485 3.658102 13.384061 -3.428279 49.195405 -0.044390 3.885779
Car -1 -1 0.034728 724.966492 282.023926 1018.711487 408.463531 1.494833 1.886094 4.469146 -1.629826 -2.499609 46.068899 -0.000635 4.949753
Car -1 -1 -1.679064 1006.285889 646.167786 1257.502441 910.924622 0.746710 1.571965 4.256551 1.282348 2.092854 23.768825 -1.625165 3.423620
Car -1 -1 -1.395666 199.243347 599.848999 466.033386 825.364685 0.683659 1.518004 4.249561 -5.875005 1.677104 26.013665 -1.617783 3.018719
Car -1 -1 -1.328744 0.000000 722.521667 330.410736 1075.687866 1.600463 1.559400 4.231719 -6.105869 3.439152 20.862780 -1.613461 0.838394
Car -1 -1 -1.834459 1385.141235 706.843140 1741.472168 984.046997 0.546787 1.503445 4.481190 4.678486 2.404112 22.541323 -1.629813 3.921881
Car -1 -1 1.741893 363.281281 116.000023 441.310883 181.711121 1.415890 1.434667 4.276692 -17.044753 -10.671864 83.268968 1.539987 0.872282
Car -1 -1 1.758689 250.255829 119.615570 335.114075 178.579956 1.228582 1.630404 4.268040 -21.012883 -11.126881 85.987639 1.519015 0.999086
Car -1 -1 0.127937 616.586121 268.041321 844.429260 375.550110 1.371608 1.846213 3.493572 -4.091593 -3.113590 48.302432 0.043431 1.792982
Car -1 -1 1.785032 144.960693 115.571960 231.857346 182.769485 1.440897 1.412848 4.266643 -24.037761 -10.920350 85.267629 1.510253 1.180699
Car -1 -1 1.858362 17.770605 126.946518 101.522781 186.666275 1.256722 1.107074 4.245918 -27.783733 -10.687798 84.529037 1.540797 0.955930
Car -1 -1 1.722386 414.115631 103.591164 481.812622 162.386185 1.346665 1.409826 4.249969 -16.852349 -11.997117 89.272542 1.535808 0.868738
Car -1 -1 1.815112 134.638550 84.811966 211.597656 139.280792 1.424104 1.405622 4.258183 -28.749268 -14.168585 99.957537 1.535056 0.782537
Car -1 -1 -1.575034 795.129028 82.645721 844.645874 128.277405 1.143289 1.649411 4.282747 -5.709080 -15.245838 104.519843 -1.629602 0.694896
Car -1 -1 1.839957 67.158348 99.801628 155.899597 164.454880 1.516865 1.502165 4.291111 -28.529755 -12.333849 92.138319 1.539679 0.711429
Car -1 -1 1.768794 314.990570 102.184677 385.953949 157.256317 1.282263 1.315526 4.260448 -20.990369 -12.738961 93.553408 1.548082 0.975403
Car -1 -1 1.700494 466.127716 79.657143 521.604797 126.001930 1.205861 1.383081 4.242640 -18.081739 -15.378716 104.947180 1.529875 0.706702
Car -1 -1 1.772334 235.397919 90.201355 304.057739 139.679382 1.240593 1.341784 4.259049 -25.110614 -14.059847 99.326583 1.524714 0.563152
Car -1 -1 1.779998 193.059586 107.623314 268.722931 165.187378 1.339446 1.409682 4.279862 -24.781139 -12.385295 92.654750 1.518658 0.951598
Car -1 -1 -0.983448 787.924377 129.339890 928.727722 205.095123 1.602538 1.826729 4.453659 -3.222591 -9.301900 77.341354 -1.025091 0.770126
Car -1 -1 -1.327869 1826.125488 286.207672 1918.629272 371.178986 1.081643 1.725462 3.379872 17.811183 -3.417574 51.808423 -0.996737 0.381482
Car -1 -1 1.810545 199.168961 74.629036 260.649414 120.403084 1.200264 1.172057 4.277223 -28.875545 -15.937134 107.845137 1.548932 0.573151
Car -1 -1 1.734539 288.200226 75.967110 349.656616 122.188354 1.297989 1.337052 4.265053 -24.799322 -15.454314 105.094798 1.502807 0.586981
Car -1 -1 1.868533 43.648655 76.433464 117.355362 122.092117 1.288834 1.320056 4.236152 -35.401851 -16.316353 110.775540 1.559210 0.411285
Car -1 -1 1.735667 341.834656 85.496170 405.599487 133.915634 1.203523 1.252189 4.258114 -21.817029 -14.556106 101.209037 1.523351 0.520729
Car -1 -1 1.673620 450.369141 51.329388 499.385071 90.573997 1.222630 1.464872 4.257472 -22.814902 -20.092864 127.162545 1.496093 0.394346
Car -1 -1 1.720706 435.402527 88.904045 495.393646 137.663696 1.253727 1.390316 4.241345 -18.159500 -14.091708 99.417949 1.540040 0.617826
Car -1 -1 1.883170 1.256636 90.736374 67.083542 136.574051 1.183506 1.576326 4.253900 -35.651405 -14.858787 104.477933 1.554326 0.131722
