Car -1 -1 -1.654184 1092.477051 366.902496 1212.183838 473.588684 1.375160 1.850696 4.280817 3.118734 -2.309220 54.919610 -1.597458 1.267750
Car -1 -1 -1.641145 1012.628967 749.102234 1254.681274 978.991821 0.776760 1.798620 4.333550 1.242386 2.914611 26.532443 -1.594354 2.280864
Car -1 -1 -1.591991 911.552246 387.312042 1014.945862 481.675537 1.083213 1.782804 4.261977 -0.606227 -2.154553 54.217908 -1.603172 1.889013
Car -1 -1 1.642688 639.188721 300.160065 726.766296 388.014923 1.528560 1.699499 4.246064 -7.628118 -4.756917 68.367913 1.531573 1.269541
Car -1 -1 -1.377551 188.236618 834.114075 533.285156 1079.732056 1.249877 1.835866 4.242203 -5.070341 3.866520 22.891933 -1.595523 3.960452
Car -1 -1 -1.557858 919.415344 269.328827 983.553040 353.021545 1.682351 1.550459 4.522901 -1.123268 -6.158365 76.148481 -1.572608 0.614814
Car -1 -1 -1.626862 1091.930176 292.835999 1174.476196 373.165161 1.453174 1.799685 4.257142 3.633869 -5.370359 72.018771 -1.576447 1.325534
Car -1 -1 -1.603314 1037.636108 231.976486 1099.707520 289.903198 1.518278 1.960343 4.250772 2.620594 -9.642666 95.403150 -1.575852 0.984632
Car -1 -1 1.290134 682.541931 287.483643 784.701416 360.459869 1.345994 1.513967 4.223768 -6.994503 -5.782934 73.788588 1.195625 0.601754
Car -1 -1 -1.565574 939.721191 189.678040 983.215576 229.957230 1.363021 1.757805 4.246499 -1.384951 -14.970513 123.608423 -1.576778 0.797446
Car -1 -1 -1.554443 1038.264404 178.379852 1081.422485 226.660767 1.743577 1.682272 4.447421 3.098167 -15.461760 126.533506 -1.529963 0.365484
Car -1 -1 -1.550639 898.274536 176.399170 939.898804 214.723175 1.413361 1.722633 4.274292 -3.525967 -16.784508 133.088785 -1.577126 0.501899
Car -1 -1 1.728417 500.157562 207.914093 564.474182 256.177887 1.442706 1.724606 4.258730 -18.208464 -12.304976 109.443209 1.563554 0.704347
Car -1 -1 1.653183 694.757507 248.636658 764.414124 311.924347 1.363327 1.684052 4.248560 -8.113236 -8.080371 85.334315 1.558392 1.090477
Car -1 -1 -1.599229 1006.506531 160.905670 1044.127563 190.885117 1.349298 1.850911 4.247190 1.867947 -21.159278 157.887039 -1.587399 0.389295
Car -1 -1 -1.544826 882.722351 164.930405 920.234070 198.817963 1.345067 1.725561 4.252313 -5.116076 -20.374244 153.955139 -1.578045 0.362767
Car -1 -1 -1.572331 941.058594 136.360580 969.496155 163.927292 1.559986 1.688329 4.300676 -2.482276 -26.716258 186.712497 -1.585625 0.153217
Car -1 -1 -1.565116 941.510254 156.039978 978.445801 191.121277 1.569679 1.899529 4.259019 -1.844894 -20.785646 155.225055 -1.577000 0.292844
Car -1 -1 -1.560582 895.756836 140.277222 925.449158 168.338928 1.484690 1.693344 4.261710 -5.291331 -25.390827 179.418304 -1.590065 0.286068
Car -1 -1 -1.544399 871.467590 152.878418 904.441772 181.823837 1.338629 1.805092 4.241367 -6.292284 -22.840669 166.523974 -1.582167 0.275265
Car -1 -1 -1.585391 990.889954 142.426697 1019.729675 168.206299 1.427042 1.744296 4.256822 0.919958 -25.333052 179.608861 -1.580269 0.211014
