Car -1 -1 -0.460100 472.120087 364.748016 715.357361 473.434845 1.454216 1.863657 4.109473 -7.940232 -2.307047 55.316600 -0.602668 3.163883
Car -1 -1 -1.518267 686.426941 781.609131 908.357422 1012.281738 0.711517 1.715830 4.245828 -1.709224 3.073689 25.401939 -1.585453 1.860740
Car -1 -1 1.780903 273.502258 284.768036 372.869781 383.227722 1.800647 1.307422 4.614669 -16.952692 -5.015339 70.257051 1.544133 0.596550
Car -1 -1 -1.648401 1038.829468 766.366028 1273.084961 1021.046021 0.883066 1.692291 4.243833 1.401095 3.096426 25.310535 -1.593101 1.756740
Car -1 -1 -1.780890 1385.618530 817.397339 1688.614868 1077.627319 0.788965 1.602148 4.237750 4.569696 3.350889 23.876880 -1.591791 2.696537
Car -1 -1 -0.018594 4.971013 402.850586 284.208405 508.795258 1.305188 1.848272 4.456650 -15.681020 -1.498313 51.085529 -0.316421 3.712447
Car -1 -1 1.751827 396.978088 310.245331 489.052826 383.362396 1.266627 1.413664 4.240593 -13.867618 -4.937357 69.967598 1.556163 1.161378
Car -1 -1 -1.369071 184.666229 851.197571 510.836700 1078.140259 1.038960 1.694845 4.244289 -5.249445 3.824503 23.113448 -1.592399 2.690521
Car -1 -1 1.661203 645.359192 290.660858 733.831421 375.317596 1.536803 1.751076 4.242887 -7.684220 -5.174784 70.445449 1.552552 0.956357
Car -1 -1 1.704255 519.734497 289.094727 614.935608 370.457123 1.488243 1.786345 4.253232 -11.077734 -5.438151 72.258121 1.552132 0.840663
Car -1 -1 -1.520545 899.187073 261.227264 969.148071 320.176880 1.280924 1.766750 4.245858 -1.758554 -7.729715 84.697856 -1.541305 0.817798
Car -1 -1 -1.572728 961.164185 235.692749 1020.009277 290.421906 1.341544 1.877138 4.259722 -0.076181 -9.705331 95.805305 -1.573523 1.079237
Car -1 -1 -1.560465 929.747986 186.868195 972.397583 228.160355 1.431826 1.768130 4.243401 -1.895734 -15.413992 126.486719 -1.575452 0.610988
Car -1 -1 1.688871 573.203003 257.594421 655.687500 331.629303 1.602994 1.737328 4.247009 -11.068004 -7.110891 81.081804 1.553205 1.010799
Car -1 -1 -1.579686 990.427429 170.544479 1032.191284 209.213348 1.593226 1.792847 4.267380 0.934433 -17.536358 137.401501 -1.572885 0.517899
Car -1 -1 1.647026 758.889832 201.459351 807.460449 245.980698 1.305332 1.593320 4.247090 -8.373868 -12.819286 110.649259 1.571491 0.654742
Car -1 -1 1.649868 688.597412 259.018524 753.664246 317.580078 1.309332 1.540573 4.251214 -8.314019 -7.811500 84.873281 1.552222 0.906124
Car -1 -1 1.770804 381.615692 197.850342 441.554779 237.896317 1.317036 1.541654 4.242704 -25.344819 -14.269134 120.511583 1.563515 0.654954
Car -1 -1 1.651965 712.919556 242.269470 771.457825 295.283844 1.304617 1.510703 4.239758 -8.361955 -9.157693 92.307051 1.561624 0.559712
Car -1 -1 -1.616394 1087.798340 138.023026 1116.833862 164.438232 1.582920 1.942594 4.270684 7.576822 -26.724546 187.018151 -1.575902 0.164762
Car -1 -1 1.621311 784.113037 168.892609 823.434692 203.545532 1.393491 1.664851 4.247427 -9.634858 -18.336842 141.382677 1.553268 0.386564
