Car -1 -1 0.731503 434.016907 355.476471 674.224060 457.990417 1.315085 1.935925 3.952644 -8.101950 -2.350655 52.769345 0.579158 2.955867
Car -1 -1 -1.478315 526.328979 735.522766 760.488037 982.111328 0.753894 1.538231 4.246367 -2.810036 2.634024 24.084397 -1.594465 2.983539
Car -1 -1 -1.360686 115.976250 749.815369 414.780121 1002.482178 0.705965 1.399293 4.234331 -5.868976 2.664566 23.235794 -1.608095 3.258437
Car -1 -1 -1.616032 900.650940 720.302429 1146.303467 980.263977 0.858154 1.785100 4.285475 0.314516 2.604207 24.091897 -1.602978 2.422277
Car -1 -1 -1.742275 1230.320190 717.306458 1530.769897 994.544556 0.947848 1.649330 4.328267 3.355964 2.656157 23.762567 -1.601973 3.824332
Car -1 -1 1.906946 0.102486 298.924957 95.932053 385.883057 1.344505 1.612951 4.302357 -22.325226 -4.450087 64.865745 1.575469 0.910543
Car -1 -1 1.832169 163.350739 276.162506 277.504608 350.152344 1.327585 1.574198 4.245115 -19.656500 -5.704843 71.760251 1.564808 1.415202
Car -1 -1 1.897952 3.044606 237.979202 92.546654 299.174744 1.355753 1.360398 4.241343 -29.487518 -8.391716 87.422282 1.572635 0.801311
Car -1 -1 1.796764 268.627411 235.464188 346.122864 303.174286 1.468621 1.216845 4.300893 -20.664236 -8.097466 85.119139 1.558603 0.852236
Car -1 -1 2.692205 1804.523682 331.048676 1918.308716 435.585938 1.516560 1.911229 4.146044 19.435479 -2.897763 56.023354 3.026131 0.855753
Car -1 -1 1.738943 401.614441 199.929733 461.333679 245.490051 1.350748 1.443580 4.234230 -21.416881 -12.239423 108.174258 1.543485 0.675253
Car -1 -1 1.853268 158.685303 237.503876 250.664001 306.629120 1.524361 1.501457 4.223499 -23.568905 -7.914788 84.407334 1.580975 0.981577
Car -1 -1 1.779818 266.730530 198.129410 343.721527 264.936035 1.808130 1.614377 4.472593 -24.321170 -10.729849 99.920837 1.541056 0.438814
Car -1 -1 1.704930 529.055359 176.405380 582.617126 220.913696 1.576616 1.596504 4.239231 -18.544571 -14.766212 121.720050 1.553739 0.450726
Car -1 -1 1.844202 150.955307 221.446625 222.434006 276.411926 1.413156 1.265563 4.226186 -27.758817 -10.002017 96.702756 1.564665 0.506267
Car -1 -1 1.665290 577.698547 159.604401 616.735596 193.866745 1.370194 1.558189 4.221114 -20.424357 -19.283313 147.704748 1.527884 0.288144
