Car -1 -1 0.304148 1324.572144 420.619385 1581.028320 537.517639 1.381463 1.823620 3.732422 7.907415 -0.954437 47.413850 0.469402 4.393698
Car -1 -1 1.914320 1.094357 505.663116 159.261108 702.504211 1.554663 1.646339 4.342367 -12.709768 1.028491 36.972193 1.583210 3.027411
Car -1 -1 1.788396 224.159332 515.642883 412.022003 664.452393 1.067846 1.493394 4.390211 -9.197969 0.634792 38.103959 1.551535 2.544285
Car -1 -1 -1.401334 320.926453 788.104797 558.998596 1005.285583 0.566809 1.331579 4.247654 -4.971608 2.990895 25.398832 -1.594631 3.609958
Car -1 -1 0.412168 747.513123 285.559692 938.578918 369.288330 1.629894 1.908261 4.400317 -3.821630 -5.368953 71.819798 0.359007 1.914621
Car -1 -1 1.712097 457.774109 353.013153 569.081848 445.250824 1.271770 1.604371 4.246017 -10.111323 -2.981019 58.533772 1.541042 1.572271
Car -1 -1 -1.523461 705.047791 694.982178 905.379578 908.253174 0.885375 1.701666 4.247905 -1.809224 2.512995 27.722603 -1.588631 3.256939
Car -1 -1 -1.779005 1361.741089 789.977783 1667.869873 1039.270874 0.700951 1.648635 4.413888 4.529086 3.115734 24.667218 -1.597420 3.868507
Car -1 -1 1.724728 413.870178 288.236145 506.626678 370.136078 1.506124 1.603650 4.244137 -13.793235 -5.396285 71.740782 1.534781 1.211735
Car -1 -1 -1.671477 1092.507202 873.114746 1403.401001 1077.790527 1.145712 1.838534 4.593419 1.850012 4.056470 21.715634 -1.586489 2.794199
Car -1 -1 1.791462 268.707031 365.546539 393.449249 463.703217 1.244810 1.445083 4.252217 -13.423925 -2.561251 56.292632 1.557368 1.404199
Car -1 -1 1.674241 564.343811 263.857758 644.161316 335.364716 1.475543 1.758423 4.242605 -11.152116 -6.887883 79.565070 1.534985 1.033039
Car -1 -1 1.794339 265.346191 310.144775 366.754822 389.090302 1.354212 1.381672 4.246021 -16.928311 -4.781435 69.331414 1.554860 1.423969
Car -1 -1 1.920458 0.038189 440.762970 115.120728 565.684814 1.207760 1.732768 4.304849 -16.618008 -0.669109 47.081907 1.581149 1.939694
Car -1 -1 -1.265975 1028.931519 283.483337 1131.079224 349.794952 1.243528 1.538428 4.247378 2.492180 -6.403459 77.989644 -1.234031 0.626729
Car -1 -1 -1.582465 1023.518250 205.503586 1071.853882 247.702484 1.285163 1.733226 4.243274 2.298873 -13.283355 115.259943 -1.562522 0.796029
Car -1 -1 1.657022 669.052673 269.122711 745.004944 338.892365 1.427761 1.706643 4.245952 -8.149802 -6.756551 79.181467 1.554458 1.032788
Car -1 -1 -1.567624 928.627197 185.163864 973.580383 230.624924 1.563452 1.909581 4.249051 -1.860379 -15.073493 124.561487 -1.582559 0.636060
Car -1 -1 1.745698 475.085693 246.368439 559.349915 318.592072 1.664595 1.762834 4.244536 -14.654148 -7.844269 85.424692 1.575807 1.066328
Car -1 -1 1.689037 567.952454 218.764374 627.845337 268.235840 1.264638 1.540608 4.248244 -14.809635 -11.310990 103.898415 1.547452 0.830398
Car -1 -1 1.731641 407.544250 232.909760 492.920837 305.419952 1.780190 1.793423 4.457483 -17.336199 -8.498041 88.332881 1.537844 0.475482
Car -1 -1 1.701375 629.904724 231.468765 694.567688 285.246643 1.374592 1.605078 4.239856 -11.436334 -9.855738 95.854865 1.582627 0.887119
Car -1 -1 1.666119 664.277222 171.163681 713.590698 217.632477 1.782117 1.849065 4.381448 -14.513714 -16.543110 132.090058 1.556681 0.358309
Car -1 -1 -1.563928 937.554504 138.524750 967.358704 166.358963 1.595518 1.776694 4.257703 -2.635988 -26.095141 184.001819 -1.578253 0.299259
Car -1 -1 1.696142 577.525330 183.358627 628.118958 223.686615 1.425984 1.681990 4.254754 -17.997973 -15.714216 127.614722 1.556033 0.448936
Car -1 -1 -1.563966 939.117554 161.486801 975.047852 195.854996 1.511077 1.876991 4.228740 -1.901557 -19.741217 149.397884 -1.576693 0.408286
Car -1 -1 1.733096 529.486755 238.448212 594.864380 290.413818 1.268525 1.309424 4.244538 -14.613312 -9.487872 93.887666 1.578689 0.770691
Car -1 -1 1.729903 471.098938 214.375076 534.058594 264.194458 1.370270 1.590414 4.230019 -18.335938 -11.377908 103.733112 1.554950 0.549829
Car -1 -1 1.650894 750.299805 213.230423 803.026978 262.078674 1.395503 1.548445 4.229589 -8.157003 -11.616609 105.163884 1.573484 0.582815
Car -1 -1 1.647555 707.997070 219.356491 771.941711 276.848236 1.569418 1.794356 4.254732 -9.080734 -10.511312 99.474162 1.556520 0.565894
Car -1 -1 1.665086 697.962769 241.732101 765.186768 308.216492 1.461102 1.645055 4.241396 -8.215673 -8.340697 87.113175 1.571054 0.954610
Car -1 -1 1.643807 739.037720 154.106506 777.154663 190.302841 1.627469 1.707433 4.254718 -13.180197 -20.898540 155.672163 1.559342 0.267869
Car -1 -1 1.679856 637.007568 155.756088 678.061218 190.464111 1.641759 1.824532 4.269189 -18.741930 -20.744569 154.977181 1.559507 0.180161
