Car -1 -1 -2.609340 1642.818359 341.301178 1857.300171 423.102600 1.223579 1.820631 3.993899 17.249407 -3.637681 63.009058 -2.342127 2.168530
Car -1 -1 -1.689813 1136.322021 483.083740 1299.574341 625.383362 1.219869 1.792639 4.378215 3.306958 0.221517 41.315741 -1.609942 1.954043
Car -1 -1 -1.924333 1360.753662 290.329346 1471.149536 358.859589 1.236019 1.529850 4.225678 11.658728 -6.051158 76.249749 -1.772606 0.861737
Car -1 -1 -1.540642 800.950684 367.239624 900.541565 466.938232 1.295219 1.821369 4.255165 -2.883347 -2.535780 56.915533 -1.591259 1.833751
Car -1 -1 1.661694 638.339600 299.246674 729.433167 390.210754 1.589670 1.718366 4.275508 -7.573911 -4.692863 68.160445 1.551029 0.787692
Car -1 -1 -1.642026 1062.366943 326.681458 1151.177856 401.786530 1.176396 1.753997 4.255178 2.699256 -4.265602 65.843878 -1.601054 1.246153
Car -1 -1 -1.559304 860.150146 279.033234 926.262756 342.212585 1.228670 1.727401 4.264657 -2.788078 -6.597155 78.493072 -1.594809 1.381334
Car -1 -1 -1.571918 949.875000 226.778351 1002.969849 275.417053 1.276564 1.797922 4.254032 -0.561166 -10.675669 100.778122 -1.577486 1.063230
Car -1 -1 -1.550230 862.597229 221.510529 915.239136 268.821167 1.320409 1.732009 4.251838 -3.885297 -11.253139 104.067670 -1.587547 0.948263
Car -1 -1 -1.597362 1020.304321 198.430817 1069.406372 243.667999 1.524307 1.856297 4.254790 2.188690 -13.445638 115.652981 -1.578440 0.717387
Car -1 -1 -1.560464 951.423828 178.957397 995.206848 221.090439 1.531056 1.828686 4.232914 -0.899159 -16.294331 131.207479 -1.567317 0.598211
Car -1 -1 -1.548784 878.449097 180.240372 918.361084 216.894180 1.384341 1.684153 4.247447 -4.449432 -16.431401 131.405048 -1.582632 0.618060
Car -1 -1 -1.557405 882.637390 159.415863 918.558533 192.208633 1.471207 1.799017 4.260900 -5.006475 -20.382655 152.583293 -1.590205 0.349617
Car -1 -1 -1.553407 924.233643 148.890671 956.164490 175.948196 1.375983 1.760475 4.260676 -3.242962 -23.765964 170.987609 -1.572370 0.374772
Car -1 -1 -1.589443 979.891968 148.311630 1013.116943 178.725464 1.539879 1.822892 4.250720 0.276994 -23.837310 172.508257 -1.587837 0.262856
Car -1 -1 1.671399 687.379211 254.648346 765.571533 325.375153 1.582885 1.768439 4.238149 -7.851446 -7.306586 81.851647 1.575769 0.971621
Car -1 -1 -1.544709 885.873108 135.260727 913.294983 160.014313 1.465014 1.716008 4.237066 -6.502439 -28.033938 194.146642 -1.578189 0.303966
Car -1 -1 -1.371541 1078.483276 162.995285 1125.861816 196.644348 1.380779 1.671615 4.236868 5.947963 -19.627183 148.331474 -1.331463 0.195368
Car -1 -1 -1.578386 985.780884 131.854797 1014.227356 158.298370 1.583809 1.842234 4.273671 0.546378 -28.281278 195.914502 -1.575597 0.168818
Car -1 -1 -1.568753 934.093323 131.214691 961.617126 155.741623 1.478683 1.787356 4.249951 -3.255358 -29.644242 203.540684 -1.584745 0.193390
Car -1 -1 -1.585254 1092.799438 137.590210 1127.781494 164.661057 1.679258 2.021216 4.257088 8.043050 -26.946809 189.024980 -1.542730 0.072737
Car -1 -1 -1.584198 985.531189 140.518021 1016.901184 169.073059 1.577667 1.826600 4.245579 0.458865 -25.143855 179.500340 -1.581642 0.125514
Car -1 -1 -1.666501 1149.491455 168.392975 1190.075562 202.723969 1.457309 1.768517 4.272932 9.552920 -19.405678 149.072263 -1.602506 0.164312
