Car -1 -1 -1.464843 596.571777 755.278320 872.405029 1044.503418 0.630294 1.724741 4.466787 -2.129499 3.144712 19.452110 -1.573883 2.790279
Car -1 -1 -1.629207 987.370972 771.790955 1220.375000 1027.005127 0.513871 1.596326 4.242022 0.918040 3.138376 19.617597 -1.582445 4.179263
Car -1 -1 1.652008 745.737793 178.949249 796.656311 224.421021 1.368192 1.636654 4.261564 -9.245925 -12.787297 92.247987 1.552112 0.716118
Car -1 -1 1.711204 634.686462 185.802963 693.180420 233.933060 1.397972 1.612323 4.246391 -13.301693 -12.016562 89.236320 1.563233 0.914776
Car -1 -1 1.732100 548.338013 192.792267 608.537842 237.945007 1.281402 1.580886 4.256806 -17.034105 -12.086822 90.675992 1.546407 0.806919
Car -1 -1 1.713743 672.361938 176.850433 723.387085 219.499710 1.250444 1.509675 4.242668 -12.899900 -13.646642 96.617308 1.581012 0.593467
Car -1 -1 1.670497 695.479919 157.184616 744.413025 200.015335 1.504517 1.766310 4.253825 -13.050971 -15.748831 105.814367 1.547778 0.504787
Car -1 -1 1.650514 767.102051 165.653900 812.857605 205.225479 1.316747 1.587392 4.238157 -9.211126 -14.807669 101.048675 1.559610 0.730687
Car -1 -1 1.634893 784.817688 147.343628 826.828125 186.152802 1.382016 1.702998 4.258177 -9.226422 -17.023369 110.012243 1.551222 0.589760
Car -1 -1 1.659594 718.759949 146.372299 760.943970 187.118942 1.359761 1.539740 4.239436 -12.857856 -17.554598 112.918734 1.546214 0.305794
