Car -1 -1 2.925357 320.305511 393.366852 618.693848 504.221436 1.192582 1.967163 4.804521 -8.725840 -1.524796 40.763825 2.714481 4.101748
Car -1 -1 2.940949 975.868225 363.724304 1214.877930 465.879730 1.445413 1.880262 4.260285 3.135435 -2.257638 44.984839 3.010536 4.426145
Car -1 -1 2.720220 1614.583130 369.868378 1862.358032 457.329803 1.308457 1.891292 4.177190 16.957325 -2.452330 46.592678 3.069267 3.575163
Car -1 -1 -1.821547 1312.940918 737.799927 1602.296753 979.357117 0.646337 1.614101 4.296643 4.950737 2.890282 21.636334 -1.596604 3.614285
Car -1 -1 -1.632587 949.809204 729.197144 1165.010376 962.795227 0.661068 1.693174 4.247540 1.058764 2.845130 22.056623 -1.584622 2.763681
Car -1 -1 1.935598 42.730953 258.008789 157.923920 326.374664 1.365703 1.602052 4.292395 -25.454265 -7.205451 66.461055 1.569836 1.401921
Car -1 -1 -1.419396 1400.217285 284.780701 1488.747192 353.810852 1.240346 1.611224 4.241072 14.187431 -5.928487 61.210538 -1.191637 1.202569
Car -1 -1 1.834150 264.751984 252.560883 366.844055 329.688232 1.541622 1.550364 4.231491 -18.247778 -6.865752 64.104696 1.556829 1.628278
Car -1 -1 1.788343 357.824585 233.202271 441.368988 292.136017 1.326114 1.563070 4.239607 -18.138114 -8.970239 73.486873 1.546358 1.125395
Car -1 -1 1.873867 176.430466 236.161743 283.851196 321.566528 1.907065 1.591890 4.404589 -21.791890 -7.425157 67.244539 1.560477 1.260536
Car -1 -1 1.774385 428.258118 211.173111 494.364624 263.381592 1.318450 1.439900 4.241373 -18.356733 -11.291461 83.977086 1.559178 1.310506
Car -1 -1 1.762221 475.226837 189.444366 540.664062 242.225388 1.636266 1.739252 4.235310 -17.814748 -12.852995 90.376971 1.567600 0.878340
Car -1 -1 1.703748 576.575928 153.288040 625.971008 194.365723 1.723765 1.822706 4.277441 -18.275941 -19.110688 118.068412 1.550176 0.425069
Car -1 -1 1.735761 513.123230 177.713623 571.481750 224.470001 1.566274 1.683891 4.236905 -17.858758 -14.696376 98.434952 1.556286 0.631981
Car -1 -1 1.897281 139.421783 231.539719 227.320633 293.795349 1.424616 1.336238 4.241720 -25.368778 -8.917257 73.561867 1.565190 1.086668
Car -1 -1 1.822888 331.456726 208.410431 401.406769 260.071503 1.337966 1.408657 4.256824 -22.193418 -11.504681 84.918553 1.567256 0.788010
Car -1 -1 1.785649 386.968811 187.288544 450.582092 239.195084 1.673465 1.456023 4.440510 -21.476405 -12.889361 90.216186 1.551944 0.643527
Car -1 -1 1.833600 273.694214 229.518036 352.960632 282.705475 1.230522 1.407128 4.253510 -21.685350 -9.544323 75.809045 1.554988 1.290210
Car -1 -1 -1.737631 1252.846558 194.206116 1312.460938 240.444519 1.411802 1.781661 4.209049 14.248426 -13.033296 91.411478 -1.583004 0.698697
Car -1 -1 1.696477 620.401001 142.630875 659.823303 173.520630 1.384356 1.653934 4.236269 -17.904633 -22.272662 130.579828 1.560211 0.432575
Car -1 -1 1.752123 480.116058 168.419968 530.081482 202.787521 1.285307 1.558190 4.242885 -21.543070 -17.085842 108.236239 1.555653 0.611594
Car -1 -1 -1.610713 966.297852 117.710907 992.146301 140.720276 1.486759 1.849357 4.243095 3.168344 -32.672386 177.775752 -1.592893 0.347867
Car -1 -1 1.719661 549.160767 145.011246 589.162903 180.342316 1.438105 1.559079 4.234347 -21.979377 -21.746679 129.264302 1.551237 0.485312
Car -1 -1 1.773935 430.138153 181.118317 484.046753 220.190262 1.286189 1.410413 4.251725 -22.171562 -15.055019 99.637840 1.554981 0.682363
Car -1 -1 1.792869 407.238129 183.645630 466.223450 229.706299 1.481869 1.432508 4.275104 -22.228194 -14.315440 97.023989 1.567656 0.297034
