Car -1 -1 -1.401905 320.913940 787.218140 560.954956 1004.679626 0.574685 1.332817 4.252506 -4.977345 2.992380 25.432221 -1.595172 4.329583
Car -1 -1 -2.505872 1591.396484 322.410553 1795.914795 411.195740 1.419736 1.836356 4.071382 16.203336 -3.953482 63.975007 -2.257813 1.979203
Car -1 -1 1.840555 120.224236 350.341675 267.562103 471.557373 1.620846 1.373181 4.733632 -15.908727 -2.411297 55.375738 1.560802 1.121427
Car -1 -1 0.062788 833.045288 300.997345 1022.941345 371.610931 1.412569 1.845099 4.549930 -1.666996 -5.210617 71.171960 0.039370 2.068261
Car -1 -1 -1.784245 1358.421143 788.805481 1671.295898 1037.383179 0.712556 1.649046 4.390481 4.534761 3.118016 24.692963 -1.602623 3.857402
Car -1 -1 -1.521319 704.351929 694.183044 905.095337 908.132812 0.886335 1.705391 4.251466 -1.816111 2.516033 27.812727 -1.586524 3.222148
Car -1 -1 -1.672332 1092.931519 874.600281 1405.630615 1078.155640 1.148942 1.849842 4.596223 1.859590 4.066748 21.664065 -1.586705 2.808292
Car -1 -1 1.443096 670.558228 278.393372 757.002930 355.074066 1.478301 1.728830 4.239644 -7.559814 -5.952648 74.454728 1.341907 1.021525
Car -1 -1 -1.604765 1013.671814 190.816940 1065.223389 240.385483 1.612371 1.877059 4.253527 1.967314 -13.835085 117.588701 -1.588036 0.542167
Car -1 -1 -1.607526 984.536255 226.682434 1040.058838 276.199402 1.311558 1.735598 4.245973 0.711629 -10.713457 101.180487 -1.600493 0.865440
Car -1 -1 -1.572974 987.299805 135.343399 1015.643494 160.687439 1.460471 1.734945 4.254935 0.634641 -28.441991 197.292550 -1.569758 0.374045
Car -1 -1 1.606431 779.794983 173.663254 821.883728 214.433777 1.616742 1.753449 4.241420 -9.199046 -16.739259 132.858794 1.537302 0.403266
Car -1 -1 1.641436 669.782898 161.796356 717.247803 208.312164 1.969709 1.775955 4.531581 -14.986556 -17.792961 138.876049 1.533939 0.236417
Car -1 -1 -1.563850 943.971313 151.012695 977.238770 181.621964 1.596707 1.835357 4.245747 -1.926933 -22.855528 166.935192 -1.575392 0.339289
Car -1 -1 1.611460 703.677063 262.045624 774.003113 321.576965 1.286575 1.594516 4.260730 -7.765968 -7.622341 84.098827 1.519378 0.654289
Car -1 -1 1.626689 788.967468 132.610947 827.487793 178.480652 2.300862 1.929842 4.797030 -10.792529 -22.538502 162.768983 1.560480 0.109777
Car -1 -1 1.615792 724.465149 229.078461 784.199951 286.556274 1.518636 1.782948 4.258862 -8.369907 -9.956490 97.146109 1.529846 0.736660
Car -1 -1 1.745478 462.588959 180.290283 513.135803 216.628082 1.340032 1.518194 4.242455 -25.150131 -17.282117 137.855144 1.565024 0.328270
Car -1 -1 1.626253 730.624573 153.859528 767.185852 185.643997 1.451763 1.694381 4.262083 -14.049731 -21.603030 159.223485 1.538242 0.320395
Car -1 -1 -1.619093 1078.658325 128.609924 1105.850342 152.648514 1.446281 1.739482 4.241319 7.344737 -29.946346 203.829127 -1.583075 0.108388
