Car -1 -1 -1.781575 1384.759033 807.648254 1682.014526 1053.256958 0.713486 1.576970 4.215732 4.650624 3.232230 24.412835 -1.593331 3.229771
Car -1 -1 -1.660304 1055.631714 767.764526 1289.476074 1001.382751 0.729223 1.656016 4.263934 1.555815 2.978422 25.573387 -1.599541 3.700654
Car -1 -1 1.870817 109.590858 268.626343 212.530014 332.778442 1.316445 1.448474 4.242342 -24.493699 -7.132133 81.551823 1.579044 1.288800
Car -1 -1 0.485489 745.157898 290.072845 932.691589 368.124207 1.570695 1.863573 4.263990 -3.999630 -5.426071 72.641979 0.430485 1.809003
Car -1 -1 -1.529567 676.397766 885.289062 933.555847 1078.141846 0.900487 1.744609 4.239614 -1.426942 3.911546 22.397679 -1.593191 5.992750
Car -1 -1 -1.320283 1032.433716 279.874817 1123.455078 342.829956 1.244509 1.581035 4.246577 2.516811 -6.736146 80.144309 -1.288890 0.675380
Car -1 -1 -1.582627 966.417114 186.424271 1015.178528 231.115173 1.572299 1.996455 4.253996 -0.080512 -14.920725 123.627759 -1.583279 0.658333
Car -1 -1 1.670801 679.994446 268.128571 752.428284 337.760101 1.420068 1.563153 4.253922 -7.843800 -6.735482 78.788738 1.571573 0.975094
Car -1 -1 1.626697 760.600342 193.117783 807.909363 235.454468 1.377012 1.663087 4.262208 -9.012138 -14.314007 120.003320 1.551739 0.573180
Car -1 -1 1.777534 295.368652 223.375656 363.772644 270.808167 1.324532 1.441415 4.261619 -25.106734 -11.284120 104.772842 1.542339 0.879166
Car -1 -1 -1.503932 1044.492554 180.774414 1089.469116 215.754807 1.295143 1.702128 4.266572 3.716336 -17.109661 136.004969 -1.476614 0.513536
Car -1 -1 1.666128 712.045044 242.155380 777.322266 297.893433 1.314759 1.693640 4.246285 -8.235452 -9.086292 92.005680 1.576856 0.896491
Car -1 -1 1.651723 724.960754 164.946487 767.000977 200.994003 1.483443 1.738214 4.232234 -12.976858 -19.021748 145.570053 1.562813 0.387221
Car -1 -1 1.638850 772.855164 166.498932 817.036316 206.882309 1.667423 1.899203 4.261131 -10.092864 -18.267073 141.504515 1.567645 0.261660
