Car -1 -1 1.928632 134.196396 337.558167 339.943054 513.433228 1.920845 1.370462 5.662612 -13.224270 -1.647334 39.634100 1.606589 2.108893
Car -1 -1 -1.678445 1128.003418 684.052551 1327.224487 879.949951 0.713861 1.546168 4.237440 2.691514 2.394441 23.780670 -1.565744 2.270932
Car -1 -1 -1.756323 869.848083 398.207001 1008.229187 504.286987 1.064683 1.590212 4.290399 -0.610409 -1.607013 40.107707 -1.771542 1.758119
Car -1 -1 0.534139 1145.357788 303.752594 1330.929199 382.483612 1.266805 1.883345 3.994734 6.788170 -4.846739 55.027068 0.656879 2.978819
Car -1 -1 -1.694984 981.101135 330.530487 1083.155396 421.261169 1.266781 1.580510 4.236712 1.344120 -3.596749 49.237108 -1.667691 1.717772
Car -1 -1 1.739318 489.990875 275.898773 575.397644 350.225586 1.369511 1.533898 4.271281 -12.057496 -6.097298 60.363867 1.542166 1.279722
Car -1 -1 1.778625 324.273254 311.857147 434.425781 398.914490 1.189875 1.452329 4.269788 -13.638960 -4.183694 50.623783 1.515456 1.551411
Car -1 -1 -1.522963 723.595459 596.698303 984.605408 991.810608 1.741864 1.967910 4.951836 -1.017913 2.632349 20.984809 -1.571432 1.858626
Car -1 -1 1.695844 587.816101 222.130707 653.772705 273.191681 1.335170 1.759082 4.270797 -13.284639 -11.002856 83.146227 1.537409 0.900162
Car -1 -1 1.646201 661.423706 218.701950 723.939148 283.742889 1.651295 1.763568 4.302573 -10.030010 -10.148987 79.087852 1.520054 0.610976
Car -1 -1 -1.653012 1017.205872 192.852005 1063.832153 241.535126 1.737494 1.812276 4.236082 3.353152 -15.092016 103.981303 -1.620775 0.697459
Car -1 -1 0.169346 1298.551025 156.297440 1373.961670 188.232803 1.595621 1.856769 4.082619 23.210608 -23.070693 138.344507 0.335572 0.150732
