Car -1 -1 -1.374345 193.516068 620.609009 454.615356 842.812317 1.105197 1.652548 4.227313 -6.736506 2.118695 28.489861 -1.606533 3.609732
Car -1 -1 -1.226823 0.404568 826.938721 277.552002 1079.971680 1.255776 2.017322 4.332622 -6.974547 3.782202 20.458454 -1.555379 2.643506
Car -1 -1 -1.543780 817.855591 241.475906 879.644287 296.852997 1.234035 1.696390 4.253265 -4.640987 -8.360450 90.712740 -1.594897 0.986095
Car -1 -1 -1.578475 926.811584 272.898071 997.977905 342.311646 1.348939 1.624143 4.254529 -0.807434 -5.917451 76.404251 -1.589042 1.462768
Car -1 -1 -1.570411 939.522217 231.822495 993.902222 281.472778 1.255556 1.614845 4.256330 -0.845224 -9.288384 96.077420 -1.579208 0.739433
Car -1 -1 1.697765 474.972748 224.569305 550.740051 283.893311 1.498154 1.778543 4.254904 -16.224253 -9.044464 94.216338 1.527235 0.499135
Car -1 -1 -1.597754 1027.627197 184.955353 1070.835083 225.387390 1.408352 1.686045 4.256600 2.681948 -14.721640 127.933946 -1.576794 0.513451
Car -1 -1 -1.561189 895.291931 137.879120 923.575134 162.759842 1.425944 1.858785 4.246258 -5.772197 -26.789881 197.549315 -1.590400 0.319103
Car -1 -1 -1.581638 947.532043 130.514053 974.321533 158.980972 1.733997 1.836061 4.333675 -2.252380 -28.291759 206.672486 -1.592536 0.175070
Car -1 -1 -1.598219 1001.819580 156.645081 1036.014526 186.966568 1.412544 1.792595 4.257552 1.639259 -20.780800 163.086871 -1.588168 0.393099
