Car -1 -1 1.794441 250.023071 298.523956 359.848267 385.739929 1.546397 1.576637 4.246209 -17.187623 -4.861221 69.372186 1.551572 1.210761
Car -1 -1 -1.517443 658.191589 767.848083 885.260437 1004.830566 0.778557 1.732249 4.255364 -1.954598 3.029866 25.639785 -1.593528 2.230644
Car -1 -1 1.748486 385.025208 295.038147 488.746246 380.719910 1.531006 1.624898 4.380833 -14.025004 -5.038475 70.043611 1.550867 0.795320
Car -1 -1 -1.646936 999.951538 830.694275 1242.031616 1075.842163 0.626348 1.635879 4.236968 1.009635 3.312815 23.857185 -1.604642 2.921332
Car -1 -1 -1.771785 1364.550537 786.289246 1631.256714 1036.044434 0.816746 1.444695 4.231731 4.434087 3.176709 24.919436 -1.595692 2.417093
Car -1 -1 1.704173 509.367157 312.468781 605.415405 388.700989 1.257260 1.680164 4.252102 -10.747516 -4.742947 68.516005 1.548580 1.311607
Car -1 -1 -1.655058 1109.192383 371.924530 1213.837402 460.074554 1.131160 1.670359 4.252746 3.401330 -2.590545 56.429179 -1.594855 1.617754
Car -1 -1 1.764448 356.658905 263.774323 448.152710 333.876343 1.497502 1.670843 4.244616 -17.333275 -7.062273 81.210290 1.554166 1.046459
Car -1 -1 1.664804 644.026062 311.073456 724.072876 385.870483 1.267725 1.508459 4.241695 -7.663624 -4.821454 69.027303 1.554233 1.083213
Car -1 -1 -1.543114 849.478210 214.977356 900.554199 262.009247 1.352639 1.777945 4.252247 -4.458834 -11.683929 105.679063 -1.585282 0.561653
Car -1 -1 -1.538437 847.782532 251.694672 913.899170 314.080872 1.442595 1.847743 4.252229 -3.513256 -8.165025 87.267626 -1.578674 1.087518
Car -1 -1 -1.625540 1059.300537 307.708374 1147.033936 378.091766 1.163162 1.804600 4.235493 2.766550 -5.141349 70.396289 -1.586261 1.252671
Car -1 -1 1.742334 453.479431 279.832947 527.029602 343.557922 1.283167 1.253370 4.243954 -14.180680 -6.517586 78.102442 1.562726 1.106706
Car -1 -1 -1.553542 930.811279 234.587173 986.373169 287.005249 1.295490 1.761994 4.240067 -1.176307 -9.862845 96.433540 -1.565739 1.130876
Car -1 -1 -1.544055 886.594543 196.059814 934.735779 238.946960 1.476255 1.751418 4.244007 -3.526321 -14.027677 119.029008 -1.573672 0.580888
Car -1 -1 -1.629121 1071.013062 247.059479 1151.642334 336.394135 1.883958 1.911863 4.721517 3.438645 -7.068389 81.035371 -1.586712 0.470790
Car -1 -1 -1.660535 1100.813843 334.559906 1187.580444 407.529236 1.067486 1.626758 4.235351 3.513314 -4.087566 64.760259 -1.606337 1.087323
Car -1 -1 1.686636 568.521729 177.869507 622.806335 228.625092 1.869703 1.646534 4.482391 -17.913484 -15.168541 124.928777 1.544217 0.363992
Car -1 -1 1.723930 503.087097 257.229004 573.120789 314.061981 1.262814 1.474781 4.234089 -14.116934 -8.000692 85.981968 1.561197 0.899355
Car -1 -1 -1.582909 986.018127 198.154251 1033.063599 238.192429 1.314117 1.807291 4.262047 0.733600 -14.053579 118.954672 -1.576742 0.517980
Car -1 -1 -1.557719 937.695740 208.828369 986.473755 252.823853 1.235891 1.698115 4.236639 -1.174867 -12.287004 108.101948 -1.568587 0.634103
Car -1 -1 -1.603280 1020.253296 189.125458 1065.130249 226.834412 1.276615 1.741121 4.230604 2.273782 -15.396228 125.738553 -1.585198 0.421882
Car -1 -1 1.644549 682.789368 259.255249 748.281677 322.981384 1.322564 1.501556 4.248392 -8.380318 -7.662595 84.202358 1.545350 0.972751
Car -1 -1 -1.551027 883.570068 139.722839 912.097351 164.481354 1.345146 1.788731 4.244333 -6.395981 -26.701409 187.005740 -1.585216 0.450506
Car -1 -1 -1.633609 1040.041870 233.302948 1096.976074 283.590729 1.297019 1.682726 4.242773 2.665846 -9.909961 96.305186 -1.605934 0.725860
Car -1 -1 1.648146 710.103333 244.826065 770.606628 300.811523 1.359923 1.553913 4.252862 -8.237187 -8.822447 90.524468 1.557402 0.784351
Car -1 -1 1.684548 597.960144 262.191681 664.021118 317.570282 1.241804 1.457178 4.244000 -11.163691 -7.850881 85.428390 1.554606 0.953536
Car -1 -1 -1.610209 1026.086548 220.409592 1079.499146 266.168823 1.246832 1.697171 4.252746 2.268521 -11.322574 103.850774 -1.588368 0.591721
Car -1 -1 1.643300 732.581360 219.723541 791.010010 275.244934 1.478384 1.692330 4.261630 -8.338338 -10.625451 100.016980 1.560124 0.640530
Car -1 -1 -1.574327 939.772827 149.916718 974.780273 182.372528 1.526764 1.838495 4.265558 -2.149289 -22.571863 164.474719 -1.587393 0.232475
Car -1 -1 1.702199 548.488403 283.622375 633.252991 351.090179 1.318897 1.676971 4.243325 -11.161145 -6.231953 76.951593 1.558162 1.191935
Car -1 -1 -1.592527 1001.341614 168.424652 1038.346924 199.996399 1.324622 1.706308 4.241918 1.482970 -19.165719 146.785582 -1.582424 0.316280
Car -1 -1 1.671998 609.595093 237.996689 673.255249 295.269073 1.410186 1.542937 4.252968 -11.751049 -9.262208 93.081223 1.546417 0.726518
Car -1 -1 -1.571201 937.980591 179.578232 980.650513 215.275192 1.309120 1.816626 4.271298 -1.582948 -16.858921 133.073000 -1.583096 0.376585
Car -1 -1 1.642458 727.004333 153.454987 764.099304 191.261002 1.620807 1.772961 4.234372 -13.993030 -21.110600 157.185835 1.553670 0.192393
Car -1 -1 -1.620990 1090.667480 142.132843 1124.397705 171.271729 1.645431 2.008985 4.267705 7.426916 -25.025609 178.678390 -1.579448 0.076612
Car -1 -1 -1.575025 932.908997 137.134079 965.388184 167.906860 1.472202 1.836874 4.243474 -2.770029 -25.672748 181.239317 -1.590308 0.172656
