Car -1 -1 -1.627597 988.292175 576.743164 1155.897827 737.003662 0.921057 1.762280 4.260663 0.942583 1.363688 35.143828 -1.600783 2.740792
Car -1 -1 -1.685630 1129.950439 452.748962 1270.236450 564.009705 1.034666 1.715926 4.358896 3.457106 -0.626237 46.675348 -1.611698 1.555027
Car -1 -1 -1.531014 710.565369 606.355103 904.839050 814.247742 1.190164 1.856269 4.242873 -2.017020 1.943199 31.160028 -1.595655 4.146286
Car -1 -1 1.692464 523.996338 272.585388 619.539062 376.454529 2.018532 1.769873 4.314959 -10.824053 -5.254010 71.375931 1.541962 1.068226
Car -1 -1 -1.534604 783.493164 414.286255 896.116150 533.365723 1.304149 1.731903 4.241485 -2.653551 -1.125542 48.720241 -1.589016 2.116228
Car -1 -1 -1.557609 842.458069 320.651062 932.380432 411.801453 1.442436 1.855826 4.245070 -2.433569 -3.961608 64.176805 -1.595511 1.460924
Car -1 -1 -1.792098 1323.016113 275.855896 1419.124023 343.898682 1.359400 1.811489 4.258082 10.948754 -6.709924 80.144400 -1.656326 0.935851
Car -1 -1 1.781868 271.115906 305.606934 382.028229 382.454498 1.329871 1.668518 4.249441 -16.848790 -4.981852 70.092418 1.545964 1.179553
Car -1 -1 -1.618376 1062.025024 313.895477 1149.944702 399.211884 1.384271 1.830099 4.242922 2.698318 -4.405282 66.732596 -1.577963 1.416207
Car -1 -1 1.492740 661.365234 300.112213 756.730774 374.602631 1.274841 1.912046 4.257610 -7.344906 -5.279177 71.280300 1.390060 0.977841
Car -1 -1 -1.610700 1046.203613 258.685486 1114.596924 323.018463 1.440902 1.853323 4.253872 2.663124 -7.555728 83.820615 -1.578939 1.040469
Car -1 -1 -1.540902 838.966614 270.189972 904.348450 329.009460 1.258138 1.786257 4.250697 -3.542900 -7.196317 81.789333 -1.584193 1.062487
Car -1 -1 1.753181 410.108276 294.491943 497.550781 370.247467 1.358862 1.388386 4.238652 -14.108725 -5.477569 72.570338 1.561162 1.128797
Car -1 -1 1.777807 328.521545 282.396362 415.228394 348.381775 1.234646 1.400642 4.248122 -17.379589 -6.374948 77.519679 1.557258 1.204684
Car -1 -1 -1.561505 935.706909 243.633911 994.757202 297.946960 1.306257 1.805219 4.239834 -0.920845 -9.103686 92.249168 -1.571487 1.469974
Car -1 -1 -1.569624 941.037537 167.685791 980.546326 217.913605 1.889551 1.728160 4.614772 -1.520256 -16.570387 132.203040 -1.581123 0.288505
Car -1 -1 -1.543995 866.246399 196.586731 913.407715 239.267456 1.398749 1.762017 4.248725 -4.421985 -14.054251 119.184927 -1.581080 0.859944
Car -1 -1 -1.597100 1032.149170 224.811447 1087.657471 271.351135 1.272723 1.854905 4.261957 2.497436 -10.935929 101.993256 -1.572618 0.842848
Car -1 -1 1.656942 674.122864 262.732819 754.348267 329.207886 1.378615 1.812765 4.247308 -8.105487 -7.156111 80.824703 1.556992 1.358926
Car -1 -1 -1.548299 1041.711914 173.313004 1091.694458 221.886917 1.731221 1.950577 4.262931 3.435683 -15.995921 129.097120 -1.521692 0.343002
Car -1 -1 -1.557576 893.202942 141.163315 924.807617 172.610733 1.610285 1.834871 4.244155 -5.440641 -25.320121 180.475605 -1.587713 0.349941
Car -1 -1 -1.591051 992.530212 148.697678 1023.780640 175.599808 1.332665 1.790960 4.256560 1.016800 -24.521022 176.254445 -1.585282 0.368389
Car -1 -1 -1.567232 941.312805 131.595474 967.748718 155.335022 1.435729 1.850913 4.257109 -2.760115 -29.792724 204.001833 -1.580761 0.312201
Car -1 -1 1.662740 714.497253 252.443863 775.230713 308.843018 1.270592 1.510235 4.252013 -7.780222 -8.309717 87.397867 1.573953 0.897007
Car -1 -1 1.700520 561.277710 273.732910 637.932068 339.546143 1.474015 1.481142 4.234235 -11.356495 -6.767420 80.063111 1.559616 0.552408
Car -1 -1 -1.573135 983.511353 129.913681 1009.906128 153.541763 1.461286 1.792992 4.242303 0.292291 -30.491112 207.954552 -1.571729 0.204552
Car -1 -1 -1.598114 1084.205078 133.468719 1119.675171 162.368820 1.637515 2.037627 4.271625 7.692615 -27.840118 194.209866 -1.558525 0.118971
