Car -1 -1 -1.621733 1700.968140 656.314880 1919.323975 911.456970 0.773815 1.774979 4.241281 7.875435 2.524642 20.866098 -1.260836 3.954214
Car -1 -1 -1.447173 1308.088257 719.481506 1553.713867 965.907227 0.509547 1.542978 4.263188 4.192274 2.784508 19.866622 -1.239203 4.421504
Car -1 -1 -1.150332 586.198975 656.109375 913.609680 894.848694 0.850062 1.451818 4.363711 -2.256214 2.718429 23.088736 -1.247742 5.451412
Car -1 -1 -1.293317 929.648804 735.033569 1242.690308 991.089722 0.525719 1.496362 4.439838 1.124334 3.000883 20.176026 -1.237648 4.353318
Car -1 -1 0.587803 264.843201 324.465179 411.525635 382.499390 1.203910 1.826289 3.741486 -20.533499 -4.698272 70.199314 0.303239 0.607797
Car -1 -1 0.653708 126.937126 351.507446 306.359924 426.919678 1.475268 1.838123 4.207431 -22.224469 -3.142051 64.065923 0.319798 1.166892
Car -1 -1 -1.419558 1025.512939 253.978745 1145.255493 334.898926 1.597240 1.450908 4.346869 3.091917 -5.750223 64.348199 -1.371545 0.934625
Car -1 -1 0.726481 0.538915 377.641541 169.305313 457.811707 1.538102 1.847718 3.904446 -25.225339 -2.242944 61.519183 0.337349 0.634266
Car -1 -1 -2.518340 631.601807 266.935303 756.929871 316.835205 1.345922 1.885377 3.812388 -10.530043 -7.549010 80.223793 -2.648852 0.809276
Car -1 -1 -1.794207 892.073608 289.308380 991.520508 365.888062 1.301330 1.600781 4.258862 -1.180783 -4.714414 61.319510 -1.813461 1.053055
Car -1 -1 -1.724685 942.954895 320.077698 1034.252197 395.278015 1.137900 1.460209 4.253334 0.115047 -3.536867 54.761282 -1.722585 1.349937
Car -1 -1 -1.734453 853.093079 268.676117 948.795776 333.594116 1.359121 1.444721 4.188383 -2.657964 -6.192138 69.648252 -1.772597 0.329395
Car -1 -1 0.662657 107.147133 334.889496 249.305771 394.954132 1.217300 1.817041 3.523919 -26.667996 -4.621601 72.620756 0.310722 0.430694
Car -1 -1 -0.979367 27.382544 895.042175 672.559021 1078.685913 1.061327 2.520473 4.202579 -4.577827 4.511211 17.110132 -1.240794 3.813096
Car -1 -1 0.653838 199.589645 342.359009 342.751953 400.997864 1.128418 1.796843 3.415549 -22.286501 -4.144233 68.686765 0.340090 0.250064
Car -1 -1 2.989320 748.114868 224.960709 864.827271 268.653839 1.213866 1.878217 4.438691 -7.855404 -11.462184 99.125645 2.910238 0.579604
Car -1 -1 1.672256 1427.637329 155.962418 1479.530518 201.310760 1.342655 1.690318 4.252202 21.289920 -14.247756 98.681825 1.884743 0.623788
Car -1 -1 -2.232823 901.894470 253.504379 1003.119141 306.166656 1.328439 1.615317 3.872112 -1.028916 -7.447701 75.132663 -2.246516 0.373716
Car -1 -1 -1.636319 1854.583008 121.598831 1900.563843 156.683670 1.186263 1.816506 4.258249 44.127190 -17.552458 107.924289 -1.248188 0.505620
Car -1 -1 -2.613443 265.069977 293.710144 383.856537 335.957062 1.169027 1.875276 3.964147 -26.333371 -7.555821 87.856962 -2.904652 0.658376
Car -1 -1 1.860250 1127.904663 206.103439 1239.160034 306.340942 2.152397 1.542360 5.463735 6.511985 -7.114990 68.875622 1.954516 0.514595
Car -1 -1 -2.518587 69.173523 278.293549 169.360184 316.150970 1.234787 1.878328 3.684513 -42.443090 -10.144723 107.810982 -2.893633 0.197918
Car -1 -1 2.112169 1083.729248 181.986801 1153.132935 226.675293 1.537345 1.639723 4.214132 6.744573 -14.249521 107.261011 2.174966 0.184262
Car -1 -1 1.671365 1438.148560 144.898605 1486.960083 190.621933 1.487168 1.754948 4.252970 22.341519 -15.080298 102.355743 1.886267 0.292081
Car -1 -1 0.706861 0.432418 363.592529 105.572449 417.624664 1.261904 1.818526 3.590314 -32.010135 -3.796566 74.117331 0.299173 0.092274
