Car -1 -1 -0.136355 10.094848 389.836853 248.157806 501.230286 1.408897 1.831946 3.843518 -16.353110 -1.698648 52.439730 -0.438644 3.387646
Car -1 -1 -1.525336 692.454346 728.877136 905.838318 971.370789 0.971539 1.742283 4.235362 -1.779476 2.886337 26.467568 -1.592467 3.490757
Car -1 -1 -1.401657 321.098328 787.748413 559.006592 1004.939575 0.569361 1.313472 4.254624 -4.970323 2.989627 25.394490 -1.594938 4.217800
Car -1 -1 1.744924 394.791168 293.614166 491.934082 374.823669 1.469422 1.609333 4.239847 -14.192986 -5.271192 71.569861 1.549154 1.099353
Car -1 -1 -2.997154 243.349579 390.723480 554.716797 516.540771 1.709412 1.972630 5.053517 -10.692751 -1.299153 50.083688 3.075692 3.329682
Car -1 -1 -1.779659 1360.979004 789.257629 1668.407715 1037.770264 0.713846 1.655300 4.395742 4.539263 3.121805 24.729562 -1.598123 3.791563
Car -1 -1 -1.081562 840.502747 336.182434 985.453125 415.774963 1.174399 1.552627 3.914984 -1.774955 -3.802526 62.994393 -1.109731 0.534763
Car -1 -1 1.791961 255.077026 313.512360 359.647461 386.975494 1.262409 1.496407 4.249900 -17.160338 -4.812471 69.384726 1.549504 1.384793
Car -1 -1 1.018576 699.021545 295.537231 833.825134 368.331787 1.312077 1.689714 3.898325 -5.931171 -5.466020 72.249654 0.936667 0.324041
Car -1 -1 -1.671921 1090.883057 872.453003 1407.399780 1079.049683 1.164083 1.843902 4.607997 1.851365 4.069277 21.650126 -1.586615 2.765825
Car -1 -1 -0.385764 470.871490 359.352173 696.973328 458.962280 1.404027 1.812911 4.005484 -8.333730 -2.559957 56.177274 -0.533037 2.088840
Car -1 -1 1.637006 638.052246 321.358002 722.621338 403.761688 1.293239 1.439210 4.240106 -7.257315 -4.128523 64.283554 1.524587 1.144344
Car -1 -1 -1.629165 1051.633057 302.326538 1131.380615 372.719513 1.217157 1.701723 4.257319 2.549278 -5.357457 72.023596 -1.593785 1.253282
Car -1 -1 1.711986 522.170654 297.011688 619.406067 375.604706 1.338783 1.747239 4.262203 -10.762395 -5.206150 70.664073 1.560844 0.886805
Car -1 -1 -1.530043 995.256287 275.448090 1062.687378 340.665497 1.267040 1.685017 4.253040 1.108233 -6.813353 80.162315 -1.516219 1.068383
Car -1 -1 1.826433 229.962311 234.144653 310.898956 297.202881 1.574164 1.496031 4.243669 -24.412673 -9.261922 93.606378 1.571314 0.897904
Car -1 -1 1.722684 455.318054 272.358215 536.640076 340.108887 1.374928 1.508077 4.247908 -14.272635 -6.760447 79.573957 1.545208 1.050824
Car -1 -1 1.690074 581.495728 203.910507 644.514648 259.415436 1.667873 1.783335 4.278689 -14.723831 -11.971354 107.470718 1.553918 0.521623
Car -1 -1 1.779961 341.283447 278.604523 425.644928 341.650818 1.262352 1.341948 4.247519 -17.524914 -6.719533 79.711064 1.563548 1.232209
Car -1 -1 -1.625608 1027.528320 231.491470 1088.975952 283.811371 1.350536 1.849188 4.235238 2.310610 -10.161577 98.459142 -1.602144 0.886251
Car -1 -1 -1.569506 977.319702 183.580368 1019.409363 220.943893 1.347718 1.736821 4.248003 0.276769 -16.072808 129.768449 -1.567373 0.645184
Car -1 -1 1.690625 653.206360 264.430634 733.080872 331.218231 1.372188 1.729753 4.235169 -8.643242 -7.015902 80.116715 1.583158 0.887237
Car -1 -1 1.676072 644.395996 224.416840 705.120972 274.011169 1.331139 1.643860 4.245656 -11.517002 -10.684478 100.351764 1.561806 0.732811
Car -1 -1 1.690874 571.266479 278.493408 644.910156 342.574707 1.283712 1.519866 4.246346 -10.987694 -6.639719 79.036388 1.552738 1.038614
Car -1 -1 -1.569981 978.817627 134.537308 1006.665894 159.097260 1.437958 1.804911 4.245811 -0.004384 -29.032320 200.711686 -1.570002 0.341751
Car -1 -1 1.752255 453.140686 232.499115 520.805359 284.273926 1.323640 1.410117 4.250230 -17.716953 -9.991838 96.967430 1.571538 0.675153
Car -1 -1 1.748267 501.055817 249.484467 574.955872 310.558868 1.400555 1.528215 4.253419 -14.466408 -8.338516 88.248567 1.585784 0.895720
Car -1 -1 1.747925 401.032104 192.466843 458.811859 232.910507 1.326698 1.624403 4.245922 -24.990289 -14.781660 122.912816 1.547342 0.430068
Car -1 -1 1.666848 701.992920 242.381927 769.572083 302.596954 1.412962 1.654766 4.264035 -8.182328 -8.576151 88.061384 1.574198 0.774708
Car -1 -1 -1.662626 1228.695068 221.081497 1294.802124 270.240051 1.337369 1.891981 4.262928 10.120324 -11.177931 103.670896 -1.565315 0.611414
Car -1 -1 1.658472 699.302856 137.391922 730.965271 164.817337 1.566877 1.722934 4.266334 -19.248308 -27.378167 192.079508 1.558595 0.139957
Car -1 -1 1.640801 723.696228 218.568390 783.494385 273.328857 1.533749 1.704186 4.252307 -8.604740 -10.643002 99.964306 1.554934 0.496550
Car -1 -1 1.644599 690.575195 166.912811 731.447693 198.681442 1.430449 1.714498 4.248190 -15.107818 -19.461430 148.418523 1.543156 0.348011
Car -1 -1 1.618333 752.929077 145.052963 791.066223 179.745728 1.662139 1.834417 4.268207 -12.984510 -22.548962 163.385955 1.539028 0.153227
Car -1 -1 1.642343 749.704590 193.710739 803.611206 245.146652 1.640763 1.805373 4.271731 -8.815078 -13.140612 113.349577 1.564731 0.339870
Car -1 -1 1.647668 781.279053 187.319321 824.551880 227.133514 1.324171 1.482739 4.228070 -8.307302 -14.858515 121.816530 1.579578 0.363448
