Car -1 -1 1.932633 0.827547 548.243164 187.316238 768.596008 1.270035 1.635760 4.272102 -10.861315 1.474400 25.969604 1.536509 4.171836
Car -1 -1 0.634326 943.003174 322.926117 1131.750122 415.488464 1.399433 1.865333 3.636504 1.553976 -3.739441 50.234763 0.665251 2.429667
Car -1 -1 2.800151 1615.191162 263.095093 1787.501221 318.059021 1.363993 1.851832 4.484995 23.614078 -7.921797 70.607032 3.122901 2.276603
Car -1 -1 1.091779 751.728333 276.036530 874.953369 343.985474 1.208655 1.550470 4.372572 -4.469166 -6.423039 61.755192 1.019536 0.435065
Car -1 -1 -1.562086 867.017334 189.744553 919.378723 258.432922 2.143936 1.925856 4.853449 -3.328766 -13.193451 94.937783 -1.597134 0.325278
Car -1 -1 -1.585141 933.379089 180.983154 971.034180 213.860031 1.306948 1.689552 4.260709 -0.978969 -18.862741 120.594132 -1.593259 0.607576
Car -1 -1 2.682918 1835.124023 265.155396 1918.068604 338.680176 1.548908 1.907460 3.916392 28.421346 -6.799910 64.890392 3.095740 0.398163
Car -1 -1 -1.556889 881.487671 138.096146 904.581604 163.175873 1.764365 1.651543 4.517359 -6.312283 -31.774690 179.240151 -1.592091 0.140574
Car -1 -1 -1.557219 873.677979 155.177246 903.773926 183.913742 1.463478 1.819434 4.271636 -5.539853 -25.083356 148.694491 -1.594459 0.332852
Car -1 -1 0.177343 1295.545898 156.978912 1366.036133 188.398514 1.561960 1.860446 3.848283 23.090051 -23.199422 139.118979 0.341818 0.153179
