Car -1 -1 -2.209888 246.731995 324.998779 429.572296 405.074738 1.174291 1.787005 4.025276 -15.280603 -3.839392 52.417243 -2.493546 1.044909
Car -1 -1 1.793849 528.684265 207.654144 612.937073 290.568756 2.252004 1.690676 5.276013 -14.767803 -9.785058 81.045232 1.613610 0.496484
Car -1 -1 -2.725277 1413.295044 275.120911 1604.125488 349.903870 1.517166 1.944079 4.787549 15.978791 -6.136538 64.342225 -2.481860 1.870839
Car -1 -1 -1.610834 1130.570679 412.178894 1260.988159 571.338806 1.564830 1.847299 4.611142 3.910147 -0.423579 38.015288 -1.508337 1.631542
Car -1 -1 -1.534415 933.531006 388.523499 1050.952393 537.566650 1.665034 1.913404 4.311778 0.488499 -0.895966 39.989933 -1.522200 2.524083
Car -1 -1 -1.549622 968.361816 306.492065 1052.062622 397.201447 1.513851 1.832720 4.377385 1.084745 -4.186985 54.694092 -1.529792 1.339524
Car -1 -1 -1.690162 1199.882690 262.882416 1264.980835 322.361908 1.348331 1.518970 4.252998 8.795013 -7.689659 72.212358 -1.568965 1.361938
Car -1 -1 -1.485059 793.605164 780.587708 1087.039795 1075.443970 1.471771 1.927604 4.288105 -0.074825 3.996081 19.695341 -1.488858 3.868354
Car -1 -1 1.858571 434.973724 231.217545 514.411499 290.962280 1.536949 1.499076 4.253520 -18.020463 -9.492907 79.311020 1.635152 1.089021
Car -1 -1 -1.611360 1088.033813 229.302063 1173.786133 342.530853 2.457886 2.053866 5.394061 4.843056 -6.550671 65.471522 -1.537522 0.348162
Car -1 -1 -1.545292 1056.630493 202.142990 1104.255615 246.040466 1.510990 1.956127 4.258616 5.177950 -13.713872 99.759343 -1.493434 0.577429
Car -1 -1 1.714030 783.594604 187.248657 831.905151 223.829910 1.386360 1.696085 4.246241 -8.207728 -16.323285 111.161887 1.640328 0.530827
Car -1 -1 1.652727 878.716125 142.666748 907.604187 167.348206 1.619429 1.809096 4.334073 -6.155579 -30.300913 177.759707 1.618112 0.232676
