Car -1 -1 -1.542564 837.854858 555.183533 1011.536377 737.412598 0.947090 1.826609 4.254242 -0.516498 1.237590 27.054070 -1.561653 3.719302
Car -1 -1 1.819079 204.648514 384.540222 357.481445 496.955811 1.120063 1.394094 4.302075 -12.741760 -1.800997 40.544128 1.514584 3.051777
Car -1 -1 1.700698 558.426270 224.864578 633.090454 284.999603 1.522960 1.879758 4.294380 -13.284809 -9.908652 77.686878 1.531332 0.766326
Car -1 -1 1.567456 663.235474 252.163498 727.967285 313.980316 1.322121 1.682205 4.256451 -8.585255 -7.918943 68.342491 1.442489 1.147454
Car -1 -1 1.794863 410.290192 294.361511 508.834198 370.180389 1.183474 1.389207 4.253228 -13.046001 -5.242324 55.921766 1.565672 1.225202
Car -1 -1 1.668925 598.677368 195.232285 646.626526 232.451477 1.279695 1.736931 4.266400 -16.608235 -15.501485 104.328008 1.511057 0.655812
Car -1 -1 -1.618197 971.075256 290.323273 1043.619019 363.021332 1.078891 1.515347 4.245349 0.943838 -5.735480 58.893693 -1.602172 1.235730
Car -1 -1 1.638011 707.297913 166.312912 745.240479 200.862900 1.473992 1.723186 4.255747 -14.402536 -20.916860 129.126435 1.526932 0.577765
Car -1 -1 1.617806 669.171265 232.134567 726.662720 287.040894 1.456050 1.705293 4.281864 -9.741936 -9.874098 78.480323 1.494306 0.752288
Car -1 -1 0.171071 1296.702881 156.893356 1366.530640 188.282455 1.548172 1.861816 3.897540 23.152741 -23.216072 139.145062 0.335953 0.157627
