Car -1 -1 1.793260 229.953094 420.404572 412.727722 582.401733 1.531398 1.535609 4.756805 -10.570776 -0.440590 43.917716 1.557058 1.913765
Car -1 -1 0.097232 793.705078 294.931732 978.484070 364.964935 1.456650 1.859354 4.339184 -2.734423 -5.410805 72.110348 0.059330 1.811621
Car -1 -1 -1.791478 1315.281250 273.165985 1419.221191 344.792816 1.459739 1.852611 4.287089 10.889436 -6.715469 80.433882 -1.656912 0.928333
Car -1 -1 1.673669 650.954041 313.285217 737.639526 390.538971 1.264093 1.595565 4.239742 -7.332342 -4.682952 68.167789 1.566518 1.243476
Car -1 -1 -1.606147 1041.440918 241.140610 1096.151733 292.373932 1.251282 1.681733 4.250289 2.627698 -9.596975 95.540123 -1.578650 1.085450
Car -1 -1 -1.584466 948.630188 218.646347 1007.403809 283.927704 1.744958 1.729341 4.647108 -0.538325 -9.996518 96.823961 -1.590026 0.372778
Car -1 -1 1.718255 530.480164 231.023163 601.714417 284.822601 1.366296 1.753130 4.264594 -14.765210 -9.879682 95.960532 1.565585 0.900016
Car -1 -1 -1.578997 1010.513977 185.589554 1053.266235 222.453720 1.297339 1.823162 4.246439 1.875789 -15.932003 129.009433 -1.564458 0.556152
Car -1 -1 -1.574781 938.681274 192.938812 982.974792 232.186066 1.358819 1.846275 4.270576 -1.376583 -14.686836 122.367017 -1.586030 0.675528
Car -1 -1 -1.551658 884.317322 132.415375 912.780090 158.171295 1.522848 1.816780 4.253080 -6.631047 -28.206881 194.926892 -1.585663 0.340406
Car -1 -1 -1.609816 1039.557129 218.324249 1091.807617 259.415100 1.137074 1.731067 4.239910 2.833783 -11.917129 107.008561 -1.583341 0.656635
Car -1 -1 -1.589530 1000.201233 165.525848 1037.824097 198.748184 1.504273 1.804651 4.234074 1.415890 -19.124429 146.400951 -1.579859 0.363641
Car -1 -1 -1.566460 937.967834 167.355042 976.816345 204.641373 1.513717 1.727542 4.340605 -1.785124 -18.263015 140.842790 -1.579134 0.276624
Car -1 -1 -1.565253 931.757141 136.994644 960.400024 162.384232 1.404086 1.761431 4.233685 -3.286091 -27.584396 192.175292 -1.582351 0.236281
Car -1 -1 1.655702 739.140015 155.815186 777.143372 189.002594 1.420134 1.650606 4.256372 -13.254512 -21.034166 156.227898 1.571064 0.276618
Car -1 -1 -1.578256 985.144043 140.520828 1014.986877 166.867477 1.414229 1.840606 4.251583 0.530104 -26.791569 188.363213 -1.575442 0.260264
Car -1 -1 -1.503096 599.906006 952.409607 905.952209 1080.000000 0.423713 1.903147 4.446614 -1.753834 3.961447 21.655075 -1.583909 2.105101
Car -1 -1 1.646388 737.850525 218.835617 792.567078 271.390900 1.419069 1.563687 4.243181 -8.207343 -10.672734 99.589607 1.564162 0.682703
Car -1 -1 1.684513 632.550537 165.418747 672.559875 195.676376 1.268263 1.624605 4.256211 -18.762252 -20.198654 152.554598 1.562140 0.303993
Car -1 -1 -1.656014 1126.072632 157.482452 1169.624878 193.939789 1.670202 1.962644 4.231297 8.702325 -20.702917 155.557146 -1.600129 0.115033
