Car -1 -1 0.049244 2.121493 392.853363 253.374130 503.952698 1.474903 1.862311 4.332001 -17.277538 -1.877608 45.014464 -0.317238 3.830998
Car -1 -1 -1.522521 714.133789 619.724731 906.910522 816.963257 0.890578 1.885873 4.258541 -1.780040 1.872668 26.231535 -1.590276 2.921201
Car -1 -1 1.834869 254.058151 301.113953 354.396301 365.050598 1.262170 1.593908 4.269032 -20.244027 -6.573638 67.264464 1.542531 1.207736
Car -1 -1 -1.676486 1056.935791 689.050232 1298.534668 942.101990 0.860865 1.823070 4.348294 2.020378 2.528586 22.280264 -1.586053 2.490855
Car -1 -1 -0.380430 497.115723 361.822693 697.904175 457.183472 1.347360 1.825794 3.745832 -8.351581 -3.027976 49.625459 -0.547160 3.129057
Car -1 -1 -1.859359 1395.782104 712.457764 1703.749023 945.427429 0.571390 1.598787 4.622627 5.698717 2.476022 22.016761 -1.606082 2.827496
Car -1 -1 1.765441 473.394714 291.819305 559.549561 356.346100 1.271691 1.544530 4.239016 -13.617363 -6.750464 66.555177 1.563624 1.199657
Car -1 -1 1.910958 107.749031 306.489044 219.636261 372.263519 1.231435 1.494954 4.348770 -24.636656 -6.432492 67.504351 1.561015 0.915182
Car -1 -1 -1.483588 592.092529 851.318359 885.582764 1080.000000 1.160455 1.771630 4.242938 -1.642264 3.855239 17.385027 -1.577773 3.481288
Car -1 -1 1.767997 412.256470 278.378662 489.371094 338.721039 1.276679 1.524121 4.235475 -17.172496 -7.972254 73.274837 1.537794 1.019675
Car -1 -1 1.823375 296.557068 256.629120 367.446808 302.341461 1.232792 1.507914 4.247260 -25.200940 -10.693685 87.115330 1.541779 0.889922
Car -1 -1 1.720692 556.541443 218.638580 611.545471 265.000092 1.511426 1.630092 4.251620 -17.190890 -13.657292 98.601247 1.548080 0.642698
Car -1 -1 1.752946 467.992706 253.595306 539.862915 309.808807 1.374983 1.572785 4.293216 -17.108564 -9.801608 81.228973 1.545359 0.833590
Car -1 -1 1.818553 334.460999 260.037354 420.085327 323.106567 1.495921 1.644973 4.325958 -20.875691 -8.959095 77.784561 1.556353 1.036487
Car -1 -1 1.844439 201.477875 280.439789 286.104980 338.961700 1.297327 1.396068 4.244037 -25.042255 -8.236341 76.040848 1.526299 1.156990
Car -1 -1 1.987814 1735.973633 205.333679 1832.256958 258.206085 1.432339 1.740063 4.230042 32.177509 -12.194247 85.912759 2.346179 0.452033
Car -1 -1 1.909225 57.103115 271.132050 151.887833 327.052368 1.284627 1.472151 4.274028 -30.816208 -8.895548 78.529800 1.535276 0.893085
Car -1 -1 1.158585 1813.108276 165.970154 1895.563721 213.557449 1.679381 1.715151 4.447657 42.442426 -16.798652 104.841130 1.543245 0.391560
Car -1 -1 1.736973 507.214447 235.030960 571.149658 290.166718 1.499406 1.447623 4.244955 -16.578040 -10.915676 85.316015 1.545051 0.560046
Car -1 -1 -1.932630 1754.698120 172.236450 1823.062256 210.281708 1.352039 1.507039 4.216745 39.361013 -16.877327 104.745477 -1.573178 0.486959
Car -1 -1 1.778056 414.272980 220.101425 468.051605 261.001251 1.249313 1.393290 4.224564 -24.786720 -14.451569 103.298742 1.542556 0.511378
Car -1 -1 1.784505 416.636932 242.937698 481.142059 292.643860 1.326939 1.582860 4.242772 -20.204231 -10.911575 85.872249 1.553425 0.931092
Car -1 -1 1.816098 358.292755 236.272339 425.092438 280.167999 1.277105 1.526151 4.262446 -24.528615 -12.353178 93.533591 1.559630 0.769355
Car -1 -1 1.795612 481.859680 198.809219 530.055237 234.935516 1.477873 1.471644 4.246228 -24.948116 -17.866388 118.497384 1.588106 0.442261
Car -1 -1 1.877366 167.393036 225.492828 241.811661 274.773132 1.607635 1.548544 4.429908 -33.175994 -12.757628 95.547807 1.543171 0.552965
Car -1 -1 1.152799 1878.873169 170.009064 1919.209351 211.188126 1.474030 1.195145 4.249287 44.922781 -16.699319 103.956525 1.560694 0.376308
Car -1 -1 1.759691 557.318115 196.561432 601.278931 230.645813 1.301109 1.475572 4.241828 -20.738711 -18.006204 117.839904 1.585485 0.408869
Car -1 -1 1.765558 506.740570 216.549423 558.141052 255.503769 1.211123 1.497117 4.242003 -20.601422 -14.853522 104.245540 1.570448 0.459289
Car -1 -1 2.790640 1721.206299 163.697861 1812.143433 202.578491 1.526963 1.848944 3.672430 41.237602 -18.466880 112.603713 -3.141495 0.147441
Car -1 -1 1.717912 587.398438 198.276093 642.316711 248.929092 1.806784 1.602773 4.398801 -16.967378 -15.368377 105.925312 1.559079 0.380481
Car -1 -1 -2.742499 0.136598 204.480301 64.479019 242.640656 1.436031 1.835686 3.948747 -48.038049 -16.251986 110.677165 3.131186 0.151868
Car -1 -1 -1.793802 1119.227661 129.652756 1153.761475 151.966705 1.623443 1.854965 4.237096 14.901964 -35.511756 192.044302 -1.716361 0.174586
Car -1 -1 1.881561 143.156967 257.370728 226.492142 300.323029 1.231688 1.449484 4.247965 -30.840770 -10.645864 86.879666 1.540455 0.523690
Car -1 -1 1.708915 620.106934 172.123230 658.729187 201.666428 1.450891 1.717353 4.231718 -21.893841 -24.267664 147.559465 1.561617 0.324370
Car -1 -1 2.863879 1587.371704 146.377579 1668.615845 180.187119 1.549684 1.803121 3.811459 39.478951 -22.616136 130.452650 -3.125438 0.095315
Car -1 -1 1.850136 206.669647 241.574615 274.978088 281.269348 1.157780 1.236876 4.258418 -31.310672 -12.449488 94.851151 1.531295 0.371131
Car -1 -1 1.720037 604.101501 181.454712 646.173645 212.386948 1.353701 1.674654 4.217291 -21.331622 -21.940135 136.912655 1.565475 0.172662
Car -1 -1 1.948506 1.729435 282.970642 40.885490 340.302368 1.290728 1.374973 3.897467 -32.305412 -7.812591 72.968722 1.531714 0.102597
