Car -1 -1 1.750814 393.008820 295.380524 497.309845 380.569885 1.554730 1.683141 4.248956 -13.890233 -5.048828 70.411209 1.556042 1.199458
Car -1 -1 -1.488596 616.609863 820.698364 877.511902 1079.079346 1.062208 1.735621 4.240172 -1.968587 3.647973 23.510752 -1.572132 2.846606
Car -1 -1 -1.644652 1014.368103 835.721741 1283.798584 1078.893799 1.217699 1.770862 4.262104 1.187829 3.870009 23.023947 -1.593106 2.985620
Car -1 -1 1.789648 271.223694 304.730499 377.161865 380.019836 1.321054 1.583950 4.232167 -17.092696 -5.090458 70.859620 1.552951 1.258358
Car -1 -1 1.713021 520.036011 310.548981 604.579224 383.265076 1.222300 1.485175 4.234249 -10.792772 -4.936343 69.636978 1.559258 1.080964
Car -1 -1 -1.417883 981.066040 302.932251 1068.161377 370.600464 1.211403 1.679032 4.255621 0.880614 -5.440352 72.775435 -1.405783 0.982077
Car -1 -1 -1.572344 942.812134 251.535568 1007.202148 315.411255 1.436267 1.809431 4.243788 -0.547648 -8.006971 86.206303 -1.578697 1.230036
Car -1 -1 -1.606847 1014.749390 218.114517 1066.807007 264.143616 1.263098 1.761269 4.248257 1.863229 -11.782499 107.128752 -1.589457 0.802802
Car -1 -1 1.471568 656.208801 286.233765 730.812500 354.136078 1.290471 1.483188 4.243192 -8.176012 -6.053830 75.362530 1.363502 0.916303
Car -1 -1 1.640772 734.516479 198.113953 789.322510 248.652695 1.636128 1.793460 4.262366 -9.244104 -12.718847 110.916468 1.557621 0.654681
Car -1 -1 -1.599992 1012.073242 169.153442 1042.203491 204.138763 1.398966 1.418650 4.252597 1.792644 -18.729537 144.419584 -1.587580 0.288185
Car -1 -1 -1.571336 941.020996 140.625565 978.697083 191.844086 2.229364 1.904633 4.660147 -1.786006 -20.386046 152.464925 -1.583050 0.114273
Car -1 -1 -1.641966 1135.556641 158.540771 1182.216797 195.123047 1.577892 2.047264 4.246976 9.167781 -20.069994 150.891386 -1.581283 0.209454
