Car -1 -1 2.804807 1587.063721 276.950470 1771.020142 337.305115 1.353570 1.852998 4.227410 20.655047 -6.612872 63.647679 3.118606 2.469127
Car -1 -1 -1.412817 530.824158 564.083008 755.768982 764.441956 0.971519 1.800396 4.329541 -3.744636 1.383068 25.797656 -1.556964 3.488060
Car -1 -1 3.118482 816.973877 269.679626 973.096741 332.744385 1.434916 1.853462 4.238804 -2.215746 -6.760616 63.821097 3.083778 2.503250
Car -1 -1 2.973760 1214.152466 258.343048 1375.744263 325.730927 1.562728 1.865716 4.326758 9.915062 -7.319772 66.798417 3.121117 2.694912
Car -1 -1 1.683599 680.327026 218.543686 735.980286 265.133759 1.293636 1.627139 4.265618 -10.588131 -11.993226 88.369998 1.564351 0.880944
Car -1 -1 1.733162 539.284607 214.846390 603.892639 258.930298 1.285991 1.772923 4.262834 -16.685541 -12.617656 91.538923 1.552863 0.831188
Car -1 -1 1.662466 704.924683 200.130875 751.723755 243.611145 1.468122 1.658838 4.260303 -11.015351 -14.317364 99.326889 1.552017 0.657906
Car -1 -1 1.632291 731.326477 183.739395 776.619690 227.131241 1.606947 1.725008 4.254341 -10.675593 -16.305760 107.980706 1.533745 0.533076
Car -1 -1 0.158824 1297.260132 156.448227 1373.699463 188.338257 1.611624 1.853625 4.068614 23.387273 -23.268025 139.573290 0.324845 0.141125
Car -1 -1 1.701287 664.240479 152.221558 703.715637 181.643082 1.631274 1.928958 4.270775 -19.649356 -25.404171 149.906357 1.570953 0.228819
