Car -1 -1 -1.905674 1588.884277 480.319092 1818.059448 645.633850 1.276530 1.617871 4.522668 11.593315 0.467373 33.540554 -1.572879 3.094781
Car -1 -1 1.827262 272.115784 264.662445 374.828156 334.641724 1.284439 1.517018 4.257497 -17.828192 -6.680900 63.395359 1.553120 1.238361
Car -1 -1 1.925439 59.330902 255.722626 163.425888 321.916412 1.324560 1.316474 4.246458 -25.079257 -7.307032 66.318876 1.563899 0.898750
Car -1 -1 -1.874656 1211.860107 321.889862 1341.847046 397.767822 1.099296 1.568578 4.405638 8.330861 -4.353028 54.508501 -1.722994 1.007979
Car -1 -1 1.878922 196.152527 250.196701 291.772156 313.177521 1.299786 1.496428 4.261741 -21.708737 -7.771078 68.361394 1.571435 1.099281
Car -1 -1 1.973288 0.000000 322.078247 86.115967 417.919525 1.299715 1.506242 4.437282 -20.830778 -3.526686 48.878637 1.570424 1.590849
Car -1 -1 -1.590096 935.588745 267.415527 1004.408936 330.413025 1.229648 1.771477 4.223325 0.855534 -6.976293 65.551584 -1.577046 1.382291
Car -1 -1 -1.540091 827.910889 229.134308 890.118164 298.940887 1.731295 1.705699 4.244826 -2.683847 -8.611913 72.539933 -1.577072 1.393325
Car -1 -1 1.838832 285.534302 213.531677 370.139252 272.790710 1.445203 1.579761 4.259839 -21.721990 -10.102105 77.635475 1.566014 0.680932
Car -1 -1 -1.622160 966.495361 121.564789 992.448669 144.439880 1.433030 1.795936 4.246774 3.050921 -31.513561 172.721913 -1.604498 0.287932
Car -1 -1 1.994493 0.000000 399.188141 75.956467 522.850769 1.315317 1.395360 4.351142 -17.336090 -1.186000 39.652600 1.582335 1.738021
