Car -1 -1 1.188107 730.757996 346.423492 873.051575 434.838348 1.215441 1.441386 4.353900 -4.151915 -3.268793 59.776373 1.118760 0.855712
Car -1 -1 -1.634690 1020.686707 807.993835 1257.366943 1049.592529 0.658536 1.723371 4.296103 1.210754 3.206528 24.555803 -1.585423 3.284556
Car -1 -1 1.789728 264.937103 375.172699 396.393250 478.037750 1.251750 1.477911 4.273449 -12.861446 -2.205216 53.934739 1.555637 1.609445
Car -1 -1 1.781054 299.763794 446.561218 450.286835 571.209778 1.156740 1.434058 4.374246 -9.881110 -0.479714 44.853778 1.564221 2.827605
Car -1 -1 -1.504508 663.261536 777.219604 886.565247 1012.974731 0.730517 1.646466 4.241967 -1.882868 3.026979 25.119892 -1.579323 2.423139
Car -1 -1 -1.769742 1365.367065 796.557678 1660.071289 1036.375488 0.639024 1.591484 4.380633 4.531932 3.115853 24.788296 -1.588914 2.587181
Car -1 -1 1.719501 528.517822 301.584137 616.431152 379.814240 1.342857 1.495926 4.236495 -10.695905 -5.112913 70.694231 1.569341 1.329215
Car -1 -1 1.730855 421.943481 295.666046 517.754822 370.450378 1.311248 1.596385 4.252140 -13.638991 -5.446612 72.314004 1.544437 1.135822
Car -1 -1 -1.369919 177.223114 837.660828 520.263550 1078.760010 1.069245 1.832196 4.262271 -5.243643 3.749328 23.198610 -1.592216 3.290252
Car -1 -1 1.667702 654.370850 292.005371 732.982910 364.722229 1.320563 1.590550 4.244009 -7.919370 -5.654668 73.446810 1.560292 1.082598
Car -1 -1 1.757555 358.907471 266.231262 447.803192 330.753540 1.362544 1.652978 4.248093 -17.349592 -7.150523 81.486934 1.547775 1.142182
Car -1 -1 1.748494 422.042633 246.068146 497.948273 304.197754 1.328645 1.607504 4.259552 -17.363908 -8.749445 90.286147 1.558493 0.959215
Car -1 -1 1.671960 692.282349 250.054611 768.438232 321.663269 1.580502 1.759378 4.273922 -7.870864 -7.607960 83.473697 1.577947 0.778100
Car -1 -1 1.735443 473.905914 213.284775 541.520630 269.177704 1.561290 1.739548 4.244167 -18.003710 -11.129906 102.855562 1.562160 0.631273
Car -1 -1 1.691529 582.770813 270.420380 657.852661 334.591797 1.303691 1.584648 4.252329 -10.708070 -6.900123 79.659827 1.557908 1.028799
Car -1 -1 1.696934 601.535095 222.072586 672.437561 301.204498 2.029510 1.628623 4.599746 -11.578342 -8.868113 90.541352 1.569745 0.332964
Car -1 -1 1.681474 545.578369 234.904800 613.600342 293.082825 1.405780 1.579989 4.252267 -13.938360 -9.373599 93.358455 1.533269 0.543449
Car -1 -1 1.707901 524.389343 201.392654 580.585205 246.494095 1.403065 1.577668 4.244978 -18.384263 -13.400590 115.748607 1.550388 0.592715
Car -1 -1 -1.614927 1082.716187 135.029022 1113.676514 161.587265 1.502734 1.941422 4.244362 7.506135 -28.334393 196.799748 -1.576805 0.277791
Car -1 -1 1.683857 653.363403 222.127701 708.691345 271.108917 1.278515 1.399680 4.251847 -11.464484 -10.921884 101.723158 1.571628 0.743970
Car -1 -1 1.649386 757.164307 201.361725 807.436401 242.195816 1.342751 1.709557 4.254221 -8.698860 -13.388226 114.669217 1.573670 0.537683
Car -1 -1 -1.553759 887.364502 124.565620 920.924438 173.525803 2.350459 1.866042 4.743630 -5.796572 -25.277385 180.711963 -1.585824 0.105115
Car -1 -1 1.689014 618.639221 195.445480 667.494751 232.696274 1.193259 1.529977 4.254403 -15.059474 -14.253584 119.081811 1.563218 0.198134
Car -1 -1 1.671066 646.211365 180.492065 689.450623 216.848389 1.326096 1.553701 4.235738 -15.580321 -16.589820 132.279538 1.553823 0.190277
