Car -1 -1 -1.545850 765.806519 349.683807 882.758240 470.976501 1.196525 1.800361 4.252086 -2.911761 -1.528340 39.091436 -1.620199 2.753027
Car -1 -1 -1.581781 697.166992 574.067078 883.679321 780.441528 0.871040 1.732565 4.247124 -2.229031 1.823072 24.302808 -1.673244 4.218675
Car -1 -1 2.867748 1447.284790 213.693619 1625.680664 274.526031 1.393441 1.867661 4.477362 16.294877 -7.406539 64.921990 3.113660 2.188057
Car -1 -1 2.921680 1338.022705 190.635635 1485.211060 256.115875 1.650586 1.884170 4.133472 13.701930 -8.679603 70.816778 3.112803 1.733273
Car -1 -1 2.804764 1570.207153 196.575104 1723.456055 249.677444 1.386696 1.866764 4.015360 21.574549 -8.892841 71.732061 3.096923 1.901099
Car -1 -1 -1.847063 630.362854 272.003418 744.032593 349.074463 1.170641 1.353135 4.185619 -7.119791 -4.358028 51.072542 -1.985575 0.899635
Car -1 -1 1.527661 690.958130 224.446121 767.067627 292.860687 1.210361 1.698080 4.281182 -7.450872 -6.853683 62.433072 1.408881 0.883989
Car -1 -1 -1.609611 517.713562 207.829697 618.537537 277.130157 1.574923 1.840806 3.090640 -12.653019 -7.469656 65.567498 -1.800244 0.363891
Car -1 -1 1.627816 745.312256 163.258133 793.840027 207.757843 1.369149 1.565766 4.274122 -9.002777 -12.777365 89.513570 1.527579 0.731716
Car -1 -1 -3.089114 150.551620 169.972626 287.446503 222.688232 1.575647 1.842615 4.568970 -30.586376 -11.792488 86.502326 2.854202 0.842176
Car -1 -1 1.601831 704.265808 188.049713 765.095459 245.357269 1.321744 1.663010 4.287336 -8.597873 -9.335143 73.845257 1.485922 0.554383
Car -1 -1 1.702106 665.544495 153.614151 712.732117 190.853394 1.256611 1.577126 4.280065 -13.980581 -15.282187 102.043986 1.565948 0.378700
Car -1 -1 1.551823 701.652649 205.668915 768.706787 272.607574 1.154525 1.715884 4.253240 -7.887009 -7.964575 67.806008 1.436026 0.433360
