Car -1 -1 -1.736657 1141.883301 304.863708 1299.217896 443.816620 1.261955 1.620099 4.243496 3.893910 -2.062786 43.829772 -1.648048 2.204471
Car -1 -1 -1.408561 157.294327 571.791260 458.999969 852.465332 1.023431 1.701069 4.483791 -5.825781 1.743434 24.965514 -1.637811 1.758394
Car -1 -1 1.791008 172.622162 132.839325 282.473297 223.008347 1.623922 1.689068 4.387676 -19.567734 -8.462587 73.053287 1.529296 0.858286
Car -1 -1 -1.290139 0.204529 871.378784 321.956573 1080.000000 1.123887 1.946662 4.227061 -5.703206 3.888538 18.237741 -1.593219 3.453633
Car -1 -1 -1.667560 1024.958740 177.629913 1116.606689 255.706390 1.121437 1.666360 4.262256 2.380167 -7.041489 66.712640 -1.631897 1.344130
Car -1 -1 1.828126 54.258625 147.556030 152.128113 219.500656 1.292526 1.343794 4.269640 -23.817397 -8.862228 76.114462 1.524862 1.164951
Car -1 -1 1.717290 377.934448 117.386887 454.962860 176.094696 1.205522 1.628709 4.257256 -16.952523 -11.068013 84.998888 1.520429 0.833901
Car -1 -1 -1.622100 980.605591 87.241264 1048.260376 151.081863 1.623794 1.983993 4.305427 1.509559 -13.362759 96.660871 -1.606484 0.673479
Car -1 -1 1.752728 303.747162 102.816887 381.709412 159.909821 1.249564 1.595538 4.274765 -20.797150 -12.456377 91.925375 1.530235 0.791846
Car -1 -1 -1.555252 771.109192 86.764938 830.597473 140.731094 1.400630 1.925366 4.261047 -6.121256 -14.120445 99.844797 -1.616483 0.865309
Car -1 -1 1.787475 179.927246 107.854408 265.932404 170.101242 1.276547 1.682582 4.257166 -24.233130 -11.929968 89.817919 1.523947 0.736148
Car -1 -1 -1.736875 1288.675049 103.412560 1364.487915 163.324295 1.296268 1.560704 4.247978 11.392670 -11.969635 88.950677 -1.609490 1.082512
Car -1 -1 1.818472 66.220245 108.962181 158.171829 175.216339 1.522816 1.591874 4.322714 -27.538021 -11.599890 88.902935 1.518091 0.666242
Car -1 -1 -1.610806 840.194580 73.271042 897.203308 119.491898 1.246232 1.862566 4.263520 -4.049537 -16.116056 108.565863 -1.648089 0.520611
Car -1 -1 1.764157 281.666199 79.204819 348.755615 129.469086 1.308169 1.508342 4.261160 -24.771546 -15.276316 104.963558 1.532397 0.573600
Car -1 -1 1.805784 157.573685 89.257263 231.401978 143.314621 1.343540 1.444682 4.271151 -29.058270 -14.675412 103.763733 1.532736 0.451258
Car -1 -1 1.751187 345.223083 46.955997 408.346710 104.567177 1.866037 1.713083 4.635815 -25.145554 -17.982916 117.283021 1.539984 0.297797
Car -1 -1 -1.743332 1257.702881 88.214691 1324.044434 140.314865 1.287001 1.588740 4.267652 11.281909 -13.746451 97.337998 -1.627943 0.711230
Car -1 -1 -1.626257 976.407898 63.373032 1027.703247 105.253685 1.214713 1.780761 4.274757 1.290892 -17.523764 114.678579 -1.615001 0.647067
Car -1 -1 1.725784 376.160553 82.716896 442.830383 131.905228 1.264243 1.698744 4.254969 -21.083773 -15.070908 103.963360 1.525697 0.560391
Car -1 -1 1.717834 448.625366 50.036736 501.820526 91.699341 1.362700 1.696680 4.247441 -22.338305 -19.664444 124.890230 1.540842 0.497286
Car -1 -1 -1.734010 1218.775757 66.722633 1283.094238 116.684319 1.494725 1.641688 4.265782 10.988844 -16.152260 108.449526 -1.633028 0.583530
Car -1 -1 1.780893 220.171402 66.685623 283.778351 113.369659 1.391916 1.523283 4.263716 -29.335796 -17.038800 113.336365 1.527613 0.523185
Car -1 -1 -1.554221 787.989441 52.531677 833.496033 97.817764 1.427289 1.831133 4.253156 -6.927741 -18.849219 121.101724 -1.611365 0.437717
Car -1 -1 1.746024 283.212250 53.505711 339.254700 95.550224 1.357970 1.586619 4.256856 -29.756444 -19.517859 124.878782 1.512103 0.485894
Car -1 -1 -1.578326 896.469299 39.182026 943.078125 75.912270 1.342886 1.888264 4.253085 -2.525726 -22.106410 135.899546 -1.596909 0.385384
Car -1 -1 1.672799 505.669861 29.112032 547.358276 62.102486 1.383337 1.641136 4.259010 -24.075467 -24.979668 149.853058 1.513500 0.247769
Car -1 -1 1.734817 403.546204 31.824293 454.899780 72.416328 1.508237 1.725103 4.277541 -27.424782 -22.959021 140.118398 1.541535 0.297619
Car -1 -1 -1.575710 860.855042 9.692177 895.588257 43.239285 1.538531 1.843911 4.286929 -5.396489 -27.974444 161.586815 -1.609094 0.156153
Car -1 -1 1.673928 459.232269 11.778260 502.054626 50.357620 1.692909 1.706033 4.387196 -28.416593 -27.389919 160.379168 1.498565 0.103540
Car -1 -1 -1.599437 931.881653 24.516207 970.986328 56.453480 1.318538 1.771420 4.261945 -1.069233 -25.928444 153.610945 -1.606398 0.190838
Car -1 -1 -1.566745 797.690186 0.000000 830.431152 26.743120 1.295383 1.726462 4.249774 -9.752831 -30.619819 171.265867 -1.623629 0.142070
