Car -1 -1 -1.546370 738.574646 385.535889 846.780334 486.186829 1.037527 1.718710 4.241606 -4.122273 -1.638528 50.757279 -1.627407 2.490177
Car -1 -1 -1.638144 982.699280 405.063965 1101.522705 510.264587 1.029698 1.689710 4.274978 0.354650 -1.190975 48.433659 -1.630821 2.005015
Car -1 -1 -1.626268 943.593445 301.627472 1031.778687 380.993988 1.207731 1.719877 4.233997 -0.762579 -4.361478 66.928059 -1.637662 1.386161
Car -1 -1 -1.580135 893.674805 214.274811 951.133911 265.568970 1.273237 1.749736 4.249452 -3.483521 -10.355910 101.565533 -1.614420 0.665116
Car -1 -1 -1.569798 858.042786 262.223907 934.045288 321.569885 1.129514 1.808534 4.266096 -3.517532 -6.669109 80.062291 -1.613705 1.183713
Car -1 -1 1.805734 136.408661 222.414642 227.428314 288.422699 1.448291 1.481031 4.249410 -25.390887 -7.987512 84.289799 1.513146 0.992013
Car -1 -1 -1.546574 812.566040 195.727692 863.773254 238.298172 1.202915 1.736523 4.239978 -7.169483 -12.167292 110.272404 -1.611499 0.705100
Car -1 -1 1.755026 290.822784 168.484665 351.006775 212.263138 1.413522 1.624866 4.244757 -29.724388 -14.085679 118.414517 1.509088 0.555262
Car -1 -1 1.691310 444.152557 165.758636 504.469543 211.860794 1.497207 1.826172 4.263021 -23.595840 -14.356886 120.375931 1.497746 0.442984
Car -1 -1 1.731635 371.188721 150.119766 421.990356 189.336349 1.406340 1.646119 4.266747 -30.804959 -17.426064 137.574236 1.511354 0.333517
Car -1 -1 1.825767 136.609436 204.071365 216.358505 259.278748 1.511824 1.487408 4.258820 -28.589030 -9.715527 94.531811 1.532084 0.469752
