Car -1 -1 2.615645 1383.720947 339.738312 1611.192505 442.751556 1.472000 1.872367 3.691439 10.856277 -2.759629 44.426953 2.855311 3.482514
Car -1 -1 -2.951276 17.944477 333.004059 215.668518 425.135681 1.386294 1.825778 3.279147 -18.265872 -3.251389 47.098807 2.961946 2.706552
Car -1 -1 -1.317571 370.592743 660.070129 644.156067 880.001953 0.576975 1.496204 4.538400 -4.521654 2.068714 22.331699 -1.517347 2.628879
Car -1 -1 2.766206 1684.678345 298.910431 1893.092163 375.056763 1.324887 1.870162 4.094730 19.648746 -4.627980 51.957136 3.127755 2.470751
Car -1 -1 -1.614331 1038.523926 698.607117 1244.155884 927.623291 0.557118 1.672986 4.248400 1.641535 2.393081 21.481621 -1.538063 4.622615
Car -1 -1 1.933406 235.069321 247.801620 337.885498 313.222931 1.231061 1.233942 4.354517 -20.250888 -7.639875 65.417043 1.633197 1.085351
Car -1 -1 1.771862 549.852905 239.075165 643.896301 307.504639 1.297440 1.698272 4.312905 -11.088305 -7.903115 66.085793 1.605624 1.125981
Car -1 -1 1.820347 494.199921 217.421677 580.092285 284.668427 1.448931 1.552284 4.251586 -14.005854 -9.234695 71.692151 1.627416 1.067491
Car -1 -1 1.845699 412.164307 222.275101 497.071594 279.582581 1.266619 1.481589 4.245591 -17.213730 -9.661189 74.012690 1.617183 1.094160
Car -1 -1 1.794882 597.463257 192.950851 660.514526 238.491470 1.194739 1.527528 4.236640 -13.220802 -12.687906 86.302965 1.642873 1.020370
Car -1 -1 -1.801270 1381.625366 866.207520 1787.078735 1078.796753 1.016148 1.978641 4.491038 4.856333 4.130551 17.869403 -1.535911 2.290385
Car -1 -1 1.714493 744.119690 136.883408 784.587036 168.243271 1.283461 1.611729 4.238093 -11.370791 -21.959545 124.919482 1.623719 0.475393
Car -1 -1 1.966900 237.048370 209.901932 347.409088 272.745850 1.460637 1.592662 4.305758 -23.706942 -10.339155 77.215920 1.669014 0.562813
Car -1 -1 1.773502 645.357361 139.570068 690.929932 172.351929 1.404989 1.589055 4.245621 -16.943205 -21.800333 125.377546 1.639178 0.506259
Car -1 -1 1.833096 398.536530 157.037201 451.651031 194.590134 1.330488 1.358135 4.210284 -27.158888 -18.006360 109.592392 1.590173 0.300929
Car -1 -1 1.717835 477.202301 125.289299 516.337463 154.483200 1.456546 1.522401 4.244984 -31.757981 -26.880574 147.928572 1.506360 0.137042
Car -1 -1 1.719100 740.282837 117.779312 775.612427 144.567261 1.442305 1.692394 4.244751 -14.656405 -28.872736 155.322403 1.625018 0.178165
