Car -1 -1 -1.970064 130.854813 294.523651 333.058228 426.776154 1.274312 1.386176 4.387264 -12.346522 -2.383398 46.065723 -2.231929 1.807081
Car -1 -1 -0.187361 1620.666260 230.099030 1877.475464 322.014557 1.322574 1.846756 4.294447 15.327096 -4.444104 54.608455 0.086272 3.569168
Car -1 -1 1.233366 387.820984 155.668823 516.713501 243.775589 1.461977 1.399864 4.305183 -12.794195 -7.395353 67.901974 1.047128 0.978810
Car -1 -1 0.709568 646.707214 194.510117 854.109131 285.778381 1.294845 1.868145 3.992134 -4.815649 -5.750997 60.328087 0.629912 1.690917
Car -1 -1 -1.484001 289.648712 507.254242 495.156097 700.837769 0.805323 1.656603 4.270473 -6.166315 0.852172 30.025159 -1.686556 2.787555
Car -1 -1 1.787317 145.652603 115.528770 232.269150 182.529404 1.441489 1.394988 4.260324 -24.029357 -10.926012 85.279446 1.512666 1.219305
Car -1 -1 1.763380 250.411621 119.655296 337.801270 177.375259 1.211885 1.639918 4.268452 -21.093452 -11.216878 86.470764 1.524115 0.973429
Car -1 -1 1.861371 19.286860 126.033875 102.022675 188.138031 1.285912 1.120367 4.242402 -27.856482 -10.716532 84.831975 1.544092 0.933759
Car -1 -1 1.696087 471.434662 71.093575 533.195435 118.918076 1.321460 1.659264 4.260290 -18.069645 -15.847521 106.664813 1.528274 0.663910
Car -1 -1 0.479865 537.743347 100.680046 688.752380 157.528870 1.370446 1.829252 4.389795 -11.782055 -12.413720 91.340684 0.351583 0.930943
Car -1 -1 1.721776 407.532837 92.340889 481.666290 151.021194 1.451759 1.656695 4.256096 -17.878185 -13.018110 94.191325 1.534201 0.841192
Car -1 -1 1.811006 136.051025 85.478722 213.175812 140.363251 1.451471 1.448602 4.257530 -28.692593 -14.111378 99.799137 1.531053 0.772738
Car -1 -1 1.831943 66.508743 98.670174 155.443192 164.901459 1.576724 1.517921 4.297441 -28.455989 -12.287486 91.837824 1.531474 0.717447
Car -1 -1 1.752877 311.293823 100.768845 382.840698 156.354675 1.287424 1.395119 4.250354 -21.101814 -12.773827 93.711073 1.531391 0.945173
Car -1 -1 1.777182 195.026581 106.952599 271.125366 165.128357 1.372845 1.391547 4.277806 -24.773823 -12.400457 92.815911 1.516350 0.905645
Car -1 -1 1.692747 512.646484 55.178680 564.455078 97.921387 1.354910 1.569228 4.266566 -18.345137 -18.214625 117.419144 1.537764 0.538356
Car -1 -1 1.746126 280.216583 76.524094 345.627747 123.940742 1.297776 1.405750 4.246063 -24.855746 -15.385102 104.817368 1.513293 0.574068
Car -1 -1 1.780109 233.476547 89.122849 301.094330 137.951370 1.224891 1.322116 4.247965 -25.358194 -14.217853 100.097851 1.531994 0.545479
Car -1 -1 1.733016 342.714386 86.263847 407.256958 139.220184 1.308111 1.337168 4.269418 -21.510572 -14.224116 100.023225 1.521186 0.781505
Car -1 -1 1.815123 198.305588 77.232521 260.286255 120.611801 1.192642 1.151021 4.262912 -28.781761 -15.856974 107.395058 1.553277 0.501538
Car -1 -1 1.739971 375.076019 72.560699 435.209808 123.276360 1.348933 1.318553 4.278751 -21.755114 -15.807525 107.062796 1.539501 0.415302
