Car -1 -1 -1.521082 409.343903 729.391052 643.706238 980.677795 0.770787 1.698159 4.255611 -3.825771 2.719460 24.069734 -1.678708 3.995613
Car -1 -1 2.929203 1253.564819 322.599731 1466.663818 417.246490 1.486026 1.835344 3.915362 8.255041 -3.065824 59.036917 3.068130 2.351225
Car -1 -1 -2.910291 253.715759 288.544739 455.436127 365.001740 1.394468 1.856217 4.132998 -14.614465 -4.459472 65.353616 -3.130293 2.457194
Car -1 -1 -1.636418 778.927551 738.975647 1053.754761 1058.262695 1.065126 1.771736 4.473245 -0.606487 3.057889 22.970203 -1.662816 2.407957
Car -1 -1 -2.890922 11.006515 297.940735 260.586639 378.721527 1.347475 1.847681 4.668434 -18.840126 -3.995951 62.189243 3.098104 1.860023
Car -1 -1 2.959055 1145.485840 302.794159 1354.436523 390.047546 1.560277 1.874355 4.248678 6.307761 -3.760767 63.126088 3.058647 1.633122
Car -1 -1 3.043329 902.436829 280.017609 1101.716675 358.754364 1.508306 1.899506 4.249080 0.706370 -4.823049 68.728956 3.053606 1.378139
Car -1 -1 -1.581750 719.569336 197.381454 769.358643 242.455399 1.230349 1.671585 4.249380 -8.901728 -11.681555 106.558301 -1.665095 0.598195
Car -1 -1 2.941848 1025.189087 278.691071 1244.455444 375.626404 1.871997 1.987694 4.875030 3.749433 -4.298824 66.225947 2.998403 1.210777
Car -1 -1 1.697985 447.124817 223.177872 518.704956 279.119934 1.300275 1.721203 4.256628 -15.916499 -8.727468 89.495959 1.521980 0.749931
Car -1 -1 1.659543 547.820557 222.151749 616.543518 279.708771 1.343508 1.687361 4.260553 -12.561660 -8.607534 88.695574 1.518852 0.803571
Car -1 -1 -1.564834 735.158142 124.535721 767.111511 160.688156 1.893005 1.641001 4.539436 -14.122124 -23.694611 174.061652 -1.645790 0.203772
Car -1 -1 1.686246 444.161469 199.282898 507.447296 248.124115 1.354284 1.633687 4.253315 -17.904896 -10.623789 99.201232 1.507678 0.454622
Car -1 -1 1.651006 598.778687 116.792877 633.044556 145.968094 1.659618 1.916955 4.276752 -24.896862 -27.098385 192.137955 1.522146 0.312620
