Car -1 -1 -0.010538 1419.789429 329.783630 1677.863403 424.141174 1.244690 1.873697 4.617196 11.295542 -2.290323 43.620808 0.242845 3.482424
Car -1 -1 0.566121 299.270477 390.432495 523.091919 484.780212 1.442970 1.937176 4.009855 -12.811948 -1.287396 49.462051 0.312665 2.911614
Car -1 -1 0.278022 917.788635 331.606476 1120.658813 411.119293 1.209423 1.849900 4.077398 0.958736 -2.979765 52.047003 0.296441 2.744243
Car -1 -1 -1.302982 927.245422 703.910034 1228.150269 939.840515 0.509437 1.510810 4.551291 1.083435 2.784182 21.360751 -1.252305 2.806581
Car -1 -1 0.080313 1276.359253 287.680267 1499.157593 368.690887 1.214710 1.885607 4.561516 9.691844 -3.915456 51.907598 0.264901 2.443022
Car -1 -1 -3.074386 1572.313110 174.866898 1707.855957 228.541290 1.303859 1.849455 4.313325 24.142344 -10.662447 80.152021 -2.781822 1.810667
Car -1 -1 0.341225 779.468445 322.227203 964.481262 397.264648 1.287086 1.865638 3.827477 -2.712919 -3.462511 55.745958 0.292598 1.907318
Car -1 -1 -1.105435 509.175201 747.543518 861.823669 994.625183 0.590693 1.331222 4.263340 -2.622136 3.205285 20.877985 -1.230374 3.443529
Car -1 -1 -0.037002 1743.517212 281.081635 1893.658447 374.545959 1.483834 1.643868 2.317314 17.285004 -3.217882 45.380252 0.326925 1.807849
Car -1 -1 -1.417079 1153.553345 839.293213 1502.639038 1078.591675 0.982343 1.788899 4.275898 2.877092 4.011448 17.085028 -1.250246 4.163737
Car -1 -1 0.723465 55.970303 341.508362 193.599304 398.629364 1.245675 1.882110 3.558827 -28.152838 -4.344107 72.085151 0.351132 0.806541
Car -1 -1 -1.629390 1727.687744 699.139526 1924.280884 1043.150635 0.903582 1.874656 4.745368 7.498262 2.929583 18.615529 -1.246476 2.049697
Car -1 -1 0.642333 230.416199 354.648224 402.647949 426.319733 1.273970 1.849940 3.714094 -18.643368 -3.109334 61.528424 0.348123 0.955644
Car -1 -1 0.697592 0.000000 389.853088 96.274933 456.572052 1.300721 1.845247 3.293719 -26.828388 -2.189376 60.617160 0.280920 0.251666
Car -1 -1 0.575043 298.374664 337.291016 473.516388 397.252747 1.176069 1.835190 3.987978 -18.031390 -4.110161 66.810852 0.311437 0.779416
Car -1 -1 1.694301 1366.070435 155.103394 1422.656738 202.155884 1.565714 1.870178 4.260633 19.315915 -14.717550 102.573394 1.880434 0.633520
Car -1 -1 1.678456 1431.064941 154.457825 1482.925415 198.447571 1.446406 1.704902 4.270090 22.144328 -14.794370 101.950087 1.892341 0.506492
Car -1 -1 1.738969 1289.408813 168.458725 1339.942383 208.239029 1.280793 1.565554 4.252809 15.718237 -14.507663 103.205402 1.890108 0.575630
Car -1 -1 0.683471 207.644409 328.564880 352.675842 388.757568 1.206103 1.849712 3.559014 -23.258326 -4.809898 73.049444 0.375227 0.633037
Car -1 -1 1.678003 1408.951660 137.338760 1446.873535 168.566528 1.316592 1.596722 4.241305 24.801940 -18.986565 121.453329 1.879443 0.419835
