Car -1 -1 -1.371609 1092.793823 568.820984 1322.514771 763.872375 1.010391 1.736798 4.247654 2.857162 1.956046 26.740345 -1.265164 3.477406
Car -1 -1 -1.276030 945.471375 452.276520 1143.873413 621.874451 1.348348 1.476479 4.254785 1.069301 0.663100 33.023649 -1.243662 3.153017
Car -1 -1 -1.495796 1463.116089 455.994293 1619.398071 594.081482 0.887746 1.765774 4.249850 8.455046 0.291731 32.766678 -1.243267 2.418558
Car -1 -1 -1.167728 545.866028 724.647278 876.524292 960.438660 0.616809 1.461624 4.364028 -2.552603 3.122264 22.136189 -1.282535 3.481122
Car -1 -1 2.062731 751.326599 373.150879 915.979858 475.278290 0.972388 0.956630 4.899976 -2.939641 -1.665906 46.003889 1.998918 1.196813
Car -1 -1 -1.513641 1516.440552 334.373352 1620.204224 431.252228 1.019919 1.664634 4.235206 12.224154 -2.430079 45.474525 -1.251036 1.852358
Car -1 -1 0.761594 0.000000 377.411255 169.887863 458.599457 1.557939 1.837570 4.370276 -25.163723 -2.186336 60.921193 0.369885 0.455086
Car -1 -1 -1.422639 1116.210083 334.155121 1224.861694 422.444519 0.998132 1.485541 4.274159 4.235805 -2.700289 48.276085 -1.335122 1.399642
Car -1 -1 2.321931 12.559819 583.717834 376.865326 819.822266 1.411787 1.730896 4.233830 -9.832340 2.577688 27.716731 1.981036 1.324068
Car -1 -1 -1.627129 1702.250732 233.440292 1788.330566 316.177155 1.360535 1.623470 4.232448 20.117229 -5.698558 57.808695 -1.292240 1.536539
Car -1 -1 -1.459879 1436.275269 272.848572 1523.053711 349.046906 1.114851 1.588183 4.265901 12.922884 -4.802286 56.535059 -1.235158 1.385977
Car -1 -1 -1.526115 1574.193604 234.361099 1653.090942 304.564514 1.158910 1.783862 4.248734 17.943602 -6.384410 62.017874 -1.244476 1.447505
Car -1 -1 1.838675 1028.188354 272.250946 1145.365601 375.931915 1.666079 1.488589 4.374498 2.761069 -4.160885 55.594728 1.888298 1.225010
Car -1 -1 -1.872265 830.215820 252.093979 929.160767 309.891815 1.339556 1.467484 4.234366 -3.449406 -7.410000 75.230571 -1.918084 0.516722
Car -1 -1 0.631692 256.679688 326.293488 413.450836 385.564117 1.164970 1.811297 3.939979 -20.446549 -4.659414 69.585855 0.345904 0.770263
Car -1 -1 -1.574206 1679.789917 197.739716 1745.026123 257.825684 1.223693 1.766380 4.242159 23.512463 -8.581821 70.519147 -1.252378 1.140082
Car -1 -1 1.757462 1120.348999 260.054779 1198.500732 324.573090 1.194671 1.270027 4.240873 5.336558 -6.075962 65.132705 1.839213 0.779236
Car -1 -1 0.698478 127.656242 351.679230 305.285004 426.798035 1.479280 1.850276 4.023015 -22.214386 -3.145661 63.797861 0.363408 0.816934
Car -1 -1 1.420169 1285.301147 269.358002 1365.901611 338.007660 1.137876 1.402893 4.216815 9.227046 -5.176600 58.778011 1.575880 0.862056
Car -1 -1 1.845599 1012.782104 264.543182 1093.380493 331.985931 1.257408 1.312447 4.221586 2.176376 -5.977552 65.992250 1.878566 0.827957
Car -1 -1 -1.731292 906.626526 269.655579 986.656250 329.215179 1.082932 1.415137 4.274777 -1.122725 -6.100223 66.891216 -1.748075 0.954564
Car -1 -1 0.700945 107.811760 335.250031 251.182449 395.113861 1.234707 1.812853 3.503457 -26.483713 -4.572444 72.172462 0.349250 0.468823
Car -1 -1 2.576832 866.606262 202.962402 976.376282 253.135376 1.470826 1.827296 4.006357 -2.732851 -12.037239 98.261926 2.549028 0.439860
Car -1 -1 -1.474001 1462.261230 226.305496 1542.886230 290.193054 1.182283 1.769899 4.253943 15.609957 -7.105628 65.498949 -1.240042 1.035225
Car -1 -1 1.767579 1261.650269 176.802719 1319.199707 226.787430 1.488281 1.581355 4.260314 13.129924 -12.387077 93.023767 1.907799 0.568879
Car -1 -1 1.578123 1274.068481 240.234497 1347.170654 304.153961 1.170573 1.603964 4.255148 10.069284 -6.882832 66.886706 1.727543 0.777139
Car -1 -1 -1.636432 896.293640 296.701569 971.843262 361.627380 1.042909 1.428117 4.245933 -1.311641 -4.807302 61.121956 -1.657888 0.756871
Car -1 -1 1.645169 1377.513672 230.536530 1447.067505 291.408203 1.178238 1.645419 4.276978 13.185775 -7.155735 66.783947 1.840101 0.857887
Car -1 -1 -1.508896 1505.178223 188.386688 1564.323730 237.656372 1.169448 1.735254 4.235741 20.506083 -10.488931 81.114765 -1.261280 0.714983
Car -1 -1 1.762320 1168.090820 233.106186 1240.251099 291.472900 1.203547 1.357734 4.250421 7.450924 -7.770573 72.356551 1.864933 0.871110
Car -1 -1 -1.561274 1588.542480 198.914398 1648.509277 250.752441 1.088465 1.691351 4.247041 21.099002 -8.994419 72.540566 -1.278225 1.026266
Car -1 -1 -1.574136 1667.195801 140.197128 1713.770142 180.636230 1.227056 1.795343 4.231450 33.101643 -15.644147 102.238544 -1.261019 0.597476
Car -1 -1 1.685081 1284.676880 197.117722 1355.430298 263.130707 1.366135 1.670513 4.303177 11.902002 -9.217247 76.754115 1.838922 0.526160
Car -1 -1 -2.823144 655.711243 236.087112 770.536987 276.592896 1.137745 1.890909 4.430049 -12.278561 -11.327042 101.041851 -2.944070 0.578680
Car -1 -1 -1.549068 1590.287231 157.479111 1643.691406 205.355606 1.279477 1.846200 4.264286 25.802470 -12.640862 88.764357 -1.266179 0.723034
Car -1 -1 1.811215 1079.334595 236.255844 1156.196045 294.208282 1.172162 1.471659 4.235888 4.776648 -8.129961 75.812542 1.874137 0.759674
Car -1 -1 -1.511532 1539.764282 149.668625 1587.824463 188.991776 1.243238 1.807957 4.272388 27.626980 -15.494203 103.797549 -1.251401 0.522842
Car -1 -1 1.770611 1117.816284 206.045975 1186.492065 260.030884 1.394186 1.591732 4.274635 6.630874 -10.118225 84.618594 1.848813 0.612070
Car -1 -1 1.678038 1418.309448 174.319885 1471.211914 223.069824 1.274552 1.489370 4.240220 18.551756 -11.815604 87.538080 1.886876 0.567358
Car -1 -1 1.751972 1192.523315 208.851364 1257.344849 257.784088 1.110313 1.467973 4.269693 9.297304 -10.031045 82.945919 1.863595 0.578044
Car -1 -1 1.570174 1382.462646 207.878342 1443.085571 261.786407 1.109763 1.605425 4.280968 14.792422 -8.992439 74.981491 1.764953 0.568271
Car -1 -1 1.794394 1195.737305 184.121323 1253.311279 226.626129 1.231899 1.304237 4.256726 10.797015 -12.946679 97.104711 1.905129 0.410459
Car -1 -1 -1.564562 1686.305176 114.574806 1725.321899 150.676849 1.391362 1.713388 4.232435 40.192054 -20.065249 121.596826 -1.245332 0.341225
Car -1 -1 1.823689 1162.902710 165.042648 1213.225342 199.611221 1.326827 1.464226 4.245713 11.540344 -17.588672 121.789433 1.918163 0.273162
Car -1 -1 0.673932 184.196304 343.358246 325.993866 402.976288 1.121873 1.774839 3.497575 -22.318446 -3.948211 66.862292 0.351764 0.220053
Car -1 -1 -1.567022 1698.098145 95.183662 1729.193359 125.618309 1.319930 1.671237 4.217135 49.931475 -26.420966 149.660842 -1.245003 0.112253
Car -1 -1 1.694762 1370.850586 125.783470 1409.953003 153.857407 1.367295 1.718352 4.262523 27.334229 -23.753559 146.114143 1.879698 0.265660
Car -1 -1 1.738564 1292.607178 151.652985 1337.023071 185.763702 1.186037 1.503701 4.263034 18.052193 -17.793267 118.333540 1.889950 0.333506
Car -1 -1 1.686199 1450.184937 146.956192 1496.704712 189.106934 1.312489 1.620914 4.243802 23.824578 -15.859838 106.199834 1.906883 0.324211
Car -1 -1 1.649031 1481.395264 125.430725 1519.539062 157.739639 1.363090 1.654764 4.248982 29.834041 -20.322361 126.040429 1.881456 0.232218
Car -1 -1 1.691824 1400.109985 127.261566 1434.444580 157.398926 1.349509 1.566108 4.248342 27.252558 -22.142602 137.006372 1.888175 0.204491
Car -1 -1 -1.557321 1699.554565 70.870201 1724.736206 93.757271 1.356873 1.627765 4.267996 59.125118 -33.413559 177.415032 -1.235637 0.062624
Car -1 -1 -1.548331 1620.687744 89.471611 1647.975220 116.747849 1.472664 1.670255 4.305148 48.216298 -28.945807 161.901523 -1.258883 0.076170
Car -1 -1 1.747638 1283.337891 130.495743 1317.407959 154.888245 1.374774 1.463341 4.247208 21.891479 -24.305748 150.105367 1.892457 0.060134
Car -1 -1 1.725579 1276.445923 187.183685 1337.405029 242.847702 1.378505 1.589460 4.305414 12.853054 -10.474186 84.244766 1.876979 0.212474
Car -1 -1 0.725826 0.465614 364.568268 107.624588 420.136810 1.272567 1.803899 3.931142 -31.614629 -3.633404 73.033528 0.317301 0.092667
