Car -1 -1 2.880950 1041.796997 361.765533 1281.414917 454.864624 1.333093 1.868572 4.255835 4.561118 -2.507140 45.865465 2.980070 4.290616
Car -1 -1 2.949699 413.456970 362.966064 704.685730 485.585541 1.496134 1.959700 4.775018 -7.246219 -1.859241 41.724744 2.777747 4.006811
Car -1 -1 2.792176 1484.975830 355.387909 1727.064453 457.728333 1.660082 1.888411 4.177608 14.064055 -2.409671 46.515116 3.085792 4.248580
Car -1 -1 -1.812559 1326.339966 728.406189 1626.604858 994.772461 0.887444 1.712810 4.234746 5.091157 3.009180 21.474583 -1.579778 4.604797
Car -1 -1 1.764333 425.006714 251.503616 508.224304 314.622833 1.291967 1.591364 4.250026 -14.591282 -7.625298 67.502958 1.551451 1.281394
Car -1 -1 -0.312409 466.114594 310.110443 721.663635 423.932892 1.719675 2.016697 4.893465 -7.650114 -3.332846 48.460396 -0.468980 2.259570
Car -1 -1 1.918001 63.689640 258.252747 170.871033 326.560883 1.313314 1.485987 4.312031 -24.864952 -7.195245 66.287586 1.559136 1.150725
Car -1 -1 1.826464 284.245056 257.611267 381.428680 324.289215 1.290235 1.526889 4.267014 -18.116063 -7.165988 65.525235 1.556727 1.593723
Car -1 -1 1.870249 165.832260 255.875061 268.482513 327.196472 1.417392 1.434182 4.255390 -21.578002 -7.087422 65.494716 1.551987 1.617968
Car -1 -1 1.888439 148.271118 226.124420 250.058884 287.766235 1.436588 1.731898 4.272063 -25.168365 -9.201981 74.461498 1.562489 1.125943
Car -1 -1 1.799678 368.802032 231.218903 452.017548 290.011230 1.338197 1.629204 4.253477 -18.032860 -9.181076 74.581458 1.562444 1.150301
Car -1 -1 1.842957 224.927750 207.510742 309.552704 263.465851 1.530446 1.665151 4.240694 -25.405949 -11.055201 82.788005 1.545201 0.659188
Car -1 -1 -0.467745 1798.804810 399.780029 1917.799438 501.406494 1.338511 1.877975 3.915306 18.985655 -1.462363 42.071936 -0.043838 0.944314
Car -1 -1 1.843492 253.761169 229.874405 339.613525 291.263428 1.410164 1.442346 4.239943 -21.780765 -9.108367 74.214267 1.558023 1.272933
Car -1 -1 1.725904 564.305542 166.288895 613.853027 202.570877 1.339635 1.678050 4.247160 -17.711819 -17.503237 110.390807 1.566814 0.577479
Car -1 -1 1.750479 466.666656 183.537766 534.592285 242.926392 1.862569 1.760577 4.477120 -18.198189 -12.923433 90.818367 1.552718 0.390061
Car -1 -1 1.728545 533.392578 201.514542 597.242798 249.998596 1.331669 1.562442 4.245838 -14.935317 -12.145416 87.226149 1.558964 1.062183
Car -1 -1 1.805853 331.670929 217.380386 405.601471 269.268768 1.276121 1.525540 4.246170 -21.297555 -10.764790 81.529073 1.550336 0.715956
Car -1 -1 1.793436 390.606934 169.751465 443.294312 206.455200 1.384791 1.454319 4.256239 -25.518906 -16.730999 106.970901 1.559253 0.727371
Car -1 -1 1.899205 65.301338 183.698074 158.748932 256.660797 2.187155 1.531021 4.915155 -31.570820 -11.381796 83.479654 1.537644 0.430489
Car -1 -1 1.791314 429.368835 211.679001 498.125702 262.711945 1.258363 1.499733 4.230907 -17.541610 -10.768650 80.328583 1.576316 0.974840
Car -1 -1 1.808077 349.390015 185.838654 409.089050 226.075562 1.195319 1.384167 4.259105 -25.243557 -14.738033 98.585147 1.557405 0.726257
Car -1 -1 1.835038 300.826385 196.828705 362.367676 239.081741 1.249994 1.295529 4.232445 -25.670402 -13.198059 92.050633 1.563075 0.712361
Car -1 -1 1.783116 368.736572 201.299316 434.348236 247.035614 1.223561 1.477483 4.254300 -21.777880 -12.403458 88.207597 1.541063 0.796668
Car -1 -1 1.689997 631.191711 134.463806 667.609741 163.145859 1.446888 1.767340 4.232431 -19.316672 -25.352250 145.078421 1.557629 0.489290
Car -1 -1 1.754537 511.323242 165.742523 561.864929 207.695450 1.473261 1.589734 4.243299 -19.798894 -16.858546 107.147089 1.571816 0.454755
Car -1 -1 1.779385 415.772247 187.028091 470.527100 227.957901 1.323556 1.321773 4.243791 -21.988133 -14.344474 96.983975 1.556435 0.686505
Car -1 -1 -1.775651 1228.424194 185.779892 1280.020264 220.071579 1.112424 1.349450 4.207823 14.243136 -15.034546 99.521154 -1.633499 0.558606
