Car -1 -1 -1.522626 982.394470 452.115448 1116.865967 590.059570 1.259203 1.936912 4.231945 1.433564 -0.051832 36.856145 -1.483750 2.983904
Car -1 -1 -2.100021 62.323975 341.594177 235.113541 433.519348 1.360167 1.842125 3.512726 -18.249699 -2.937986 48.271938 -2.461472 0.550194
Car -1 -1 -1.301081 250.939026 618.042664 503.482025 810.958679 0.835010 1.605489 4.222183 -6.957409 2.067688 26.052143 -1.562048 2.924830
Car -1 -1 -1.390323 533.591309 679.987366 767.515259 899.191284 0.683455 1.579988 4.232171 -3.192479 2.497186 22.626448 -1.530493 3.485451
Car -1 -1 2.845716 1684.031860 305.002411 1886.543213 371.418518 1.309677 1.897235 4.532609 22.896209 -5.179529 60.871353 -3.077699 2.264083
Car -1 -1 -1.584624 1099.016113 236.781845 1159.122925 310.351685 1.807326 1.747642 4.720873 5.522024 -8.359752 74.742118 -1.510877 0.455808
Car -1 -1 1.859349 433.861938 231.232010 513.903809 290.880798 1.555883 1.517267 4.254940 -18.269193 -9.615450 80.286995 1.635610 1.026635
Car -1 -1 1.766469 529.873962 208.157852 613.809509 290.079041 2.194670 1.680050 5.107735 -14.440264 -9.565100 79.247981 1.586230 0.417997
Car -1 -1 -1.547414 960.761475 249.926956 1029.464722 331.650879 1.833152 1.836665 4.283503 0.897672 -7.192106 69.484721 -1.534495 0.981143
Car -1 -1 -1.618359 1180.281982 205.820038 1225.917603 251.811829 1.611663 1.850308 4.415278 10.947521 -13.716648 101.374207 -1.510785 0.462909
Car -1 -1 -1.548163 1007.211914 201.988861 1055.031616 255.207581 1.828378 1.837481 4.332246 2.785782 -12.934818 96.528909 -1.519311 0.502519
Car -1 -1 1.773605 604.781738 201.216415 657.118530 241.192123 1.300349 1.548724 4.242038 -15.797782 -14.225004 101.534368 1.619252 0.653715
Car -1 -1 -1.537829 1024.152222 187.222412 1067.342651 228.840408 1.605603 1.857354 4.262415 3.973251 -16.166931 111.706141 -1.502275 0.579974
Car -1 -1 1.691380 782.359680 158.332886 821.081848 198.869186 1.908443 1.609035 4.539681 -10.406093 -21.406014 135.645003 1.614815 0.239089
Car -1 -1 1.725652 718.228088 172.363739 758.923950 201.584259 1.318679 1.579584 4.260045 -13.919434 -20.519443 131.444326 1.620149 0.577170
Car -1 -1 -1.560906 1102.410278 157.769562 1142.367188 213.679260 2.430933 2.119564 4.958632 8.958269 -19.218640 125.782691 -1.489806 0.126659
Car -1 -1 -1.587706 1171.993286 187.290741 1208.548462 221.686844 1.330057 1.781887 4.257084 12.441309 -17.942138 121.185436 -1.485401 0.516317
Car -1 -1 -1.581869 1129.347656 144.335098 1154.082764 167.236969 1.484357 1.798244 4.276362 14.722163 -31.433001 184.095792 -1.502069 0.212193
Car -1 -1 -1.514844 716.883667 937.072144 1042.319580 1079.167847 0.243856 2.003695 4.416805 -0.543668 4.028957 17.406130 -1.546068 3.254896
Car -1 -1 1.684593 819.248596 139.364532 850.680664 167.738739 1.788322 1.804762 4.330263 -11.256398 -31.099777 182.399796 1.622959 0.167730
Car -1 -1 1.622327 905.229126 147.542709 932.702515 171.483978 1.481697 1.755745 4.248382 -3.893806 -29.123644 172.813083 1.599799 0.116731
