Car -1 -1 0.128105 1.176336 424.762238 252.904266 534.977600 1.393239 1.832206 4.428257 -15.521913 -0.948710 48.693226 -0.180481 2.139063
Car -1 -1 2.271500 486.913971 439.416748 795.592468 621.574646 1.732330 1.821574 4.457999 -5.107078 0.130107 41.620061 2.149403 1.185104
Car -1 -1 -1.519842 673.851685 713.385132 884.458008 939.372498 0.919426 1.755358 4.232140 -2.013014 2.703494 27.133715 -1.593895 3.491959
Car -1 -1 1.713396 514.799866 304.174866 605.664307 378.691650 1.293375 1.585312 4.242922 -11.004670 -5.101908 70.559035 1.558679 1.302344
Car -1 -1 -0.932621 746.112610 342.591858 930.845947 440.207550 1.386365 1.673465 4.088669 -3.319713 -3.167995 59.774647 -0.988102 1.063828
Car -1 -1 -0.366041 321.146759 388.886810 574.721130 487.074066 1.151138 1.831415 4.143596 -10.541092 -2.018397 53.653802 -0.560035 3.646818
Car -1 -1 -1.776613 1370.070557 821.578674 1670.415405 1069.849365 0.623739 1.579339 4.336717 4.451695 3.266697 24.047946 -1.593567 3.513853
Car -1 -1 -1.632044 1045.383057 749.542419 1259.619263 971.474426 0.721237 1.653640 4.480511 1.454926 2.869814 26.716536 -1.577640 1.152093
Car -1 -1 1.782836 290.930298 300.370575 393.015564 372.757538 1.265733 1.532149 4.239008 -16.857751 -5.342446 71.805122 1.552241 1.355599
Car -1 -1 -2.008765 1397.992554 301.170837 1527.841919 371.959259 1.192525 1.493309 4.369829 12.430325 -5.484734 73.038056 -1.840191 0.645485
Car -1 -1 -1.071648 921.805908 360.270172 1092.259521 445.574707 1.152202 1.598510 4.331259 0.352491 -2.991365 58.840874 -1.065658 0.677782
Car -1 -1 -1.504560 945.367798 294.827423 1021.732849 365.234772 1.269401 1.695146 4.249929 -0.193083 -5.715267 74.241451 -1.507161 1.252120
Car -1 -1 -1.699231 1277.663330 240.421860 1342.310059 292.359619 1.261959 1.547736 4.221064 10.806294 -9.474523 94.219014 -1.585036 0.731774
Car -1 -1 1.645659 650.815857 314.463318 737.346436 388.670807 1.231146 1.664830 4.254478 -7.322569 -4.691745 68.024010 1.538425 1.152077
Car -1 -1 -1.371583 125.724976 918.411194 507.115479 1078.936646 0.987841 1.832824 4.225060 -4.982713 4.134681 21.076981 -1.603727 4.004016
Car -1 -1 1.746498 396.661804 295.121674 498.993835 368.998260 1.347888 1.751109 4.256326 -14.370362 -5.514916 73.103453 1.552397 1.158536
Car -1 -1 1.722641 483.308899 260.830994 558.993713 320.462677 1.306265 1.520828 4.249227 -14.501163 -7.779184 85.218255 1.554090 0.970980
Car -1 -1 1.768920 344.780273 267.082581 432.601105 337.178741 1.453003 1.522773 4.233398 -17.395238 -6.856459 79.837231 1.554390 1.212141
Car -1 -1 1.677912 606.578857 196.594131 662.110596 243.287613 1.500564 1.761765 4.249457 -15.199981 -13.727423 117.440252 1.549200 0.649617
Car -1 -1 1.711280 547.038147 256.724304 631.598450 341.665833 1.795398 1.520254 4.602832 -11.361744 -6.615109 78.171032 1.566946 0.540704
Car -1 -1 1.707666 610.961975 243.622513 680.008362 311.623077 1.607149 1.520374 4.256668 -10.856828 -8.173590 86.730999 1.583136 0.973221
Car -1 -1 -1.561559 878.761047 165.111099 918.288086 201.408981 1.523925 1.795835 4.249904 -4.973267 -19.142826 146.839949 -1.595415 0.549710
Car -1 -1 1.714289 519.113098 236.192627 585.390015 292.290771 1.458621 1.510169 4.254995 -14.866309 -9.318857 93.226875 1.556157 0.835148
Car -1 -1 -1.571911 982.784302 134.219040 1012.132812 161.258133 1.574905 1.867547 4.247725 0.325102 -27.799487 193.169337 -1.570228 0.333846
Car -1 -1 -1.566247 932.207397 163.521103 968.535156 194.476089 1.385147 1.755108 4.231590 -2.310953 -20.266943 152.841435 -1.581366 0.491297
Car -1 -1 1.640831 708.713745 223.931305 778.229187 297.242523 1.904206 1.811038 4.356284 -8.220847 -9.012791 91.407795 1.551136 0.591313
Car -1 -1 1.652834 742.502258 222.320160 797.352966 274.426514 1.373739 1.579535 4.224321 -8.011490 -10.623348 99.678118 1.572633 0.593610
