Car -1 -1 -0.037169 45.956524 394.005829 330.066650 506.987061 1.458465 1.849204 4.573452 -14.749034 -1.506196 50.742851 -0.320037 3.831759
Car -1 -1 0.074153 559.148499 452.679901 884.868469 569.156921 1.371192 1.847051 4.694427 -4.331037 -0.341035 44.267732 -0.023374 4.081192
Car -1 -1 -1.515581 686.326904 781.219177 909.166077 1011.501770 0.712725 1.719151 4.247778 -1.694579 3.066375 25.388847 -1.582227 1.930766
Car -1 -1 -1.650145 1037.857788 766.835754 1272.701416 1020.890320 0.885458 1.688699 4.247517 1.395353 3.097553 25.298042 -1.595044 1.709415
Car -1 -1 1.710665 519.444275 290.683105 614.786987 371.572144 1.498080 1.765113 4.253068 -11.041871 -5.385829 72.027408 1.558548 0.987818
Car -1 -1 1.665937 645.021423 290.904938 732.299377 377.336853 1.548065 1.702395 4.242398 -7.694699 -5.142604 70.375792 1.557032 1.120114
Car -1 -1 -1.778484 1385.926758 816.934143 1688.975586 1077.242798 0.806229 1.621975 4.239224 4.574798 3.362516 23.886219 -1.589251 2.643532
Car -1 -1 -1.372168 182.230652 850.025635 507.883881 1079.726196 1.051327 1.688597 4.244650 -5.242097 3.829495 23.003249 -1.596227 2.626698
Car -1 -1 1.776164 274.495392 285.249481 373.307129 375.802307 1.647951 1.405342 4.409915 -17.254443 -5.269472 71.554231 1.539543 0.916209
Car -1 -1 1.689475 572.822266 257.360107 654.912659 332.024048 1.610230 1.750430 4.249439 -11.053621 -7.081809 80.837901 1.553579 1.008534
Car -1 -1 -1.553726 912.562317 134.801346 941.645264 159.829498 1.461914 1.861840 4.249273 -4.555224 -27.618166 191.511331 -1.577508 0.386859
Car -1 -1 -1.558405 884.635620 153.910538 917.943237 184.328690 1.443586 1.654655 4.263620 -5.249303 -21.797838 160.289092 -1.591143 0.412870
Car -1 -1 -1.587285 989.074890 152.057724 1022.306824 182.300491 1.465046 1.778568 4.264850 0.794670 -22.522817 164.688550 -1.582460 0.351012
Car -1 -1 1.661381 687.531677 259.234131 751.748291 318.528748 1.305590 1.481414 4.246823 -8.287643 -7.767149 84.537474 1.563658 0.697414
Car -1 -1 1.657255 711.277344 241.563751 772.464844 296.067749 1.306655 1.527255 4.245780 -8.338483 -9.117570 91.994973 1.566861 0.451231
