Car -1 -1 -0.923992 648.809631 356.193542 833.321533 444.301422 1.169057 1.730171 3.821235 -5.284524 -3.010077 58.515825 -1.014057 1.480556
Car -1 -1 -1.518828 688.695496 701.638062 895.909546 900.839722 0.762512 1.768597 4.308167 -1.980244 2.502306 28.438725 -1.588348 1.783554
Car -1 -1 1.714034 526.693726 284.695221 619.023926 370.402740 1.620221 1.654188 4.244568 -10.875977 -5.394142 71.920918 1.563950 1.188705
Car -1 -1 1.796047 285.087006 283.923950 393.165649 369.171967 1.619443 1.715534 4.303955 -17.269802 -5.532987 73.146311 1.564193 0.872459
Car -1 -1 -1.451104 830.174500 314.814728 925.050964 388.483673 1.196632 1.731461 4.239573 -2.825665 -4.774622 68.942303 -1.492067 0.997433
Car -1 -1 -1.670184 1058.105713 842.504822 1329.342896 1079.124268 0.948795 1.767114 4.360479 1.595049 3.725017 23.531828 -1.602505 3.191896
Car -1 -1 -1.792140 1352.855591 808.682373 1721.567993 1079.291992 1.187299 1.996978 4.323667 4.520264 3.683006 23.851873 -1.604847 3.992502
Car -1 -1 1.740268 405.163116 297.004364 502.219604 367.190063 1.287967 1.617534 4.241639 -14.256669 -5.581962 73.419621 1.548475 1.031008
Car -1 -1 1.667357 657.713318 292.723724 738.846008 372.626770 1.475554 1.633072 4.234475 -7.561261 -5.280443 71.101500 1.561411 1.228865
Car -1 -1 1.690850 570.702332 232.655411 659.695862 329.241516 2.263472 1.838646 4.778832 -10.937163 -7.107597 80.409420 1.555661 0.330603
Car -1 -1 1.768599 398.034119 242.206482 477.496338 306.538208 1.467071 1.546439 4.241014 -17.722376 -8.534177 88.631312 1.571246 1.051503
Car -1 -1 1.771881 355.735748 272.312653 437.258392 335.070099 1.315907 1.391842 4.252029 -17.415088 -6.957038 80.849250 1.559721 1.152385
Car -1 -1 1.661263 692.385986 236.780258 764.336731 313.851105 1.834981 1.765058 4.250124 -8.348160 -8.251117 87.837661 1.566507 0.712713
Car -1 -1 1.729192 468.860321 273.476990 546.304321 336.242218 1.287485 1.431887 4.252240 -14.103817 -6.915897 80.550127 1.555855 1.238934
Car -1 -1 1.733874 494.175079 234.628494 574.826904 303.611816 1.620440 1.644515 4.248960 -14.594171 -8.579860 88.308890 1.570091 0.963315
Car -1 -1 -1.570379 938.178467 150.882248 970.810059 179.102188 1.366884 1.879414 4.250541 -2.297761 -23.388085 169.449494 -1.583939 0.437042
Car -1 -1 1.635163 739.271118 211.316528 793.590515 262.784821 1.432324 1.635767 4.243089 -8.172724 -10.951136 99.764797 1.553426 0.437384
Car -1 -1 1.638938 758.326416 196.149490 807.609131 244.177200 1.496040 1.625106 4.256771 -8.246231 -12.571358 108.445023 1.563044 0.366791
Car -1 -1 -1.605878 1022.728638 240.781662 1091.878540 293.186371 1.203767 1.732690 4.229374 2.173870 -9.382239 94.115000 -1.582784 0.324144
Car -1 -1 -1.522740 596.086609 943.575562 905.600037 1080.000000 0.548694 1.873200 4.389336 -1.702062 3.925484 21.033879 -1.603484 1.207763
