Car -1 -1 2.555820 1.345895 498.798157 293.915405 686.128662 1.433419 1.903168 3.488204 -11.204362 1.032532 29.512050 2.192975 2.186026
Car -1 -1 -2.991328 754.971985 301.957123 967.931274 389.183075 1.645332 1.974984 4.808159 -2.651279 -4.264909 54.893300 -3.039590 2.649769
Car -1 -1 -1.517550 877.068726 687.782349 1061.374390 893.042664 0.578716 1.559043 4.243835 0.103151 2.448807 22.683677 -1.513003 3.750173
Car -1 -1 -1.629784 1162.805664 744.258545 1386.373901 988.199219 0.497987 1.685322 4.519199 2.832277 2.904975 21.017422 -1.495833 2.276149
Car -1 -1 -1.383594 569.834412 636.656189 795.118347 832.248291 0.673674 1.576554 4.216662 -3.063646 2.070000 24.087012 -1.510105 3.379314
Car -1 -1 -2.827589 473.217529 328.091522 696.595459 407.324036 1.284558 1.901257 4.625963 -9.168046 -3.687804 51.949275 -3.002271 2.889173
Car -1 -1 -1.242848 179.409470 666.327332 489.344757 882.000000 0.612568 1.549131 4.549869 -6.547004 2.330651 23.004262 -1.520116 3.269390
Car -1 -1 1.884005 404.096985 245.550278 489.058411 300.700287 1.306529 1.474755 4.244150 -18.352351 -8.824133 76.382500 1.648206 1.267634
Car -1 -1 2.911931 804.513611 405.910400 1088.535156 504.248352 1.212314 1.946785 4.657694 -0.444921 -1.270792 40.973334 2.901072 4.357917
Car -1 -1 1.824412 515.524780 232.553741 597.445374 294.968567 1.569476 1.599687 4.515376 -14.829212 -9.256961 78.278056 1.637188 0.721101
Car -1 -1 -1.619966 1319.966187 277.851929 1387.686523 336.066650 1.153470 1.609835 4.238934 12.206124 -6.956177 68.694495 -1.444114 1.286097
Car -1 -1 1.773831 631.367554 232.651566 708.067444 291.013702 1.457864 1.734806 4.258446 -10.838046 -9.455720 78.996015 1.637485 0.900188
Car -1 -1 -1.671870 1197.593628 231.770523 1259.058838 284.499237 1.439379 1.842998 4.258055 9.911473 -10.074241 82.728951 -1.552632 0.712827
Car -1 -1 -1.100730 0.000000 879.844971 237.990616 1080.000000 0.967196 1.941053 4.311613 -7.315516 4.102231 16.455402 -1.519056 4.868922
Car -1 -1 1.858084 474.427979 217.003662 540.707031 276.713745 1.732673 1.018641 4.519360 -17.989218 -10.619474 84.811148 1.649072 0.719617
Car -1 -1 1.813338 579.038147 213.499924 642.787598 272.584991 1.688979 1.247729 4.510696 -14.204878 -11.001176 86.349583 1.650294 0.772924
Car -1 -1 1.790942 629.513672 196.999069 686.869263 251.533798 1.869932 1.367568 4.244750 -13.544813 -12.858296 94.919576 1.649201 0.743755
Car -1 -1 1.743579 725.330444 210.765823 782.713074 253.897293 1.334760 1.655028 4.247336 -9.445681 -12.889479 95.685652 1.645182 0.699124
Car -1 -1 1.757266 678.438782 221.846069 738.147827 270.609039 1.382775 1.411158 4.232499 -10.512464 -11.201018 87.635927 1.637880 0.723139
Car -1 -1 1.816659 533.084534 203.835724 596.439026 251.562363 1.447433 1.512178 4.408919 -17.594341 -12.873868 94.911134 1.633362 0.490261
