Car -1 -1 1.221414 371.593964 326.624817 524.112671 437.713013 1.503058 1.559341 4.291341 -10.723440 -3.065207 47.431790 0.999070 0.552556
Car -1 -1 1.891847 141.524658 223.390945 242.804047 291.601013 1.558508 1.605236 4.397478 -25.088610 -9.040207 73.538559 1.563067 0.762729
Car -1 -1 1.737343 316.482239 308.148193 411.770660 391.333832 1.241614 1.388926 4.247715 -14.103100 -4.442722 53.725406 1.480632 0.782002
Car -1 -1 1.728547 542.021362 164.172745 597.837952 210.596893 1.675872 1.819103 4.273774 -17.928127 -16.449261 105.878691 1.560811 0.643480
Car -1 -1 1.832687 315.794128 213.835602 389.683594 264.519653 1.286351 1.399851 4.247792 -21.916926 -10.906142 81.747740 1.570743 0.716870
Car -1 -1 1.748457 461.713196 155.614517 507.494568 190.933640 1.414593 1.604697 4.252137 -25.366308 -19.922225 121.798159 1.543127 0.550228
Car -1 -1 1.805856 313.625031 195.114822 377.311371 238.480713 1.303939 1.558070 4.229263 -25.609566 -13.572442 94.261133 1.540572 0.513854
Car -1 -1 1.718780 535.080994 143.267395 584.602417 182.432495 1.783101 1.864542 4.320873 -22.096773 -21.260696 127.264727 1.546865 0.308394
Car -1 -1 1.664074 632.148865 134.234909 669.115845 164.762436 1.464036 1.732041 4.233717 -18.568523 -24.398115 140.129421 1.532331 0.349351
Car -1 -1 1.698438 624.000793 111.079430 654.587769 137.857224 1.793362 1.912653 4.259372 -26.192868 -35.264811 189.879255 1.561359 0.122832
