Car -1 -1 -1.721808 1207.542236 667.983521 1458.643433 897.502563 0.921855 1.597373 4.216369 3.310716 2.264828 26.409667 -1.597099 2.327991
Car -1 -1 -1.462407 543.650330 695.846375 788.001038 921.112793 0.783831 1.662352 4.232598 -2.797312 2.368104 25.611933 -1.571195 2.443908
Car -1 -1 -1.621554 902.698120 731.722107 1145.988037 963.317444 0.714820 1.742459 4.235302 0.335022 2.572650 24.559775 -1.607913 3.198862
Car -1 -1 2.837945 1755.091064 285.380524 1919.346313 394.406647 2.047696 1.863204 4.253263 20.266296 -3.973114 62.887932 -3.133488 1.750194
Car -1 -1 1.847728 36.219383 270.523163 152.031265 353.986053 1.574142 1.493882 4.225389 -22.921011 -5.604043 71.756825 1.538546 1.245510
Car -1 -1 1.780932 273.750580 272.766083 371.155945 359.149780 1.525547 1.290733 4.186506 -16.351236 -5.309106 69.010808 1.548285 0.986025
Car -1 -1 -1.534554 724.695679 204.237350 784.650391 275.149902 1.840092 1.694029 4.260812 -7.668281 -9.906614 95.198337 -1.614931 0.996381
Car -1 -1 1.818908 150.559875 258.149170 257.680969 357.693146 1.784086 1.376161 4.206006 -19.580764 -5.439157 70.092246 1.546496 1.264266
Car -1 -1 1.826511 242.917664 250.409683 328.134033 314.418488 1.342371 1.233656 4.241664 -20.187064 -7.295737 80.642417 1.581224 1.024119
Car -1 -1 1.729247 413.787384 185.088257 476.911285 238.810898 1.674873 1.696207 4.312500 -21.971217 -13.170560 113.920548 1.538722 0.461732
Car -1 -1 1.777656 324.514618 264.179352 410.081238 328.547729 1.219075 1.293640 4.235011 -16.966677 -6.629466 76.766103 1.560135 0.885270
Car -1 -1 1.773416 329.058899 179.519745 382.301575 220.395508 1.490393 1.396006 4.258551 -28.970929 -15.591397 128.470438 1.551619 0.429190
Car -1 -1 1.855177 223.609863 200.914795 299.557648 255.416992 1.541608 1.411233 4.249840 -27.371974 -11.671863 105.502450 1.601329 0.526414
Car -1 -1 1.849758 115.362885 234.612839 204.518845 292.388428 1.401190 1.455699 4.228103 -26.999297 -8.918995 91.056169 1.561503 0.638884
Car -1 -1 1.719882 446.423584 147.179535 490.228088 185.648117 1.807209 1.713978 4.377891 -30.076988 -21.689524 162.965838 1.537376 0.174824
