Car -1 -1 3.056495 391.036987 358.012726 680.493347 479.224274 1.572052 1.993013 4.983675 -8.044611 -2.050968 43.589751 2.873996 4.026991
Car -1 -1 2.911230 1001.432373 367.814697 1265.895996 463.457764 1.318725 1.874704 4.753479 3.901382 -2.296808 44.936392 2.997833 2.922941
Car -1 -1 -0.014660 640.928467 404.018372 927.379639 506.603088 1.297258 1.865927 4.706180 -2.926568 -1.356191 41.145059 -0.085669 4.089262
Car -1 -1 2.928636 1258.443604 310.105316 1494.437866 425.588531 1.982112 1.902085 4.601018 9.747794 -3.271565 49.453574 3.123251 2.899893
Car -1 -1 1.878917 161.791000 256.318848 259.499481 322.392212 1.334257 1.400857 4.234632 -22.217504 -7.332610 66.747371 1.557593 1.226927
Car -1 -1 -0.306155 1178.480957 405.773926 1473.730591 507.271057 1.284290 1.880517 4.626364 7.176370 -1.347068 41.051840 -0.133091 3.949346
Car -1 -1 -1.646762 972.398010 723.085815 1187.062012 949.210327 0.629843 1.655907 4.234205 1.289532 2.764053 22.199419 -1.588739 2.955862
Car -1 -1 0.168835 127.485268 352.711487 387.760590 457.015839 1.504093 1.874249 4.410085 -14.079637 -2.443032 45.309678 -0.132448 3.650587
Car -1 -1 1.832516 281.256958 253.919434 385.752106 319.553070 1.298391 1.733028 4.393023 -18.501162 -7.452447 66.948393 1.562896 1.006235
Car -1 -1 2.713881 1789.020142 366.114014 1917.613525 462.054718 1.501700 1.873994 3.946817 20.613199 -2.334819 46.543151 3.130802 0.596892
Car -1 -1 1.854088 273.721680 228.809830 359.956726 285.829102 1.361204 1.552768 4.238657 -21.845185 -9.556895 76.699756 1.576621 1.189006
Car -1 -1 1.813419 346.213196 206.014282 414.864044 255.733887 1.365396 1.383677 4.244614 -21.836729 -11.676404 85.410840 1.563114 0.789339
Car -1 -1 -2.874667 178.615814 339.489685 388.972351 418.279419 1.322408 1.804861 4.234766 -14.453776 -3.152474 48.059131 3.116373 0.902021
