Car -1 -1 -1.603782 1103.955811 287.605438 1188.816895 376.621857 1.332642 1.819711 4.283345 4.488561 -4.962052 53.996188 -1.520845 1.214305
Car -1 -1 0.701454 710.896484 211.524750 857.017822 275.104218 1.541845 1.942195 4.241456 -6.116504 -9.704489 73.816624 0.618782 0.790948
Car -1 -1 1.793710 541.569763 246.897247 628.035950 310.427612 1.185819 1.509921 4.260650 -11.320326 -7.700978 65.318395 1.622105 1.069288
Car -1 -1 1.955232 219.835648 248.895203 334.287842 313.863922 1.240814 1.397838 4.221552 -20.926008 -7.756302 66.567241 1.650655 1.193793
Car -1 -1 -1.566306 998.378235 211.803375 1057.948242 266.616089 1.326520 1.932345 4.267066 2.343009 -10.594442 78.234548 -1.536366 0.902214
Car -1 -1 1.850750 435.130829 230.886703 538.197754 306.267761 1.487079 1.504307 5.050711 -14.257800 -7.872675 65.593007 1.636712 0.632580
Car -1 -1 1.745547 681.809631 160.114365 731.873169 197.871292 1.282382 1.571102 4.251238 -12.417346 -17.246688 105.387802 1.628262 0.655865
Car -1 -1 -1.565089 1018.357178 155.151978 1060.387817 202.943497 1.677491 1.751457 4.602958 3.570457 -16.592399 102.849912 -1.530387 0.339367
Car -1 -1 -1.566749 1054.827759 134.882217 1088.029541 164.108932 1.287800 1.685573 4.281853 6.579212 -23.698562 133.549642 -1.517525 0.445995
Car -1 -1 1.789012 495.132690 182.714310 566.084045 238.799911 1.737195 1.648588 4.216072 -17.670821 -13.031180 89.212658 1.593468 0.567489
Car -1 -1 -1.574178 1020.543274 125.585182 1051.121338 153.148605 1.332115 1.756703 4.280258 4.685016 -25.678034 141.321381 -1.541038 0.317075
Car -1 -1 1.793242 559.644165 174.883057 619.194702 218.371246 1.381063 1.429861 4.233212 -16.088855 -14.541351 93.988022 1.623706 0.532152
Car -1 -1 1.727158 714.184631 146.822556 756.806274 180.510498 1.268939 1.492100 4.236867 -11.823853 -19.278402 112.949684 1.622856 0.524605
Car -1 -1 1.916441 445.066345 186.599380 510.941376 234.065445 1.366273 1.340942 4.222744 -19.190243 -12.837172 86.515292 1.698162 0.383534
Car -1 -1 -1.575305 1034.329102 102.445717 1059.863159 126.726700 1.552625 1.859221 4.254886 6.692362 -34.134254 176.836813 -1.537479 0.142903
Car -1 -1 1.872831 596.799561 169.127640 645.793335 202.933685 1.122515 1.308994 4.224493 -16.073490 -16.523591 102.540653 1.717343 0.424689
Car -1 -1 1.490654 496.889069 130.302826 545.908447 163.475510 1.496356 1.627606 4.222713 -27.086720 -23.713674 133.345681 1.290250 0.137422
Car -1 -1 -1.580287 1066.286865 107.622681 1091.925781 129.772629 1.403341 1.797159 4.251530 9.526921 -34.498688 180.051411 -1.527424 0.184960
Car -1 -1 1.703965 751.682617 106.200142 780.869629 129.790756 1.439959 1.709076 4.244697 -15.962049 -33.801303 176.109625 1.613575 0.196290
Car -1 -1 -1.595482 1089.841797 100.075218 1113.529419 121.780090 1.455624 1.760443 4.253314 11.753181 -35.954187 184.718272 -1.531940 0.157070
Car -1 -1 1.771293 589.260071 192.637344 671.829895 276.136932 1.951906 1.684088 4.934641 -11.560160 -10.071564 75.679956 1.619714 0.215979
Car -1 -1 0.426276 121.835609 179.877487 237.478027 222.740173 1.411166 1.868522 3.908568 -34.194429 -14.513713 95.038761 0.080903 0.143985
Car -1 -1 1.825335 581.067566 157.296875 629.357971 189.064896 1.192862 1.502794 4.218918 -18.160254 -18.448684 110.184945 1.661987 0.292579
Car -1 -1 1.818960 496.888977 197.389511 577.602234 263.384735 1.588719 1.553245 4.222274 -16.083862 -11.626262 81.791930 1.624794 0.308895
Car -1 -1 0.406013 340.407318 143.156738 424.810577 178.964005 1.475376 1.817503 3.754370 -30.238734 -19.406333 113.440555 0.145510 0.076954
