Car -1 -1 -1.615750 1024.089111 603.974060 1194.435059 769.268005 0.894167 1.732289 4.225615 1.351560 1.651354 33.704252 -1.575670 3.150874
Car -1 -1 -1.515037 687.418335 672.854126 879.418823 864.186096 0.847910 1.743282 4.243024 -2.186861 2.332056 30.021726 -1.587752 2.973986
Car -1 -1 -1.619254 851.611450 412.604950 965.103394 517.674683 1.123910 1.698769 4.238944 -1.587927 -1.420600 50.572986 -1.650643 1.937888
Car -1 -1 -1.588437 948.707703 343.950378 1040.750610 429.104431 1.178649 1.823672 4.238803 0.023532 -3.500181 61.901632 -1.588057 1.517639
Car -1 -1 -1.544428 831.808167 277.172546 897.721008 342.393677 1.268342 1.668390 4.236178 -3.664735 -6.750227 79.976723 -1.590218 1.181428
Car -1 -1 1.683020 662.084839 303.111664 739.457336 382.292969 1.356565 1.409790 4.227232 -7.313328 -4.961445 69.521774 1.578211 1.232408
Car -1 -1 -1.568492 952.944458 260.566681 1025.122314 333.886597 1.556889 1.924861 4.250295 -0.105688 -7.125292 81.753074 -1.569785 1.045981
Car -1 -1 -1.606397 1040.671265 247.889450 1104.057739 302.801880 1.299007 1.807855 4.251138 2.595711 -8.774087 90.545563 -1.577737 1.108634
Car -1 -1 -1.545322 888.821167 214.088684 939.891113 260.142914 1.312770 1.767218 4.236713 -3.038509 -11.932439 107.485459 -1.573583 0.785587
Car -1 -1 -1.543699 850.392090 232.870056 904.929321 283.952484 1.350791 1.626825 4.229350 -4.038993 -10.052179 97.571007 -1.585071 0.758814
Car -1 -1 -1.582812 1009.402954 185.338379 1053.125732 223.173492 1.336205 1.811610 4.255816 1.769754 -15.806594 128.151871 -1.569003 0.669395
Car -1 -1 1.678563 611.680786 200.349899 667.214722 243.485001 1.374466 1.727483 4.255621 -14.753481 -13.484146 115.724294 1.551758 0.735249
Car -1 -1 -1.564950 936.118652 157.668701 971.670471 190.695724 1.524344 1.817842 4.240870 -2.138337 -20.813027 155.211674 -1.578726 0.374334
Car -1 -1 1.638735 718.928467 209.502808 777.826599 266.552917 1.626692 1.827888 4.245598 -8.955911 -11.041034 101.571351 1.550789 0.611781
Car -1 -1 -1.580470 995.930237 152.802475 1028.375732 181.528549 1.381625 1.709890 4.248577 1.172764 -22.854102 166.747525 -1.573437 0.316700
Car -1 -1 -1.558475 880.101196 157.643417 914.431213 188.049377 1.361269 1.744291 4.257175 -5.491643 -21.623396 160.224634 -1.592737 0.432906
Car -1 -1 -1.573369 992.337097 139.147797 1020.011292 163.610641 1.395236 1.723220 4.232564 0.921415 -26.813613 187.511780 -1.568456 0.217218
Car -1 -1 1.663863 712.141418 243.048508 771.820618 297.249817 1.319813 1.567511 4.245519 -8.306556 -9.056121 91.705676 1.573531 0.523797
