Car -1 -1 2.904589 1278.554565 330.669952 1500.206909 431.810455 1.650618 1.859814 4.153515 9.848759 -3.069186 48.326614 3.105632 3.845256
Car -1 -1 1.934698 33.601719 248.733704 149.170929 324.422333 1.598550 1.496679 4.255615 -25.363505 -7.138991 65.566735 1.565592 1.507438
Car -1 -1 1.804768 316.264709 251.149017 413.162048 315.935059 1.285347 1.701585 4.250213 -17.575279 -7.558683 67.019983 1.548303 1.405246
Car -1 -1 1.878792 168.670624 251.721008 277.570038 325.938293 1.495957 1.601787 4.293006 -21.368579 -7.122261 65.415361 1.563060 1.310179
Car -1 -1 1.780711 383.806091 217.396332 468.062378 281.463043 1.598150 1.783064 4.265930 -17.970175 -9.675230 76.490579 1.549962 1.054274
Car -1 -1 1.814979 314.733429 208.660889 394.325439 270.560394 1.668475 1.675550 4.328684 -21.093380 -10.292887 78.862826 1.553627 0.716268
Car -1 -1 1.849016 253.026642 234.110291 339.128448 297.041138 1.406240 1.329668 4.244764 -21.408213 -8.773807 72.953028 1.563577 1.196140
Car -1 -1 1.903659 154.377014 236.080627 240.025421 296.998535 1.437565 1.231329 4.212729 -24.636629 -8.667193 72.406585 1.575692 0.739969
Car -1 -1 1.865941 221.855484 217.583908 300.394806 270.142609 1.283685 1.387677 4.261195 -25.066457 -10.579626 80.592142 1.564398 0.800511
Car -1 -1 1.732375 501.931671 158.609863 550.858154 196.532532 1.490112 1.793949 4.240509 -22.170670 -18.905818 117.406122 1.545735 0.582204
Car -1 -1 1.696352 582.468445 134.142517 623.072510 165.967514 1.603304 1.881193 4.251945 -21.662990 -24.377032 140.493463 1.543365 0.430583
Car -1 -1 1.795523 358.931976 200.242050 421.136963 243.663040 1.249158 1.375605 4.229893 -22.329390 -12.550402 88.771177 1.549096 0.622428
Car -1 -1 0.375772 61.658978 127.188721 172.021240 174.095856 2.507155 2.235850 5.192534 -51.922471 -23.483464 138.343400 0.016725 0.153924
