Car -1 -1 -1.633683 884.053345 558.986328 1090.907349 765.729431 1.026916 1.790466 4.626283 0.195719 1.500696 31.048792 -1.627379 1.673987
Car -1 -1 1.760326 160.855820 255.712982 277.580841 354.862518 1.551695 1.553157 4.275566 -16.834519 -4.703306 63.197341 1.499991 0.978302
Car -1 -1 1.796749 97.394119 241.633148 203.684433 322.079712 1.407959 1.479465 4.237126 -20.517390 -5.922141 70.326417 1.512882 1.080691
Car -1 -1 -1.604693 837.009277 213.845093 909.096252 279.402618 1.295826 1.840557 4.272027 -2.603809 -7.955021 81.033011 -1.636815 1.031060
Car -1 -1 1.854416 0.586094 246.349091 55.445259 328.186890 1.375001 1.299410 4.280852 -24.612452 -5.877255 70.966029 1.520577 0.877864
Car -1 -1 1.773768 242.859680 199.262848 327.951294 255.631271 1.262399 1.708439 4.256530 -21.569018 -9.354103 88.672200 1.535158 1.066679
Car -1 -1 1.752894 227.352234 167.257614 300.266998 219.689499 1.476597 1.694157 4.281765 -25.904613 -12.063083 103.245263 1.507065 0.618507
Car -1 -1 1.781970 108.086014 184.978638 200.471146 254.670639 1.621672 1.800935 4.273292 -25.976129 -9.513973 89.493799 1.499476 0.749853
Car -1 -1 1.710719 347.979279 156.968582 410.751404 205.733749 1.466775 1.739711 4.251771 -22.947549 -13.288798 109.503966 1.504149 0.778886
Car -1 -1 1.753598 206.439087 146.376892 266.022858 189.752625 1.407145 1.557445 4.248582 -31.368737 -15.269068 120.286051 1.498495 0.540402
Car -1 -1 1.827040 103.465378 167.678101 181.963974 225.808731 1.631522 1.544356 4.248055 -30.451750 -11.815728 103.252413 1.540245 0.416905
Car -1 -1 1.700529 327.377625 131.612335 382.881805 175.810272 1.529343 1.769440 4.245885 -26.986436 -16.220688 123.408592 1.485242 0.313721
