Car -1 -1 -1.178268 640.793335 646.524475 909.913513 839.406738 0.657110 1.257426 4.228799 -2.141821 2.451754 24.526601 -1.265374 3.108003
Car -1 -1 -1.447381 1358.406128 618.509521 1558.677246 824.127380 0.727584 1.479215 4.230466 5.243864 2.185545 23.561853 -1.228393 2.304333
Car -1 -1 -1.296658 998.309448 620.565247 1257.982666 873.242859 0.999645 1.307888 4.312270 1.680500 2.473684 22.929141 -1.223497 2.070355
Car -1 -1 0.727065 1.528553 378.547882 165.294525 456.835266 1.523653 1.835675 3.702271 -24.852238 -2.187022 60.505310 0.337330 0.594084
Car -1 -1 0.618282 286.207977 319.586365 432.811920 384.237671 1.410864 1.870134 3.814560 -20.087765 -4.737263 70.842699 0.341981 0.939523
Car -1 -1 0.668777 123.212555 353.417480 298.962524 427.225800 1.439210 1.847538 4.195464 -22.141277 -3.085145 63.396350 0.332769 1.161801
Car -1 -1 0.681721 196.739212 342.842285 346.336426 404.108215 1.156238 1.806773 3.548518 -22.139515 -4.056797 68.340590 0.368431 0.291664
Car -1 -1 -1.177658 546.505676 872.443115 1087.781982 1079.550537 1.013164 2.188850 4.592988 -0.980812 4.335180 16.838000 -1.235842 3.921826
Car -1 -1 -1.433904 1122.184082 875.847290 1512.095825 1079.204102 1.008402 1.911454 4.679131 2.670002 4.193190 16.001217 -1.268565 3.067890
Car -1 -1 -0.989041 2.584480 855.235474 689.494263 1080.000000 1.177428 2.747441 4.782598 -4.751459 4.520326 17.424912 -1.255250 4.328339
Car -1 -1 1.760992 1239.623047 161.030746 1298.442993 209.798355 1.649486 1.839025 4.263037 14.110151 -15.058495 107.257688 1.891794 0.595718
Car -1 -1 1.663396 1435.045044 157.412125 1484.886475 198.592346 1.256481 1.698133 4.271440 22.145011 -14.704566 101.224153 1.878775 0.588348
Car -1 -1 1.729780 1302.082886 168.777832 1353.254028 207.310425 1.186753 1.514122 4.251296 16.591063 -14.803533 104.768082 1.886836 0.578640
Car -1 -1 0.650558 124.955132 333.617188 269.434631 389.443665 1.192954 1.815843 3.633331 -25.768129 -4.623546 71.885752 0.306367 0.427522
Car -1 -1 1.691007 1358.650757 166.290436 1406.950562 203.978333 1.126744 1.440942 4.262731 18.933857 -14.730878 103.176704 1.872497 0.471978
Car -1 -1 1.714978 1333.967529 157.311829 1376.142212 193.507462 1.210617 1.323209 4.262023 18.767494 -16.173198 110.018282 1.883937 0.555291
Car -1 -1 1.687702 1382.252319 154.285965 1426.379517 191.649872 1.277936 1.547716 4.234185 21.062105 -16.105674 109.047255 1.878499 0.563860
Car -1 -1 -2.326344 2.099194 282.818726 66.930847 324.588440 1.314111 1.840008 3.805556 -47.733150 -9.948256 108.633292 -2.740346 0.133208
Car -1 -1 2.485016 972.968262 190.274155 1065.182739 242.080841 1.828092 1.787673 3.446443 1.689253 -12.576007 99.860713 2.501930 0.147988
Car -1 -1 1.668292 1454.739136 122.422890 1490.553955 152.761581 1.331778 1.653591 4.244246 30.391401 -22.204753 135.666663 1.888669 0.322950
Car -1 -1 0.968547 0.611011 357.353821 58.026764 412.873688 1.251052 1.757717 2.817844 -31.893880 -3.856532 71.410718 0.548502 0.076328
Car -1 -1 1.668258 1479.764160 136.141846 1517.815552 167.114227 1.156592 1.498118 4.240663 27.164251 -18.137623 115.175180 1.899877 0.260669
Car -1 -1 1.669999 1506.509033 121.143005 1539.528687 148.341522 1.178317 1.448508 4.255740 31.916702 -21.345824 129.281994 1.912036 0.153916
