Car -1 -1 -1.713779 1451.340698 699.174316 1696.685791 917.584229 0.813806 1.623441 4.207185 5.462250 2.646497 27.837121 -1.520019 3.116372
Car -1 -1 -1.297231 1548.177246 547.728394 1749.121216 699.644470 0.954599 1.277365 4.221184 8.411793 1.215809 36.718676 -1.072029 2.984966
Car -1 -1 -1.374294 152.203201 743.933472 470.919373 1009.945312 0.801578 1.619982 4.251462 -5.931888 2.850788 23.793233 -1.618623 4.108161
Car -1 -1 -2.713259 1519.156006 300.119110 1690.083618 370.597717 1.231162 1.838205 3.891221 15.639678 -4.995917 73.770343 -2.504347 1.616165
Car -1 -1 -1.511146 724.745422 322.219391 821.122375 421.784302 1.316429 1.762669 4.242696 -5.155670 -3.086890 58.744540 -1.598686 2.027614
Car -1 -1 -1.600202 925.554138 330.579285 1033.419067 444.901459 1.523879 1.845836 4.467835 -0.833264 -2.494715 55.462923 -1.615225 1.356167
Car -1 -1 1.756472 302.155304 213.830719 384.894073 279.889801 1.438942 1.543355 4.288034 -21.144387 -8.506575 87.114318 1.518357 0.722813
Car -1 -1 -1.606623 1225.130859 257.365112 1304.011841 332.796448 1.562276 1.859715 4.271769 7.129079 -6.419886 80.417491 -1.518204 1.016045
Car -1 -1 -1.568277 923.755371 283.910492 997.179626 354.487457 1.145962 1.651976 4.255908 -1.436190 -5.039703 69.022571 -1.589081 1.400468
Car -1 -1 1.757239 261.438843 188.252625 334.992035 246.863388 1.614810 1.743201 4.240540 -26.279073 -10.938477 101.503633 1.503904 0.714272
Car -1 -1 -1.568421 850.226624 241.188843 916.191589 297.801453 1.205842 1.829859 4.242625 -4.268773 -8.029752 87.990109 -1.616897 0.900052
Car -1 -1 -1.550425 815.125610 181.926727 860.235596 224.256042 1.279054 1.696368 4.257992 -7.696729 -13.660568 118.731224 -1.615160 0.594433
Car -1 -1 -1.676011 1187.884277 230.593719 1256.862793 284.076843 1.301232 1.823548 4.253580 7.039961 -9.279860 96.863867 -1.603459 0.654305
Car -1 -1 1.774664 226.997192 179.912903 291.627747 227.708603 1.403841 1.567599 4.265393 -30.121806 -12.552805 110.065728 1.507534 0.530604
Car -1 -1 1.826821 151.210648 169.445908 227.853378 220.123795 1.593164 1.653844 4.255772 -33.565508 -13.088580 112.451755 1.536752 0.319650
