Car -1 -1 1.709009 514.690674 303.727173 605.663513 379.074463 1.292928 1.592056 4.244115 -11.018048 -5.111769 70.648652 1.554300 1.249291
Car -1 -1 -0.579617 325.323761 388.420868 566.657776 485.032410 1.176304 1.814780 3.919989 -10.498704 -2.016757 53.269703 -0.774209 2.936076
Car -1 -1 -1.520280 673.146545 713.826843 884.793945 938.355042 0.905958 1.762270 4.230024 -2.021762 2.691713 27.143545 -1.594627 3.675287
Car -1 -1 -0.127786 1156.438965 456.959106 1479.748901 568.822693 1.350765 1.855859 4.667542 5.216301 -0.323895 44.684021 -0.011575 4.794610
Car -1 -1 -1.772845 1369.273315 821.979309 1670.189575 1070.477173 0.632631 1.575238 4.305976 4.440471 3.265529 23.947517 -1.589502 3.566369
Car -1 -1 -1.634265 1044.272949 751.224976 1260.518677 970.999390 0.737632 1.630629 4.416946 1.443960 2.878115 26.607802 -1.580050 1.306131
Car -1 -1 1.785730 291.777008 300.388947 392.820496 373.455170 1.292325 1.519040 4.237302 -16.859471 -5.321406 71.841260 1.555224 1.399471
Car -1 -1 0.140928 485.925323 432.662659 842.847412 573.340332 1.687580 1.946979 4.912396 -5.019047 -0.267896 42.876292 0.024399 2.911278
Car -1 -1 -1.134403 724.601379 346.085297 901.757202 459.269104 1.488943 1.533144 4.459261 -3.568465 -2.618003 55.281478 -1.198865 1.503092
Car -1 -1 1.658348 649.966736 313.061005 739.093140 390.405701 1.237003 1.662322 4.246406 -7.294268 -4.679547 67.865387 1.551278 1.309398
Car -1 -1 -1.954865 1391.005737 299.364227 1516.291382 371.609497 1.259787 1.552118 4.282742 12.097114 -5.444121 72.764736 -1.790122 0.797625
Car -1 -1 0.343197 742.612793 299.045807 923.689453 369.398834 1.378770 1.822479 4.253431 -4.046988 -5.292550 71.546646 0.286693 1.134355
Car -1 -1 -1.563924 926.344177 263.314972 987.245056 320.323242 1.268833 1.686903 4.240733 -1.083258 -7.747292 85.226190 -1.576634 1.126836
Car -1 -1 -1.371998 126.394989 919.510986 506.443970 1078.691040 0.980033 1.839022 4.220634 -5.003418 4.138416 21.147376 -1.604323 3.920499
Car -1 -1 1.681556 624.823425 235.244751 692.024475 300.858490 1.665975 1.643280 4.243686 -10.894032 -8.792553 90.245867 1.561423 0.933825
Car -1 -1 1.746109 395.114441 295.055878 501.061798 369.382446 1.351173 1.774463 4.274775 -14.320747 -5.497269 72.959800 1.552290 1.075609
Car -1 -1 1.723150 483.011505 260.717041 558.754944 321.656464 1.344355 1.530398 4.250713 -14.375574 -7.669181 84.477997 1.554596 0.983909
Car -1 -1 1.767286 344.794373 267.027527 432.612610 337.502075 1.460470 1.509576 4.236303 -17.487403 -6.890640 80.269407 1.552779 1.214415
Car -1 -1 -1.603629 1039.483887 237.637665 1100.557129 293.166687 1.382393 1.839606 4.236059 2.635280 -9.413396 94.073972 -1.575624 1.153111
Car -1 -1 1.710815 547.631226 257.120300 631.652954 342.348907 1.787855 1.564937 4.560219 -11.373491 -6.603616 78.227301 1.566436 0.561025
Car -1 -1 1.647380 680.949524 264.944519 756.888306 330.291504 1.291226 1.701408 4.252960 -8.057720 -7.211293 81.519327 1.548855 1.086984
Car -1 -1 1.663174 691.191162 185.005371 737.072815 222.117798 1.304471 1.535569 4.244508 -12.927939 -15.871149 128.358258 1.562795 0.574700
Car -1 -1 1.622588 769.222900 183.137024 812.093018 220.151764 1.360839 1.667768 4.232616 -9.450612 -16.069050 129.525565 1.549754 0.508778
Car -1 -1 1.713823 519.715393 237.694443 586.552429 294.164093 1.405029 1.455780 4.251920 -14.827181 -9.293119 93.258484 1.556152 0.875687
Car -1 -1 1.628000 778.543091 146.761246 817.671204 187.885529 1.866944 1.840858 4.291347 -10.956736 -21.072623 155.849460 1.557812 0.174634
Car -1 -1 1.616584 811.252136 128.595551 838.510864 154.119049 1.565022 1.783821 4.239081 -12.643903 -30.722229 209.657360 1.556350 0.182182
Car -1 -1 -1.685206 1092.452148 898.505554 1415.203369 1080.000000 1.220943 1.562540 4.562515 1.694593 4.013851 20.171015 -1.601392 1.225767
