Car -1 -1 -1.683541 975.791077 615.081848 1174.534546 801.232178 0.932085 1.607945 4.215875 0.562142 1.993009 31.808301 -1.665870 5.268110
Car -1 -1 -1.542410 665.221802 537.802246 822.181763 691.537781 0.842891 1.683637 4.249367 -3.488355 1.028682 35.492575 -1.640380 3.816337
Car -1 -1 -1.588646 1024.993652 446.940613 1142.795288 578.781433 1.078163 1.612367 4.286145 0.999418 -0.199029 43.371161 -1.565606 2.187560
Car -1 -1 -1.543692 760.017090 383.538177 870.713806 511.747284 1.246044 1.730784 4.321508 -3.448765 -1.219934 47.373602 -1.616363 2.483516
Car -1 -1 -1.673772 1074.988281 352.620728 1197.370728 451.801880 1.185613 1.747134 4.242684 2.310245 -2.407891 55.715298 -1.632331 1.573974
Car -1 -1 -1.731809 1522.155151 734.313171 1771.833008 988.323425 0.805146 1.460502 4.238952 5.689793 2.907223 25.562812 -1.512798 2.310464
Car -1 -1 -1.370051 37.821224 810.961670 415.513550 1078.593872 1.031016 1.946941 4.272794 -6.349627 3.573884 22.773300 -1.641964 2.877704
Car -1 -1 -1.572808 911.883728 252.600967 975.533691 310.574982 1.155512 1.573578 4.257912 -2.232863 -7.249610 83.206745 -1.599636 1.158655
Car -1 -1 -1.562045 800.673157 204.581436 861.008423 269.479767 1.683001 1.859823 4.427831 -6.428468 -9.519016 95.027375 -1.629591 0.502934
Car -1 -1 -1.624474 948.809082 215.183228 1007.200684 268.748901 1.286006 1.689130 4.270171 -1.414939 -9.746249 96.809525 -1.639089 0.829562
Car -1 -1 1.822278 142.137238 197.815582 224.255341 258.868225 1.576326 1.550162 4.252627 -28.751989 -9.947229 95.735362 1.530521 0.829183
Car -1 -1 -1.597088 906.875854 193.022141 957.678284 234.627518 1.240074 1.745170 4.279929 -3.504400 -12.527126 112.597668 -1.628201 0.465377
Car -1 -1 1.699259 389.231354 159.535355 448.217896 206.150177 1.573575 1.753794 4.259334 -26.358476 -14.730842 122.017643 1.486506 0.617058
Car -1 -1 1.761123 286.307312 169.040329 349.247894 213.333054 1.346549 1.630139 4.250252 -29.439868 -13.896581 116.962239 1.514541 0.666246
Car -1 -1 -1.551663 788.411560 148.323914 823.961670 178.223923 1.216155 1.695031 4.245135 -11.733268 -20.010511 153.918922 -1.627746 0.298858
Car -1 -1 -1.595514 901.923401 163.000214 938.692993 194.133011 1.138885 1.450749 4.259815 -5.208358 -18.397603 147.037085 -1.630922 0.203421
