Car -1 -1 3.110702 734.793884 184.955948 879.768311 237.361053 1.332595 1.839493 4.425555 -4.949912 -11.285863 73.747641 3.043683 1.856909
Car -1 -1 -1.430764 550.516968 580.852112 763.877319 798.175293 0.834033 1.511108 4.229083 -3.077678 1.337109 23.299868 -1.562093 4.783691
Car -1 -1 -3.135098 547.004944 165.475372 704.778687 224.130310 1.643932 1.965176 4.895226 -11.918721 -12.565499 79.096645 2.998527 1.315469
Car -1 -1 0.045806 720.517700 258.480377 938.945923 333.692993 1.348003 1.899121 4.841105 -3.014174 -5.981968 52.950535 -0.011057 2.760347
Car -1 -1 -0.117489 1041.663208 274.286896 1277.390991 358.520721 1.352144 1.893132 4.663611 4.582867 -5.097076 49.233929 -0.024673 3.344162
Car -1 -1 -3.004075 306.658386 184.883850 471.521027 249.844391 1.593974 1.892318 4.268578 -18.114669 -10.349287 69.891567 3.025509 1.901810
Car -1 -1 2.877583 1348.299805 184.230484 1496.140991 242.990372 1.528661 1.859508 4.070040 15.289433 -10.752508 71.521044 3.088189 1.797205
Car -1 -1 2.736004 1653.915771 196.280960 1809.095093 252.939575 1.367714 1.868470 3.731117 24.197626 -9.960968 68.082187 3.077497 2.178678
Car -1 -1 2.972290 1237.010864 172.457779 1386.351562 233.722610 1.624399 1.884186 4.230417 12.094689 -11.427190 73.876815 3.134565 1.250888
Car -1 -1 2.693956 1835.080322 189.540787 1917.829834 252.809769 1.521291 1.880564 4.164274 30.428804 -10.206227 69.551800 3.106366 0.588876
Car -1 -1 1.704068 607.358887 127.309242 652.689453 166.278610 1.413771 1.613862 4.255040 -16.382817 -20.204994 110.281408 1.556592 0.693933
Car -1 -1 1.704661 656.165894 131.939896 706.832092 173.987869 1.426925 1.693154 4.233206 -12.694848 -18.265845 101.518945 1.580258 0.595667
Car -1 -1 3.002827 664.107788 153.044617 765.363464 209.839569 1.586069 1.909055 4.281129 -9.168627 -13.776577 83.304237 2.893206 0.658002
Car -1 -1 1.656625 726.912354 125.205902 772.733459 168.688263 1.494975 1.640553 4.224781 -9.924351 -19.309012 105.697278 1.563005 0.350075
Car -1 -1 2.875792 1457.562988 163.417587 1586.613403 205.616547 1.282450 1.843184 4.232243 22.522983 -14.371096 86.530238 3.130432 0.801223
Car -1 -1 -2.766056 1291.834351 149.128006 1402.126465 191.612106 1.258074 1.875540 3.864738 16.681826 -16.129341 93.089949 -2.588737 0.435810
Car -1 -1 2.707204 1767.205688 181.053513 1904.407471 232.872940 1.375258 1.887145 3.907706 29.811552 -11.339917 73.353814 3.093222 0.283327
Car -1 -1 3.035028 1186.358032 176.142731 1309.131226 221.240982 1.302236 1.924638 4.053909 10.635354 -12.607820 79.346341 -3.114914 0.377442
Car -1 -1 2.701261 1851.632568 161.663040 1917.763672 199.292145 1.292669 1.873119 4.062759 38.839613 -14.862941 88.362048 3.115392 0.160833
Car -1 -1 -1.590001 994.366577 76.434601 1020.567566 96.902580 1.450250 1.784916 4.233701 4.618627 -40.477105 191.061419 -1.565832 0.131217
