Car -1 -1 -2.047549 1550.142334 537.740906 1851.746094 700.041138 0.862518 1.481199 4.680459 9.117702 1.061461 34.619157 -1.790026 1.532935
Car -1 -1 -1.650641 996.074219 298.160736 1103.046631 395.236389 1.307501 1.794834 4.232038 1.823107 -3.641090 58.954462 -1.619727 1.461867
Car -1 -1 1.776041 141.062393 216.928314 246.134186 294.983307 1.517080 1.792626 4.318512 -21.128183 -7.145354 76.614148 1.506955 0.878225
Car -1 -1 1.843054 4.255793 228.482956 121.797935 300.616302 1.339431 1.621757 4.274212 -24.622206 -6.972548 76.264546 1.530766 0.962112
Car -1 -1 -1.653196 959.121582 220.710922 1037.340332 292.231293 1.445285 1.685079 4.248696 1.012545 -7.429194 79.033392 -1.640385 1.095718
Car -1 -1 -1.599864 843.757019 217.508942 908.790771 276.300964 1.186116 1.753347 4.261425 -2.558051 -8.114586 82.094423 -1.631013 0.954344
Car -1 -1 1.817389 37.199963 191.090744 124.252541 245.079941 1.264876 1.528676 4.257355 -29.458044 -10.133327 93.104377 1.510957 1.229968
Car -1 -1 1.738064 265.470886 181.859741 340.039642 239.782227 1.403036 1.596635 4.260591 -22.408602 -10.499623 94.620074 1.505522 0.888407
Car -1 -1 1.746697 242.616104 159.093338 310.263000 209.264359 1.429445 1.645476 4.251275 -26.860553 -13.141849 108.930010 1.504935 0.592882
Car -1 -1 1.731365 148.055862 187.528793 228.960709 244.785049 1.334603 1.654584 4.262778 -25.833586 -10.093833 92.668527 1.459493 0.906765
Car -1 -1 -1.591833 822.025940 146.900558 869.240295 193.839691 1.467261 1.824969 4.272552 -4.934717 -14.886425 118.471723 -1.633462 0.520502
Car -1 -1 1.779634 117.271912 174.055283 190.432617 223.082428 1.314896 1.511791 4.267371 -30.496562 -12.169340 104.764094 1.496365 0.629563
Car -1 -1 1.759060 175.409744 154.627426 242.218384 201.134140 1.360703 1.606047 4.269368 -31.062626 -14.133291 114.711812 1.494613 0.681127
Car -1 -1 1.723354 335.985443 156.891129 400.413177 205.884048 1.492684 1.764714 4.255575 -23.463297 -13.360413 109.980478 1.513164 0.664627
Car -1 -1 1.849870 23.424267 156.682663 93.157425 203.898666 1.409819 1.572430 4.260545 -37.576320 -14.028220 115.182662 1.534524 0.236281
Car -1 -1 1.716942 306.355011 147.507248 361.843414 189.222885 1.280148 1.540836 4.251425 -26.684864 -15.021429 117.908131 1.494372 0.283076
Car -1 -1 1.801238 22.662786 212.566132 125.035774 272.725067 1.295184 1.572266 4.262741 -25.891779 -7.589894 80.539114 1.490192 0.352644
