Car -1 -1 2.780026 1661.014526 188.995529 1817.593872 248.724869 1.550353 1.878497 4.282000 24.936711 -9.081195 72.532248 3.111168 1.877498
Car -1 -1 -1.534890 664.551453 724.192627 896.051758 988.638794 0.570097 1.686523 4.285678 -1.769858 2.824961 19.225973 -1.626687 4.219079
Car -1 -1 1.722246 583.704529 350.646820 717.276733 463.327209 1.075446 1.599419 4.314029 -6.034639 -1.653893 39.203862 1.569515 2.116840
Car -1 -1 2.924909 1308.795410 189.053772 1448.143066 243.869675 1.483477 1.875930 4.060414 13.264472 -9.409466 74.287557 3.101603 1.713382
Car -1 -1 1.801276 344.132263 534.420654 598.647522 754.766296 0.996764 1.512408 4.403882 -5.549622 1.504355 23.929175 1.573386 2.960548
Car -1 -1 3.059093 944.866638 193.146149 1089.931763 246.925812 1.451273 1.895835 4.410450 0.993688 -9.574949 76.151153 3.072141 1.165668
Car -1 -1 2.688164 901.905151 220.476624 1066.683716 287.883209 1.469811 1.864515 4.344701 -0.141901 -7.085698 64.986491 2.685980 1.932820
Car -1 -1 3.024638 1203.058105 206.845947 1366.829224 267.095459 1.378212 1.846325 4.308868 9.203695 -7.985378 67.745119 -3.123516 2.249042
Car -1 -1 -2.940970 477.461090 204.136307 637.963135 259.841217 1.308568 1.903748 4.499222 -14.164227 -8.741691 72.219719 -3.134638 1.217588
Car -1 -1 -3.042743 775.459778 198.488007 924.021729 269.275299 1.700544 1.904783 4.290678 -4.379641 -8.061507 68.816661 -3.106300 1.458310
Car -1 -1 0.421538 0.000000 277.921082 127.427162 361.133636 1.347578 1.961395 4.720953 -23.244106 -4.093726 51.342437 -0.003581 0.934487
Car -1 -1 2.395342 570.723938 160.774261 663.602112 202.017548 1.342426 1.753673 3.800482 -16.494747 -14.027340 96.582520 2.226190 0.538167
Car -1 -1 -1.598879 888.490723 127.979820 925.023315 160.189529 1.282422 1.804876 4.276463 -4.712253 -20.198011 124.044474 -1.636849 0.445344
Car -1 -1 2.699617 1831.804321 183.489502 1919.634644 238.225662 1.426106 1.855500 4.098563 31.210218 -9.604427 74.171782 3.097910 0.417107
Car -1 -1 -2.975858 299.180237 195.097275 484.486389 270.370087 1.974594 2.127788 4.709982 -18.989805 -8.051567 69.467149 3.040482 1.515018
Car -1 -1 -2.842000 235.278931 203.957016 370.834930 256.489014 1.379130 1.867873 3.613742 -22.900715 -8.809772 72.867203 3.136679 0.566897
Car -1 -1 -3.099420 185.038849 171.485809 277.667511 209.971191 1.317304 1.829950 3.472736 -30.974146 -12.409788 88.703906 2.847816 0.412185
