Car -1 -1 -1.546841 754.784790 698.710999 973.654724 950.686768 0.613693 1.666169 4.274728 -0.854310 2.245206 20.252664 -1.588998 5.145706
Car -1 -1 0.377332 0.812806 276.276855 144.273438 362.332947 1.379527 1.878169 4.106959 -20.763923 -4.957246 48.535481 -0.026916 0.602252
Car -1 -1 0.251289 383.266876 254.400711 588.128357 340.314697 1.604534 1.907462 4.226494 -11.630214 -5.920608 53.537323 0.037377 2.717985
Car -1 -1 -0.321995 1629.446167 302.469147 1852.577393 387.123077 1.426965 1.847210 3.978957 17.612344 -4.454337 49.332862 0.020912 3.550288
Car -1 -1 0.001951 622.615906 320.539246 916.506165 443.159882 1.744597 2.038955 5.134761 -3.667126 -2.844756 41.481093 -0.086225 3.703479
Car -1 -1 -0.161426 1196.222290 275.688202 1414.377808 351.503448 1.314923 1.904516 4.752562 8.296178 -5.636613 53.033799 -0.006251 3.151184
Car -1 -1 -1.516857 868.494812 183.330978 940.730103 257.754120 1.756691 1.898892 4.328562 -1.891327 -10.677668 72.928708 -1.542785 0.978949
Car -1 -1 0.025204 1128.240112 387.276001 1434.662109 501.568237 1.254033 1.907592 4.730840 5.473410 -1.753727 37.603662 0.169744 4.678934
Car -1 -1 2.879856 1441.877441 216.858948 1596.521973 293.450256 1.771266 1.826092 3.724099 16.472142 -8.382012 64.593203 3.129547 1.950843
Car -1 -1 2.878936 1414.101807 195.418686 1582.277344 270.058563 1.928422 1.952151 4.563762 17.667261 -10.107399 72.174416 3.119001 1.256721
Car -1 -1 -0.141241 997.562622 304.791382 1228.405029 403.866852 1.509200 1.904431 4.318265 3.101132 -3.892712 45.951920 -0.073857 3.467254
Car -1 -1 -1.095489 1789.456665 405.920746 1921.377930 562.978455 1.391881 1.791192 4.302067 15.160771 -0.916825 34.794925 -0.684575 3.297164
Car -1 -1 2.783561 1641.070923 235.900284 1814.025513 299.107788 1.369534 1.843314 4.075980 22.828449 -8.292609 65.082025 3.120916 2.456987
Car -1 -1 2.783844 1648.304810 217.967514 1799.281738 271.219666 1.283311 1.811214 3.892018 25.306559 -10.107332 72.417386 3.120032 1.022523
Car -1 -1 0.176689 553.270569 285.407501 778.636658 368.866150 1.319721 1.865467 4.566571 -6.719155 -4.998111 50.102816 0.043377 2.268107
Car -1 -1 2.741266 1801.094971 213.682877 1920.952148 267.087433 1.349346 1.821735 4.112710 31.733585 -10.699819 75.895336 3.137298 0.433927
Car -1 -1 -1.926689 1728.105469 158.630569 1801.452637 194.633453 1.059158 1.421783 4.230696 36.291159 -16.951523 98.502672 -1.573692 0.617054
Car -1 -1 2.934356 1356.491699 192.806519 1491.145386 236.805511 1.237391 1.848217 4.251812 17.355512 -12.639690 82.240548 -3.140847 0.362909
Car -1 -1 1.609250 816.138855 151.615341 859.148682 193.516418 1.307587 1.697650 4.264209 -5.721519 -17.323987 100.497461 1.552379 0.679525
Car -1 -1 -1.961499 1795.248901 152.238846 1871.762329 193.503448 1.336448 1.408673 4.254330 39.564303 -17.056598 98.995332 -1.581288 0.551045
Car -1 -1 2.827490 1586.573608 187.950409 1714.103149 240.077759 1.515574 1.823514 3.768456 25.997174 -12.539892 82.443764 3.132953 0.751321
Car -1 -1 -1.911389 1672.877075 156.491318 1743.995850 192.723770 1.078693 1.408134 4.256206 33.443223 -16.856214 97.720602 -1.581650 0.617039
Car -1 -1 2.837904 1508.907593 224.642426 1651.499512 282.959045 1.320341 1.833100 3.602392 20.084666 -9.546984 70.776885 3.114409 0.570857
Car -1 -1 -1.579671 975.964111 97.629929 1001.609924 121.829117 1.429121 1.740065 4.263055 2.055825 -34.694998 171.775359 -1.567703 0.315572
Car -1 -1 1.593885 829.852539 142.055344 869.266174 180.389740 1.365381 1.720356 4.269479 -5.711660 -19.661764 110.457283 1.542222 0.547860
Car -1 -1 -1.584288 1003.172241 104.593651 1030.370117 129.073883 1.385224 1.728327 4.317202 4.130231 -32.528014 163.609263 -1.559049 0.203933
Car -1 -1 2.685871 1882.640747 138.203430 1918.614014 165.326706 1.058596 1.862630 2.484785 50.122964 -20.853753 114.070880 3.099877 0.066086
