Car -1 -1 1.199676 738.179321 254.099579 834.930420 318.741364 1.289066 1.346768 4.389909 -5.706591 -7.685855 67.306367 1.115093 0.812584
Car -1 -1 0.333952 1062.305420 325.709656 1286.510986 409.682922 1.275009 1.908791 4.410157 4.780428 -3.840143 50.429673 0.428464 3.371536
Car -1 -1 -1.592148 1450.867188 631.667480 1652.135254 828.846313 0.594497 1.805145 4.496674 6.663567 1.890190 25.208200 -1.333717 2.569830
Car -1 -1 0.850121 913.804932 287.016327 1066.861328 360.326141 1.300616 1.874012 3.722219 0.547965 -5.692392 58.749166 0.859448 0.814071
Car -1 -1 2.817796 1605.118774 269.821838 1770.244019 326.341675 1.325994 1.831408 4.140922 22.205595 -7.344473 67.589614 3.135222 2.539337
Car -1 -1 1.702444 577.036560 222.209976 643.718140 279.210022 1.481353 1.699779 4.290436 -13.226302 -10.438352 80.362213 1.539322 0.752211
Car -1 -1 1.667845 712.056458 192.084854 761.615845 236.629440 1.523551 1.696910 4.261971 -10.732150 -14.812891 100.661377 1.561630 0.638123
Car -1 -1 0.491561 783.577271 199.968582 909.180115 250.020798 1.601405 1.848975 4.814097 -5.346552 -13.525650 95.552139 0.435665 0.931037
Car -1 -1 -1.588685 933.290894 190.575058 978.516785 243.097870 1.890038 1.857624 4.253919 -0.681126 -14.504490 100.520212 -1.595461 0.886478
Car -1 -1 1.638890 736.963135 182.927643 781.074768 223.071106 1.569189 1.702590 4.255941 -10.624198 -16.747336 109.984252 1.542592 0.583791
Car -1 -1 0.186124 1298.293457 156.975464 1372.604370 188.310318 1.585144 1.846018 4.035812 23.268037 -23.189937 139.105642 0.351858 0.137283
Car -1 -1 1.644258 816.734863 127.993805 840.192383 150.378036 1.596174 1.840943 4.261695 -12.901995 -36.315646 198.487854 1.579347 0.163142
