Car -1 -1 -1.894440 1557.480225 449.936646 1758.333252 593.136841 1.266608 1.649304 4.305447 11.853463 -0.175832 36.452605 -1.580051 3.012332
Car -1 -1 -1.709565 1118.358276 340.812622 1230.739380 441.264069 1.384907 1.822618 4.281401 5.175222 -3.074163 49.058954 -1.604464 1.286868
Car -1 -1 -1.631895 978.340698 733.319092 1185.050415 973.524658 0.703384 1.624861 4.215182 1.282774 2.899603 21.780253 -1.573066 1.604563
Car -1 -1 -1.588928 924.818542 302.386597 1003.010681 374.701874 1.199267 1.815435 4.249116 0.584239 -5.063960 57.335601 -1.578739 1.815348
Car -1 -1 -1.434222 386.748596 882.026001 726.259094 1079.281250 0.912938 1.903140 4.287774 -3.062017 4.216685 18.507359 -1.598185 2.351194
Car -1 -1 1.758608 446.686890 174.426071 503.422241 216.875580 1.463732 1.619474 4.250536 -22.055630 -15.835565 103.717887 1.549079 0.619986
Car -1 -1 -1.626690 993.695435 178.870087 1037.396729 221.373306 1.453905 1.746925 4.264401 3.473756 -15.434144 102.413835 -1.592784 0.820876
Car -1 -1 -1.645720 1040.220215 241.833847 1108.462280 297.690338 1.241162 1.803229 4.255204 4.452588 -8.789966 73.389579 -1.585123 1.392032
Car -1 -1 -1.574594 875.762329 138.666931 908.049011 168.559128 1.496194 1.949594 4.234473 -3.130939 -24.465649 141.857247 -1.596661 0.575806
Car -1 -1 -1.602745 936.128174 162.723434 974.395142 196.946960 1.370701 1.836430 4.254189 0.805856 -19.097096 118.782378 -1.595961 0.705472
Car -1 -1 -1.586093 909.488220 110.279099 935.765015 135.165176 1.685505 1.961681 4.253674 -1.539459 -36.545225 195.886528 -1.593952 0.205910
Car -1 -1 -1.768721 1203.734985 167.224243 1251.966064 200.697021 1.283971 1.627673 4.226285 14.684355 -17.780336 111.996412 -1.638350 0.294037
