Car -1 -1 1.839390 54.756302 383.957428 206.822495 508.369171 1.481464 1.386205 4.301679 -15.795408 -1.604463 50.995336 1.539020 2.374254
Car -1 -1 1.778271 301.895325 398.557129 449.727570 524.593628 1.481577 1.528831 4.259523 -10.696424 -1.219757 48.257817 1.560146 2.527182
Car -1 -1 -1.507721 651.820129 768.531128 885.566040 1027.139893 0.871872 1.759479 4.245380 -1.935829 3.097835 25.079623 -1.584756 3.432583
Car -1 -1 1.792297 265.713959 296.300079 373.099487 380.490601 1.551353 1.566771 4.251404 -17.081867 -5.033820 70.360998 1.554130 1.231425
Car -1 -1 -1.646503 1022.776245 828.903442 1294.836182 1079.489502 1.221057 1.772194 4.267662 1.275592 3.827274 23.146800 -1.591450 2.524830
Car -1 -1 -1.776817 1345.792725 790.084412 1653.423096 1064.048950 0.923807 1.638852 4.237914 4.319227 3.274999 24.246310 -1.600526 3.246857
Car -1 -1 1.304062 687.437134 332.587067 832.905212 440.658295 1.499499 1.601753 4.348341 -5.008671 -3.126540 58.522484 1.218684 1.221941
Car -1 -1 1.783350 337.935028 324.153351 442.156250 411.456238 1.397191 1.321841 4.252530 -13.823119 -3.918690 63.670059 1.569563 1.243704
Car -1 -1 1.718220 493.167999 325.172058 590.722839 406.084045 1.255432 1.508338 4.238505 -10.377315 -4.062640 63.973858 1.557409 1.161366
Car -1 -1 1.724676 456.185150 265.576416 544.592407 336.891754 1.484039 1.783398 4.257942 -14.262030 -6.902684 80.281469 1.548859 1.122467
Car -1 -1 -1.376119 193.840622 850.744385 534.289795 1078.434326 1.020024 1.802655 4.257174 -5.025293 3.778626 22.841503 -1.592676 3.182683
Car -1 -1 -1.563029 938.185852 255.155594 998.285278 312.644867 1.319284 1.716258 4.249760 -0.750856 -8.196781 87.575988 -1.571603 1.270217
Car -1 -1 -1.564207 1040.899536 194.779358 1084.386475 233.915543 1.317617 1.730331 4.245572 3.130541 -14.747545 123.198964 -1.538802 0.618893
Car -1 -1 1.654155 594.990601 253.950272 666.453796 313.264801 1.280266 1.668719 4.254105 -11.322448 -8.162059 86.816031 1.524468 1.259557
Car -1 -1 0.922775 703.319885 291.733948 843.363159 364.966949 1.298188 1.624799 4.147539 -5.879544 -5.649945 73.191581 0.842616 0.702382
Car -1 -1 -1.564040 936.669128 204.983353 981.163757 247.638306 1.350445 1.686722 4.253340 -1.391860 -13.185609 114.620651 -1.576182 0.830763
Car -1 -1 -1.692055 1262.377197 238.520340 1333.037109 290.851898 1.309103 1.807497 4.261078 10.498917 -9.644511 95.607548 -1.582681 1.050539
Car -1 -1 -1.538117 856.598755 202.478561 904.576599 247.039047 1.412380 1.759185 4.238736 -4.566593 -13.033357 113.158544 -1.578451 0.810879
Car -1 -1 1.673366 679.306274 263.651245 761.322632 328.235931 1.299295 1.671466 4.245496 -7.850119 -7.097905 79.937718 1.575477 1.177618
Car -1 -1 1.731708 543.490356 235.786804 606.836548 288.638306 1.329798 1.409360 4.246705 -14.511642 -9.795877 96.290914 1.582128 0.789476
Car -1 -1 1.781951 316.153046 216.431183 382.619537 263.356842 1.285601 1.452038 4.263107 -25.238712 -11.984315 108.646289 1.553698 0.848918
Car -1 -1 1.673002 634.440247 215.724884 700.765442 279.051727 1.787479 1.696966 4.370657 -11.351859 -10.105823 96.793192 1.556256 0.470679
Car -1 -1 1.715635 533.381714 208.259186 593.266602 250.601013 1.243124 1.620643 4.251141 -17.344993 -12.765390 111.743005 1.561641 0.683467
Car -1 -1 1.721608 506.121765 253.023849 575.215942 308.166534 1.260426 1.387486 4.255524 -14.587901 -8.534773 89.522974 1.560076 0.928502
Car -1 -1 1.637222 725.988342 163.408020 767.290039 199.043442 1.485502 1.740203 4.245708 -12.735134 -18.845633 143.642279 1.548794 0.406297
Car -1 -1 1.729840 542.824524 153.082230 600.012085 195.734467 1.944446 1.858431 4.582553 -22.675385 -19.653207 148.772696 1.578588 0.115945
Car -1 -1 1.639252 708.826538 243.306763 773.915283 298.129272 1.234542 1.614417 4.235137 -8.061487 -8.829622 89.064244 1.548985 0.544679
Car -1 -1 1.634771 731.595703 216.958969 792.671875 275.327881 1.642037 1.761534 4.239380 -8.134446 -10.348739 97.839573 1.551821 0.382268
