Car -1 -1 2.795825 499.171692 284.917328 807.477905 401.496979 1.143277 1.886171 4.527841 -5.403830 -2.796429 47.275421 2.682014 3.591722
Car -1 -1 -1.520506 570.394226 605.050720 813.938110 858.405151 0.809100 1.800231 4.313967 -2.457382 1.846053 25.286973 -1.617381 2.202863
Car -1 -1 2.616805 54.408913 316.417755 385.362732 449.273926 1.056118 1.853316 4.262714 -11.812542 -2.016174 43.931319 2.354131 3.893075
Car -1 -1 -1.686893 967.746216 620.795105 1229.809326 889.357788 0.807798 1.665406 4.266292 1.028486 1.978284 24.443006 -1.644841 2.864791
Car -1 -1 2.849087 1557.411865 179.446106 1776.959595 259.440582 1.290278 1.864941 4.080643 15.854238 -6.469233 63.108802 3.095214 2.417227
Car -1 -1 -1.827649 1371.535767 617.270447 1684.890259 882.023132 0.842724 1.478258 4.249087 4.846118 1.974734 24.706865 -1.633963 3.813884
Car -1 -1 3.066646 576.093750 196.851685 788.149048 283.801239 1.375535 1.824935 4.340473 -6.313976 -5.717604 60.743981 2.963074 1.289493
Car -1 -1 0.295228 293.028442 216.042252 535.438110 307.223083 1.325195 1.834353 4.402028 -11.579401 -5.024800 57.728875 0.097273 2.595953
Car -1 -1 -1.405475 158.411224 571.486145 459.266083 852.740723 1.024105 1.731006 4.535293 -5.902111 1.760778 25.302048 -1.634643 1.696877
Car -1 -1 3.068062 867.303101 207.459137 1099.358521 289.472137 1.332980 1.865101 4.468666 0.262248 -5.502909 59.861549 3.072442 1.970473
Car -1 -1 -1.281945 1.133786 871.782898 321.667908 1080.000000 1.148330 1.969074 4.233335 -5.721514 3.925970 18.259836 -1.585594 3.375455
Car -1 -1 -0.469194 535.782349 169.355072 735.867310 249.801819 1.338588 1.844522 4.095044 -8.097615 -7.063267 66.418695 -0.590513 0.779569
Car -1 -1 1.784078 252.806381 122.680504 345.346832 183.377274 1.213718 1.642452 4.254834 -20.559327 -10.879383 84.967612 1.546675 1.069351
Car -1 -1 -0.304120 125.342941 178.282181 317.925201 270.578339 1.491182 1.811644 3.790785 -17.477263 -6.425433 64.329697 -0.569399 0.680968
Car -1 -1 2.907583 1226.909668 196.584229 1450.903320 281.776489 1.299108 1.856605 4.082857 7.871086 -5.669119 59.625761 3.038832 2.045217
Car -1 -1 -1.801838 1267.962158 85.593346 1352.436768 144.560028 1.519646 1.778987 4.293846 12.031307 -13.808893 98.485286 -1.680276 0.694694
Car -1 -1 1.846367 22.815077 105.486839 122.611259 178.216660 1.708066 1.616264 4.285833 -28.446477 -11.354713 87.912005 1.533421 0.889964
Car -1 -1 2.440588 663.104980 188.023163 856.367310 261.480103 1.247809 1.837284 3.809674 -4.673405 -6.313190 62.565034 2.366030 0.452297
Car -1 -1 2.970555 1261.968384 175.984741 1488.431396 253.177383 1.289372 1.864914 4.532344 9.347979 -6.728684 64.442940 3.114609 0.894766
Car -1 -1 1.803373 142.030304 120.738045 232.778534 181.213760 1.271208 1.592645 4.273762 -24.110463 -10.981577 85.416891 1.528263 1.043195
Car -1 -1 1.728213 376.179688 116.696793 459.585114 179.487778 1.294040 1.648545 4.259441 -17.092537 -11.090397 85.694234 1.531337 1.021137
Car -1 -1 -1.552622 876.527222 101.358917 944.056152 156.475693 1.239716 1.799908 4.275262 -2.035568 -12.827131 93.763378 -1.574329 0.923040
Car -1 -1 -1.581416 862.992615 54.759247 908.275146 95.860596 1.240245 1.730187 4.274366 -3.676338 -18.786647 120.301890 -1.611965 0.611813
Car -1 -1 3.066404 797.501587 159.551315 994.767212 248.582535 1.506130 1.807833 4.195755 -1.773423 -6.845137 64.870252 3.039073 1.002083
Car -1 -1 1.833239 104.772270 97.935242 185.722168 158.819916 1.446198 1.390069 4.271571 -27.841014 -12.686403 93.507543 1.543856 0.857517
Car -1 -1 1.770273 311.614471 103.430702 385.387085 160.397202 1.311993 1.352782 4.242184 -20.658822 -12.476515 92.251999 1.549969 0.977455
Car -1 -1 -3.082194 187.923492 199.699463 400.231049 291.013977 1.436121 1.831446 4.059643 -14.534891 -5.468634 59.449159 2.961203 0.741544
Car -1 -1 1.766175 253.188309 90.206131 325.688354 139.947372 1.270654 1.570333 4.270994 -25.037589 -14.413653 101.726281 1.524844 0.698690
Car -1 -1 1.799898 194.393280 103.229378 269.082611 161.216354 1.340821 1.325462 4.270410 -24.775460 -12.596296 93.356840 1.540493 0.755629
Car -1 -1 1.804621 164.335266 81.375008 234.580460 131.235626 1.295846 1.322881 4.251674 -28.378962 -14.749752 102.127726 1.533582 0.645313
Car -1 -1 -1.701871 1218.203857 76.155830 1279.704102 124.956802 1.295632 1.452654 4.257579 10.733674 -15.707656 107.055165 -1.601942 0.616893
Car -1 -1 -0.697892 580.905701 139.017883 769.600403 232.578232 1.439652 1.824582 4.096528 -7.449550 -8.301953 71.827498 -0.801237 0.618289
Car -1 -1 1.703796 437.189117 49.906784 491.722778 96.120186 1.471867 1.681521 4.267223 -22.142516 -18.898607 121.018170 1.522829 0.497740
Car -1 -1 1.729951 389.270294 27.587254 443.095612 78.534294 2.011328 1.470045 4.884278 -26.446172 -21.267743 132.080018 1.532336 0.185226
Car -1 -1 1.723283 377.486053 76.832771 438.705811 124.919014 1.256163 1.596956 4.273228 -21.460357 -15.515629 105.847495 1.523246 0.485578
Car -1 -1 -1.584202 913.686218 26.375616 951.964722 60.345734 1.305322 1.786345 4.252147 -2.034424 -24.903069 148.422945 -1.597908 0.367333
Car -1 -1 1.771330 273.109741 59.690193 329.788300 99.449226 1.238147 1.254272 4.258613 -29.366369 -18.810684 121.330026 1.533860 0.318158
Car -1 -1 1.761501 342.229523 83.486496 410.412964 137.427109 1.385802 1.477011 4.254339 -21.237213 -14.092326 99.160445 1.550518 0.340879
Car -1 -1 1.782809 305.051941 73.456329 364.006226 117.231178 1.164169 1.274664 4.246980 -25.633502 -16.659045 111.675496 1.557182 0.405836
Car -1 -1 1.827633 64.892494 67.257515 132.384247 114.940063 1.504100 1.659812 4.317645 -36.334009 -17.194025 115.341614 1.522461 0.276600
Car -1 -1 -1.663193 1157.819702 44.388866 1203.934204 83.400673 1.338949 1.648792 4.260476 9.678963 -20.518739 128.395078 -1.587951 0.437145
Car -1 -1 3.050217 899.073608 180.664658 1095.140869 267.180878 1.404598 1.809012 4.380834 0.483386 -6.054613 61.537007 3.058072 0.637363
Car -1 -1 1.869552 0.166553 91.185890 48.632931 138.559158 1.251743 1.429108 4.232888 -35.999370 -14.736588 103.950140 1.536165 0.115215
Car -1 -1 1.850772 19.786909 74.285065 97.434082 125.992432 1.474862 1.496027 4.265306 -35.964534 -15.994227 109.415377 1.533200 0.183224
