Car -1 -1 -1.674595 1151.661987 401.715240 1273.581909 505.097595 1.113284 1.681009 4.249623 4.029487 -1.665927 51.183104 -1.596031 1.570246
Car -1 -1 -1.745778 1263.866211 636.159180 1464.370117 816.642883 0.918370 1.547896 4.225082 4.297771 2.057417 32.665615 -1.614960 2.390780
Car -1 -1 -1.630464 1015.149414 700.293457 1230.316650 911.647583 0.893832 1.766021 4.238019 1.252549 2.627622 28.782555 -1.586974 2.649523
Car -1 -1 -1.594012 969.541687 363.335663 1072.479736 456.627289 1.188995 1.851726 4.253141 0.545354 -2.714533 56.942830 -1.584435 1.295731
Car -1 -1 -2.734769 1673.950439 329.461700 1894.947144 420.354370 1.471525 1.842141 4.207401 18.091282 -3.682022 63.124353 -2.455653 2.165129
Car -1 -1 -1.634145 1072.997192 287.766693 1157.931152 365.661469 1.462222 1.835841 4.245592 3.240006 -5.640959 73.574059 -1.590136 1.166252
Car -1 -1 1.622132 639.135193 300.236115 726.484741 388.232208 1.548332 1.724128 4.250306 -7.638487 -4.741220 68.376302 1.510880 1.190663
Car -1 -1 -1.533109 834.170044 317.109070 916.844666 397.218719 1.271158 1.777128 4.251521 -2.793333 -4.419360 66.587772 -1.575034 1.465510
Car -1 -1 -1.602226 950.262329 282.578918 1028.569946 355.640350 1.384826 1.887492 4.249017 -0.115115 -5.979403 74.915596 -1.603763 1.266814
Car -1 -1 -1.380726 187.041748 832.055908 534.809448 1079.343628 1.234044 1.839879 4.242110 -5.076862 3.852548 22.963415 -1.598311 3.754316
Car -1 -1 1.293668 680.273010 287.097717 783.822815 359.676208 1.347721 1.556308 4.225878 -7.032260 -5.797056 73.827226 1.198701 0.618910
Car -1 -1 -1.600329 1038.916138 218.712891 1098.709839 279.430878 1.667930 1.901100 4.346387 2.741106 -10.474167 100.015697 -1.572929 0.603064
Car -1 -1 -1.574288 936.653809 247.982925 1001.231262 308.757690 1.533474 1.883599 4.246797 -0.744974 -8.399593 88.729112 -1.582684 0.955979
Car -1 -1 -1.571025 941.186157 172.038834 981.170044 211.003433 1.555985 1.807238 4.262703 -1.569237 -17.542427 137.745645 -1.582416 0.439181
Car -1 -1 -1.553615 875.470520 186.621292 917.970764 226.389099 1.368511 1.699311 4.259890 -4.366246 -15.531202 126.930332 -1.588000 0.727974
Car -1 -1 1.664910 694.603699 249.074341 764.680298 312.317413 1.375916 1.677874 4.257136 -8.129473 -8.091475 85.568555 1.570189 1.095604
Car -1 -1 -1.607010 1034.692627 201.487686 1080.724487 242.573380 1.358085 1.697980 4.238052 2.709315 -13.375544 114.789864 -1.583412 0.534264
Car -1 -1 -1.604902 1001.129883 157.754227 1036.293579 188.667236 1.366988 1.795812 4.251479 1.505933 -21.225554 157.474509 -1.595339 0.418672
Car -1 -1 -1.551195 895.058289 148.272675 932.517578 192.792633 1.937195 1.797111 4.547586 -4.304457 -20.253017 151.624980 -1.579576 0.235633
Car -1 -1 -1.554665 877.810974 145.272446 908.721741 172.256607 1.357086 1.699177 4.207549 -6.176965 -24.401299 173.415827 -1.590269 0.330577
Car -1 -1 -1.561210 941.568542 154.908249 975.497009 183.535187 1.349187 1.830040 4.229946 -2.026043 -22.660157 165.932210 -1.573419 0.241703
Car -1 -1 -1.562426 935.202698 138.150009 963.404541 163.505447 1.401046 1.796245 4.244629 -2.920142 -26.865288 187.556694 -1.577994 0.151562
