Car -1 -1 -1.518904 710.677124 582.949341 879.930176 767.002747 1.172894 1.773801 4.247140 -2.365842 1.660316 34.139780 -1.588092 3.194435
Car -1 -1 -1.630514 1059.199097 588.447815 1238.643433 768.930298 1.104913 1.761547 4.247207 1.841669 1.667817 34.013745 -1.576422 3.565821
Car -1 -1 -2.749077 1708.251343 339.506226 1919.443481 433.261139 1.441179 1.837282 4.316411 18.548242 -3.373913 61.988279 -2.458334 1.594633
Car -1 -1 -1.529036 799.775879 442.997528 917.759033 557.014587 1.091905 1.721961 4.267274 -2.215095 -0.740099 46.817203 -1.576314 1.871055
Car -1 -1 -2.152109 1423.515381 311.467163 1586.924316 381.967926 1.077826 1.551957 4.783126 12.938195 -5.037521 70.125964 -1.969661 0.634617
Car -1 -1 1.750203 384.580048 309.955444 478.700226 384.790863 1.284391 1.427405 4.240688 -13.987299 -4.847980 69.129872 1.550564 1.254521
Car -1 -1 -1.542205 831.459412 294.025238 907.016479 374.473877 1.422950 1.736653 4.254466 -3.182314 -5.329199 71.864858 -1.586458 1.447071
Car -1 -1 -1.596842 959.076843 336.467590 1054.043091 428.029785 1.405033 1.903280 4.263776 0.282243 -3.521301 62.490366 -1.592325 1.215625
Car -1 -1 1.723246 518.851196 303.386871 610.778992 377.859131 1.314577 1.596337 4.238989 -10.877588 -5.120373 70.618346 1.570414 1.218834
Car -1 -1 1.389746 657.541687 288.359344 756.546570 360.822632 1.308102 1.789310 4.278725 -7.674098 -5.807389 73.957094 1.286352 0.711665
Car -1 -1 1.848611 161.423294 263.246033 248.351547 318.477295 1.199687 1.374126 4.253469 -24.528637 -7.923823 86.324573 1.571763 1.219137
Car -1 -1 -1.599462 1018.411438 207.893524 1070.091919 256.631470 1.480768 1.868423 4.235575 2.063043 -12.489758 111.258835 -1.580921 0.674497
Car -1 -1 -1.584659 945.399780 270.424194 1013.252686 330.660675 1.258929 1.809231 4.240758 -0.406580 -7.234844 82.354981 -1.589596 1.331915
Car -1 -1 -1.575280 941.181030 218.144836 991.855713 264.511383 1.295077 1.757456 4.242599 -0.993697 -11.636703 106.111127 -1.584645 0.811994
Car -1 -1 -1.546132 854.833252 235.630096 910.700684 285.510162 1.311302 1.659422 4.262314 -3.825812 -9.930357 96.998734 -1.585554 1.177471
Car -1 -1 1.695011 605.758972 238.563370 675.922729 301.559143 1.539425 1.698606 4.245283 -11.535914 -8.854381 90.817328 1.568665 0.978622
Car -1 -1 -1.550328 869.798096 204.181564 915.302734 247.688950 1.389171 1.731971 4.236489 -4.170222 -13.378570 116.302081 -1.586169 0.791113
Car -1 -1 -1.597845 1009.949280 183.378326 1052.733521 219.186356 1.286586 1.824833 4.243555 1.824502 -16.422695 131.554190 -1.583977 0.686192
Car -1 -1 1.666124 656.911499 206.363953 719.894714 260.334412 1.679179 1.821768 4.244365 -11.675960 -11.772194 106.303312 1.556726 0.479127
Car -1 -1 -1.568937 938.063477 172.185715 975.229797 207.575882 1.376483 1.745019 4.253566 -1.834634 -18.440664 143.431216 -1.581728 0.587418
Car -1 -1 1.747623 433.909119 290.040100 512.815063 356.809845 1.272266 1.262608 4.253221 -14.336639 -6.056039 76.406549 1.562143 0.795622
Car -1 -1 -1.583835 984.570251 150.331818 1015.799133 177.083893 1.358747 1.748667 4.254392 0.497493 -24.548751 177.003733 -1.581024 0.367552
Car -1 -1 -1.570237 938.738281 143.810959 967.649475 170.308762 1.408132 1.716417 4.259441 -2.591610 -25.646101 182.099086 -1.584468 0.341319
Car -1 -1 1.630986 726.302307 219.648026 784.395081 276.812866 1.560784 1.649440 4.251740 -8.382175 -10.355796 98.226348 1.545857 0.661058
Car -1 -1 -1.670462 1176.894165 189.799866 1228.416016 228.539383 1.347592 1.749776 4.257236 9.753105 -15.616920 128.198647 -1.594530 0.369189
Car -1 -1 -1.625558 1092.454956 139.312561 1128.614014 170.688614 1.698609 2.095622 4.245821 7.617402 -25.239961 179.356642 -1.583113 0.147291
Car -1 -1 1.647811 711.383118 133.928177 742.515198 161.190445 1.509403 1.750770 4.243803 -18.983633 -28.438004 197.111520 1.551798 0.252251
Car -1 -1 1.639793 774.815247 163.350876 812.869141 197.996277 1.430267 1.728152 4.242955 -10.409903 -19.060748 144.758770 1.568005 0.276885
Car -1 -1 1.663443 674.189453 147.657867 712.106812 179.905777 1.662498 1.772216 4.289326 -18.300197 -23.232341 168.924700 1.555530 0.173967
Car -1 -1 -1.557676 934.719543 132.922867 962.180786 158.253616 1.491318 1.750961 4.242366 -2.989996 -27.896393 194.044189 -1.573084 0.152392
