Car -1 -1 0.362417 0.000000 236.198227 133.571808 314.886780 1.526640 1.863922 4.213630 -23.922876 -6.785859 55.922927 -0.041809 1.294921
Car -1 -1 2.746354 1637.068359 221.747452 1836.830444 297.503632 1.733979 1.987871 4.668661 23.056697 -8.352516 65.057368 3.086948 2.155277
Car -1 -1 2.875068 1359.049316 203.659668 1516.173340 257.428894 1.415457 1.847707 4.566895 16.722637 -11.103562 76.537853 3.090177 0.458900
Car -1 -1 -1.545384 904.536438 167.543823 955.012207 217.011688 1.452557 1.747347 4.243019 -1.288371 -14.109577 86.997475 -1.560192 0.964265
Car -1 -1 2.819254 1428.211914 228.997406 1594.098145 294.818573 1.452641 1.867826 4.001985 16.295360 -8.417910 65.009214 3.064856 2.233677
Car -1 -1 2.806614 1571.857666 212.057373 1720.869385 262.191040 1.260382 1.850836 4.242574 23.623193 -10.799716 75.545615 3.109682 0.718774
Car -1 -1 0.383016 0.088457 278.293701 112.724754 363.589539 1.412639 1.929623 3.911532 -21.773320 -4.940418 49.185805 -0.033730 0.729015
Car -1 -1 2.694995 1845.768799 213.087173 1919.623169 269.140503 1.385572 1.847550 3.731036 33.244800 -10.729403 76.314701 3.105833 0.219890
Car -1 -1 -1.940590 1731.987061 158.851074 1800.951172 193.340622 1.032456 1.280985 4.235601 36.095887 -16.848312 97.751037 -1.586858 0.588065
Car -1 -1 -1.982583 1796.311279 152.455887 1871.249146 192.802673 1.304323 1.334535 4.259854 39.719875 -17.130000 99.295339 -1.602061 0.503911
Car -1 -1 -1.923076 1672.143433 157.645218 1741.379517 193.001434 1.032550 1.281548 4.253445 33.322538 -16.807589 97.388996 -1.593404 0.587122
Car -1 -1 -1.586443 959.784180 102.518745 997.153748 146.904510 2.195131 2.057598 4.639486 1.026999 -26.435789 137.933076 -1.578997 0.210482
Car -1 -1 0.327216 743.726257 103.201790 820.519409 137.283142 1.682317 1.832958 4.380506 -11.974784 -28.274873 144.446511 0.244504 0.418717
Car -1 -1 2.869784 1403.320068 219.664291 1562.094849 278.551117 1.375244 1.856171 4.026861 16.338837 -9.230694 68.174991 3.105008 0.717279
Car -1 -1 -1.591568 980.077332 96.721214 1007.907593 120.339920 1.440508 1.787353 4.231803 2.628165 -35.855712 177.043232 -1.576725 0.172011
Car -1 -1 2.688930 1883.833374 138.589600 1918.608154 165.066605 1.068320 1.856044 2.344450 50.462144 -21.059348 114.982095 3.102490 0.070704
Car -1 -1 1.631486 835.933105 82.381714 863.095215 107.045853 1.800468 1.769350 4.333725 -9.627335 -38.979699 187.738567 1.580250 0.076825
