Car -1 -1 -1.532678 959.690430 511.568207 1114.800171 675.536560 1.118361 1.984227 4.259554 1.051694 0.947252 31.645740 -1.499457 3.778467
Car -1 -1 -2.011038 162.629089 359.856232 330.927643 459.277283 1.331823 1.351229 4.158803 -15.355550 -2.356722 46.103094 -2.332551 0.594345
Car -1 -1 -1.238404 144.845963 685.870850 453.195251 906.579163 0.703809 1.569252 4.244467 -6.849633 2.571042 22.725451 -1.531152 3.984533
Car -1 -1 1.780505 529.865173 208.082184 611.747437 290.306732 2.275983 1.686126 5.272409 -14.978180 -9.908556 82.087078 1.600024 0.415860
Car -1 -1 -1.358332 447.240875 772.257202 731.514038 1041.766357 0.681915 1.587789 4.269613 -3.424992 3.265940 20.394474 -1.524717 3.533302
Car -1 -1 2.721832 1792.750000 308.037079 1919.596802 373.405579 1.337584 1.872456 4.000552 25.229355 -4.994020 59.805305 3.121038 0.451230
Car -1 -1 -1.545223 953.335144 264.436920 1030.983276 358.250244 1.866139 1.830678 4.266556 0.695897 -5.869500 63.143905 -1.534202 1.251463
Car -1 -1 -1.648686 1182.841431 212.551941 1235.044922 262.048157 1.602530 1.904902 4.387815 10.620916 -12.553091 95.664948 -1.538117 0.452111
Car -1 -1 -1.590745 1104.096313 248.191010 1165.639404 326.968079 1.780932 1.732582 4.608647 5.336817 -7.380763 70.207976 -1.514876 0.468306
Car -1 -1 -1.556588 999.980713 215.394302 1052.797363 271.291260 1.658017 1.894598 4.391797 2.360511 -11.056162 86.700907 -1.529369 0.626060
Car -1 -1 1.858743 434.073212 231.592575 513.510742 291.670929 1.555864 1.502070 4.253699 -18.182739 -9.547835 79.898018 1.634980 1.012365
Car -1 -1 1.788529 626.060669 194.364014 678.726196 232.732071 1.340613 1.608762 4.246265 -15.530213 -15.271592 106.609381 1.643872 0.527866
Car -1 -1 -1.557281 1017.911865 193.597153 1060.917358 238.224777 1.625865 1.825798 4.369989 3.555108 -15.144573 107.307837 -1.524163 0.458245
Car -1 -1 -1.562973 1099.192627 159.081375 1141.189331 220.685989 2.500109 2.117383 5.018264 8.323780 -17.751573 118.571512 -1.492888 0.113960
Car -1 -1 1.741897 646.986755 236.611893 721.158508 289.380188 1.286744 1.743777 4.431882 -10.388934 -9.517244 79.285526 1.611608 0.543961
Car -1 -1 1.716879 737.693542 167.379120 774.044495 195.306992 1.340037 1.609772 4.268450 -13.682002 -22.210358 139.616034 1.619194 0.554256
Car -1 -1 1.682926 792.858643 157.336746 829.352234 193.119492 1.814623 1.527400 4.537307 -10.109224 -22.472922 140.498052 1.611097 0.216246
Car -1 -1 -1.602383 1174.924927 194.846405 1212.508789 227.580627 1.271705 1.752214 4.255977 12.014515 -16.758198 115.640890 -1.498859 0.597952
Car -1 -1 -1.575185 1125.921509 146.550491 1152.367065 169.801987 1.467962 1.838859 4.262210 14.005658 -30.258130 178.521213 -1.496892 0.241253
Car -1 -1 1.676304 829.471924 137.833313 858.621338 164.475220 1.740068 1.837004 4.317852 -10.432240 -31.567333 183.406031 1.619485 0.228811
