Car -1 -1 -1.601437 972.443970 384.024902 1084.849365 491.197937 1.290623 1.911425 4.235072 0.643160 -1.916885 52.563509 -1.589202 1.818170
Car -1 -1 -1.773835 192.357330 616.408447 414.757019 790.931702 0.903663 1.559331 4.222529 -8.361728 1.841903 33.247347 -2.020226 2.565114
Car -1 -1 1.705398 532.497559 280.629547 622.220215 366.002441 1.608960 1.682142 4.248787 -10.810191 -5.534610 72.277787 1.556934 1.221470
Car -1 -1 1.891277 98.213142 269.007111 211.256058 338.270355 1.467961 1.599028 4.364536 -24.354054 -6.883037 80.614418 1.597890 1.158588
Car -1 -1 -1.636166 1074.844360 296.216553 1166.842407 386.385193 1.546334 1.920835 4.270005 3.216084 -4.945251 70.005732 -1.590258 1.166561
Car -1 -1 1.651779 656.120117 292.888245 738.328552 375.515839 1.494061 1.644284 4.243807 -7.563675 -5.234594 71.119995 1.545826 1.364138
Car -1 -1 -1.572224 942.515747 238.349411 999.398193 296.547516 1.418938 1.758846 4.244321 -0.742182 -9.360462 94.199610 -1.580102 1.163129
Car -1 -1 -1.542478 844.595947 299.129517 918.977173 365.274841 1.233040 1.751058 4.234654 -2.934987 -5.631885 73.855390 -1.582197 1.484942
Car -1 -1 1.703577 535.547607 235.628830 606.009705 289.748016 1.314086 1.612833 4.258331 -14.453307 -9.627145 94.830387 1.552329 0.999596
Car -1 -1 -1.565756 937.614563 177.288635 980.876709 223.746445 1.806651 1.759615 4.512003 -1.530764 -15.815820 128.847890 -1.577636 0.294555
Car -1 -1 1.655034 691.503662 234.980942 763.916565 312.519104 1.821832 1.804905 4.244886 -8.274488 -8.195194 86.890992 1.560092 0.831554
Car -1 -1 1.618492 793.332214 130.370316 823.612000 157.969391 1.587903 1.846358 4.248001 -13.140198 -28.719022 198.154575 1.552276 0.266482
Car -1 -1 -1.648841 1133.989624 167.497955 1179.928101 202.138748 1.483430 1.881117 4.226882 8.574859 -18.741092 143.672449 -1.589228 0.192602
