Car -1 -1 -1.059303 1650.804810 458.638306 1877.194458 582.103088 1.115820 1.796489 3.574263 13.002184 -0.294068 35.675006 -0.709803 1.395959
Car -1 -1 2.810358 1568.462646 285.252899 1752.726807 349.822845 1.334820 1.839562 4.236900 19.391349 -6.089882 61.377338 3.116371 2.326168
Car -1 -1 -1.513120 738.887695 737.961304 967.083008 985.995056 0.570239 1.687781 4.256218 -0.972834 2.653423 20.007518 -1.561705 4.203452
Car -1 -1 -1.404289 468.192413 636.453186 712.138123 853.152954 0.817599 1.682482 4.253394 -3.913867 2.012640 23.228316 -1.571216 4.449821
Car -1 -1 -2.945625 370.465668 253.140900 539.257874 318.220276 1.564300 1.875185 4.432153 -15.776487 -7.528105 66.994661 3.106285 2.545430
Car -1 -1 -2.928429 209.673157 258.334015 350.774689 330.671387 1.657570 1.799972 3.355854 -20.536211 -6.979882 64.942615 3.048485 1.922683
Car -1 -1 -2.791179 98.036232 253.958908 249.454010 309.411469 1.376440 1.861642 3.865686 -25.840147 -8.215583 70.880117 -3.140766 2.162205
Car -1 -1 1.697593 598.844604 205.626343 664.420471 259.972198 1.640701 1.936444 4.286793 -13.873152 -12.325711 89.634903 1.544038 0.717450
Car -1 -1 1.668140 687.144287 204.749664 743.906860 257.548798 1.584695 1.723957 4.464878 -10.585509 -12.604930 90.886974 1.552193 0.466871
Car -1 -1 -1.716853 1052.473999 222.418518 1115.777710 266.534210 1.238934 1.746163 4.253958 4.639178 -12.054788 89.397293 -1.665005 0.697313
Car -1 -1 -1.679143 1125.434204 923.263306 1451.134888 1077.933472 0.486612 1.922743 4.268378 2.359716 3.939923 17.183318 -1.542670 4.920989
Car -1 -1 1.642382 710.958801 195.267120 757.531494 238.019943 1.443847 1.685266 4.253359 -11.054142 -15.055260 102.616337 1.535072 0.615814
Car -1 -1 0.180139 1298.110352 157.432648 1373.082520 188.364853 1.558103 1.830731 4.028540 23.231343 -23.160433 138.923554 0.345830 0.128226
Car -1 -1 1.650633 738.087891 192.132706 778.235291 226.378540 1.258070 1.535849 4.256458 -10.313158 -16.111234 106.930941 1.554484 0.346581
