Car -1 -1 -1.657705 1022.578857 579.003723 1208.025513 771.345459 1.000592 1.600201 4.241250 1.047713 1.686456 32.347749 -1.625327 2.901728
Car -1 -1 -1.378828 213.845490 719.612183 509.746613 977.038086 0.874427 1.572309 4.240382 -5.666709 2.727992 24.454992 -1.606530 3.668273
Car -1 -1 -1.617906 977.857300 374.513306 1084.442749 477.768341 1.121266 1.635939 4.251003 0.217672 -1.833507 52.425344 -1.613754 2.147220
Car -1 -1 -1.531992 710.753540 518.105042 869.863037 673.006409 0.927143 1.741420 4.269369 -2.927732 0.843878 35.981029 -1.613182 3.145197
Car -1 -1 -1.081847 1770.553223 522.495483 1921.593384 680.467773 1.211601 1.655576 3.673751 11.736932 1.071919 36.758101 -0.772777 1.713682
Car -1 -1 -1.587708 933.263672 300.437958 1015.828491 381.486267 1.237592 1.713879 4.253706 -1.040154 -4.276213 65.945208 -1.603480 1.931491
Car -1 -1 -1.700516 1080.486328 910.473755 1421.293213 1078.469849 0.830772 1.835275 4.255423 1.613415 4.022844 21.125628 -1.624292 4.112036
Car -1 -1 -1.599605 929.467224 253.696960 1004.771545 318.375488 1.240294 1.838192 4.309592 -1.467197 -6.647919 78.640827 -1.618260 1.154302
Car -1 -1 1.800773 182.535995 223.794052 270.473816 282.161377 1.235655 1.513028 4.258183 -24.541764 -8.323014 86.144058 1.523234 0.843983
Car -1 -1 -1.539595 779.721497 249.125977 848.767273 308.047638 1.123239 1.654616 4.271525 -5.958664 -7.183669 81.190702 -1.612854 1.257225
Car -1 -1 1.746145 326.840332 184.355896 390.992523 232.480164 1.342982 1.572072 4.247185 -25.514789 -12.083381 107.427625 1.512959 0.816767
Car -1 -1 -1.569027 809.241394 206.832443 862.970337 256.981628 1.284689 1.711285 4.262370 -6.705588 -10.660470 101.916095 -1.634728 0.621365
Car -1 -1 -1.624505 938.130066 217.835571 996.799011 266.868286 1.145215 1.743840 4.270567 -1.815703 -9.908037 97.939095 -1.643042 0.602730
Car -1 -1 1.794977 186.712677 191.801697 264.502289 242.288773 1.289573 1.667102 4.254894 -28.751600 -10.995187 100.825375 1.517187 0.705866
Car -1 -1 -1.610417 904.832275 173.634613 947.809021 211.657410 1.281266 1.721139 4.258925 -4.265011 -15.455523 129.695733 -1.643289 0.546729
Car -1 -1 1.783581 261.318085 170.357941 325.043762 215.108551 1.383992 1.514472 4.256946 -30.274876 -13.661316 115.885899 1.528045 0.565066
Car -1 -1 1.827053 192.519150 165.039413 255.482773 204.619232 1.328351 1.562000 4.268350 -35.158528 -14.843582 122.827238 1.548264 0.449691
Car -1 -1 -1.545027 825.448242 161.663177 863.161072 195.661499 1.268429 1.625579 4.246923 -8.626588 -17.166176 138.270614 -1.607336 0.214287
