Car -1 -1 2.986461 1151.243164 191.250168 1298.475098 244.074997 1.368905 1.860948 4.321338 8.045814 -9.456448 74.355383 3.094250 2.382835
Car -1 -1 -0.364031 1589.095215 282.973602 1814.375244 364.761261 1.325059 1.872457 3.888263 16.166346 -3.835925 49.492455 -0.048314 3.603920
Car -1 -1 -1.545339 662.017639 664.380249 885.285645 915.357300 0.683796 1.757986 4.414291 -2.018732 2.517541 20.829664 -1.641953 2.361722
Car -1 -1 3.076218 906.456177 199.725266 1058.087280 257.256531 1.453572 1.889151 4.369128 -0.195347 -8.707286 71.678194 3.073493 1.908520
Car -1 -1 0.286981 0.000000 261.193512 153.636383 335.076874 1.338143 1.925449 4.844475 -23.982318 -4.928506 54.821982 -0.125394 0.886892
Car -1 -1 -2.986483 410.457916 188.998810 555.924683 246.614166 1.573251 1.892251 4.337844 -17.435844 -9.464058 74.987672 3.068246 1.339548
Car -1 -1 -2.838001 18.491865 207.675293 189.004684 270.436188 1.436069 1.866481 4.173773 -27.800455 -7.997584 68.535653 3.059830 1.223010
Car -1 -1 2.215779 606.091614 150.455872 696.139771 198.102646 1.519645 1.684652 4.182333 -15.151166 -14.368739 97.553386 2.061699 0.202599
Car -1 -1 2.635189 485.420898 152.978836 585.621094 206.855972 1.702512 1.881371 3.680593 -18.702796 -12.885788 90.091267 2.430498 0.547599
Car -1 -1 1.614922 763.484558 126.915169 803.863464 171.529312 1.698055 1.623703 4.452321 -10.632868 -17.901766 113.096768 1.521181 0.334430
Car -1 -1 3.056015 177.317444 169.769608 333.683472 225.050064 1.580778 1.918126 4.889488 -28.354160 -11.402993 83.940118 2.730259 0.751447
Car -1 -1 1.690340 685.118164 145.148727 734.177856 187.030807 1.369186 1.660308 4.244791 -13.711385 -16.276577 106.891770 1.562763 0.360273
Car -1 -1 -2.872636 487.403656 209.171417 639.917114 275.947266 1.529239 1.867504 3.980459 -12.826866 -7.487516 65.472457 -3.066098 0.834080
Car -1 -1 -1.572437 921.392761 108.715767 950.853821 133.134689 1.443049 1.798245 4.283685 -3.893372 -27.493960 158.405462 -1.597011 0.310856
Car -1 -1 1.665560 705.395325 122.251984 750.452332 170.006241 1.998444 1.726070 4.594372 -13.714848 -18.173385 114.676446 1.546530 0.224806
Car -1 -1 -2.901573 0.730634 180.453064 70.920082 224.494354 1.211214 1.811074 3.572691 -37.020260 -11.191439 82.499184 2.959811 0.201987
Car -1 -1 -2.792717 18.689089 191.647324 175.241730 245.825333 1.517071 1.862746 4.332414 -31.352051 -9.465562 76.139662 3.099856 0.521100
Car -1 -1 1.590782 782.598022 114.149605 816.818359 143.627441 1.387212 1.715866 4.249928 -11.594584 -22.700907 133.844480 1.504371 0.186750
