Car -1 -1 1.883726 0.000000 609.570862 242.402451 834.747192 1.323750 1.656599 4.340634 -9.791207 2.112804 30.625681 1.574290 3.385377
Car -1 -1 -1.640862 997.777405 822.130005 1236.479004 1073.626099 0.658025 1.631667 4.270332 0.981436 3.282249 23.882325 -1.599790 2.872983
Car -1 -1 -1.523589 679.240662 792.356323 897.909363 1024.799805 0.657506 1.670329 4.250936 -1.752170 3.086088 24.909342 -1.593815 4.194318
Car -1 -1 1.781368 270.858704 367.498627 403.203400 467.448242 1.202767 1.500687 4.312478 -13.084575 -2.484411 55.464140 1.549693 1.351843
Car -1 -1 -0.996314 959.448608 288.540588 1094.425659 354.918365 1.239958 1.579987 4.116025 0.974537 -6.130268 76.418212 -0.983562 0.792825
Car -1 -1 1.706679 522.467163 310.935913 618.135925 389.631256 1.294864 1.627482 4.250959 -10.383592 -4.715466 68.286286 1.555776 1.135578
Car -1 -1 -1.785276 1372.362305 834.432861 1670.157837 1079.442749 0.830431 1.610409 4.224734 4.528353 3.589652 24.291034 -1.600971 3.105067
Car -1 -1 1.865525 142.261581 258.000244 239.403915 320.636536 1.380295 1.532736 4.251458 -24.961416 -7.876967 86.211018 1.583693 1.328715
Car -1 -1 1.642178 747.377563 198.601089 802.157349 250.197037 1.650465 1.756465 4.264952 -8.692822 -12.679685 111.068221 1.564072 0.577208
Car -1 -1 -1.607819 1089.331543 131.140930 1122.462036 162.211761 1.868983 2.152987 4.260618 8.064661 -28.144813 196.127691 -1.566722 0.124040
Car -1 -1 1.664450 705.797363 134.172699 736.222107 159.821381 1.427997 1.744042 4.246498 -19.331103 -28.423847 196.685717 1.566480 0.323706
