Car -1 -1 -1.692971 1100.905273 692.470093 1325.764648 913.214783 0.661518 1.563397 4.253765 2.327734 2.390267 21.935834 -1.587251 3.687379
Car -1 -1 0.062414 786.728333 327.744263 1005.331360 413.720032 1.376608 1.892936 4.502801 -1.668016 -3.638597 49.412207 0.028669 3.205612
Car -1 -1 -2.927350 502.322235 240.142563 654.135437 312.243195 1.757842 1.902772 4.151419 -12.438521 -8.049066 69.716750 -3.103907 2.201282
Car -1 -1 3.028536 1208.606812 265.884521 1365.209839 326.267426 1.394322 1.823234 4.237609 9.646450 -7.275267 66.765164 -3.111159 2.836703
Car -1 -1 -1.526222 758.355408 712.606506 987.434021 950.415161 0.578043 1.820199 4.453283 -0.861989 2.502435 21.017248 -1.567212 2.178669
Car -1 -1 -2.717585 49.995850 254.207932 207.523453 313.579590 1.368584 1.840182 3.908604 -26.692847 -7.941781 69.200020 -3.085734 2.249124
Car -1 -1 2.812726 1615.617554 279.501892 1817.968140 351.224121 1.541530 1.881459 4.623909 20.729955 -5.976840 60.806575 3.141285 2.511750
Car -1 -1 -1.867422 1541.429321 848.427551 1918.543213 1080.000000 1.305337 2.179792 4.796286 6.225651 4.189971 16.945665 -1.515341 2.714474
Car -1 -1 2.850684 1524.063843 261.794617 1689.682007 339.479370 1.762003 1.869022 3.947458 18.719675 -6.706217 64.434350 3.133424 1.708219
Car -1 -1 -0.443226 1802.034546 310.561768 1920.902710 419.350159 1.838993 1.857611 4.575259 21.689398 -3.598360 50.252641 -0.035772 0.801535
Car -1 -1 1.650679 742.902954 181.987991 783.040039 217.921295 1.401207 1.638008 4.260944 -10.704987 -17.517709 113.448829 1.556598 0.590778
Car -1 -1 1.696658 615.123535 211.486893 670.605347 257.273865 1.330637 1.693797 4.253127 -13.850018 -12.815762 92.398787 1.547872 0.900444
Car -1 -1 0.170830 1298.448486 155.912308 1374.062744 188.010849 1.604601 1.862868 4.090241 23.600486 -23.452407 140.495610 0.337256 0.131218
