Car -1 -1 -1.619258 959.803162 516.630310 1096.878540 652.652283 1.031130 1.645835 4.235326 0.468148 0.574180 39.923749 -1.607532 2.203267
Car -1 -1 -1.543340 729.400757 509.993652 867.686218 677.477112 1.276425 1.657083 4.244840 -2.639963 0.795524 37.931637 -1.612826 1.741478
Car -1 -1 -1.703947 1145.025391 451.292358 1288.630737 569.867432 1.064900 1.620152 4.291365 3.643861 -0.553619 45.426368 -1.623904 2.027294
Car -1 -1 -1.512051 629.234070 813.807800 854.872559 1056.913940 0.696799 1.638918 4.223066 -2.120397 3.252517 24.298320 -1.599095 2.733115
Car -1 -1 -1.747209 1289.364502 720.470642 1516.517822 927.164673 0.799619 1.469379 4.225725 4.101184 2.724055 28.315356 -1.603370 3.005841
Car -1 -1 -1.591738 939.243713 391.804535 1043.309082 486.590210 1.108356 1.752377 4.262630 -0.055044 -2.032655 53.856430 -1.592760 2.087597
Car -1 -1 1.697042 505.368073 297.459717 595.783875 381.069031 1.464482 1.570287 4.245710 -11.129848 -5.024341 69.885921 1.539111 1.324527
Car -1 -1 -1.627388 1071.894775 350.587006 1163.391479 434.516235 1.163417 1.689013 4.225305 2.728882 -3.314708 60.962300 -1.582654 1.572452
Car -1 -1 -1.396390 174.084167 887.519714 526.001038 1079.208008 0.992329 1.785153 4.293783 -4.905487 4.010533 21.854877 -1.617188 2.403514
Car -1 -1 1.660111 637.855530 298.286865 730.210876 375.100281 1.337255 1.801562 4.259230 -7.908936 -5.252743 71.162664 1.549426 1.240085
Car -1 -1 -1.632991 1069.008179 294.920380 1152.217041 363.939697 1.271781 1.838997 4.268196 3.131510 -5.705638 74.027211 -1.590714 1.352102
Car -1 -1 -1.541257 826.811279 270.050293 894.096130 331.461823 1.243284 1.794394 4.244607 -3.898033 -7.133178 81.392011 -1.589112 1.075102
Car -1 -1 -1.621864 1043.186768 256.034088 1107.908081 313.391418 1.280364 1.742418 4.250991 2.637576 -8.255151 87.992586 -1.591898 1.131548
Car -1 -1 -1.555685 895.271851 179.695877 936.478088 219.209320 1.389346 1.765210 4.242762 -3.677930 -16.517087 132.422308 -1.583452 0.528068
Car -1 -1 -1.660216 1020.619141 872.611694 1336.025269 1077.355591 1.351800 1.761654 4.844553 1.214734 4.164844 20.988259 -1.602404 2.346705
Car -1 -1 -1.567529 943.151794 209.803070 995.646057 264.687744 1.488710 1.825991 4.272520 -0.896422 -11.920798 108.205693 -1.575813 0.619267
Car -1 -1 -1.571885 936.549927 243.717529 995.237000 300.134033 1.310725 1.846626 4.259142 -0.885787 -9.027876 92.124150 -1.581499 1.173852
Car -1 -1 1.653063 661.997620 258.315338 742.983887 331.512878 1.616592 1.875584 4.251931 -8.334474 -6.960089 79.742939 1.548924 1.314374
Car -1 -1 -1.549435 896.604309 156.182266 930.447510 186.402023 1.380259 1.812245 4.225289 -4.636187 -21.783031 160.828788 -1.578254 0.355146
Car -1 -1 -1.566465 938.250549 168.823105 977.196350 204.439697 1.446745 1.788933 4.251689 -1.757735 -18.431485 142.512877 -1.578798 0.551137
Car -1 -1 -1.666359 1178.808105 189.093033 1229.771240 229.370789 1.392005 1.818058 4.262758 9.586928 -15.205613 125.464547 -1.590096 0.415966
Car -1 -1 -1.644663 1161.512695 177.260513 1203.393799 212.475449 1.412980 1.720338 4.257655 9.487762 -17.284767 136.465013 -1.575249 0.235891
Car -1 -1 -1.656206 1168.298462 184.106491 1215.836914 220.284927 1.339903 1.699990 4.208064 9.425562 -15.835266 128.474669 -1.582972 0.196690
