Car -1 -1 3.131832 727.727966 401.721222 1015.823059 500.688507 1.380012 1.875082 5.000151 -2.273219 -1.587608 52.069928 3.088203 3.281282
Car -1 -1 -1.517242 661.471619 800.856201 881.537231 1033.910767 0.631701 1.588460 4.231468 -1.879862 3.120676 24.674975 -1.593280 3.971269
Car -1 -1 -0.282799 304.835815 395.331024 569.024658 494.715179 1.225143 1.832623 4.327435 -10.651060 -1.832393 53.054776 -0.480921 3.400350
Car -1 -1 -0.005859 0.000000 406.545563 143.899017 514.497986 1.411446 1.851905 4.099684 -17.955615 -1.351876 50.722872 -0.346088 1.093200
Car -1 -1 3.011647 1185.617065 390.051910 1461.703979 495.448822 1.490372 1.854903 4.609898 6.140371 -1.670153 51.639896 3.129999 3.838022
Car -1 -1 -0.286080 1620.084717 441.476990 1920.817993 573.692139 1.648282 1.860834 4.906955 12.918242 -0.300916 44.896140 -0.005912 1.471994
Car -1 -1 -1.768070 1352.344971 810.256897 1641.351807 1058.900024 0.687522 1.544626 4.216218 4.326538 3.245525 24.391777 -1.592519 3.247102
Car -1 -1 3.019093 224.700958 511.996216 589.444397 646.691345 1.270228 1.884405 4.629867 -8.461961 0.633564 39.779713 2.809497 3.184655
Car -1 -1 -1.663758 1059.771240 845.057312 1308.185425 1078.456299 1.151832 1.546075 4.222313 1.502441 3.894966 23.072519 -1.598732 4.204515
Car -1 -1 1.746948 407.944885 292.307526 504.404175 378.930115 1.623506 1.564687 4.238420 -13.690806 -5.108640 70.803618 1.555943 1.132343
Car -1 -1 1.788259 269.390442 290.895325 381.471008 381.484955 1.646670 1.688107 4.433021 -17.007120 -5.077668 70.651826 1.552036 0.813754
Car -1 -1 2.962902 1767.184814 401.718872 1919.775391 501.293243 1.275024 1.910106 4.349430 17.101031 -1.633879 51.669658 -3.000663 1.023558
Car -1 -1 1.708969 517.928284 290.382446 609.810486 377.076080 1.569815 1.648184 4.232468 -10.936791 -5.169150 70.729197 1.555555 1.205770
Car -1 -1 -1.609557 991.794006 219.778809 1050.175171 268.282501 1.299253 1.930516 4.260880 1.069782 -11.298209 103.977561 -1.599269 0.825238
Car -1 -1 -1.549477 1033.104370 178.053009 1078.486084 218.940765 1.594695 1.840218 4.239281 3.032748 -16.446197 132.073780 -1.526519 0.434756
Car -1 -1 1.719531 533.856323 219.789185 601.939941 283.981964 1.707993 1.526585 4.575758 -14.634639 -9.841434 95.385510 1.567292 0.482037
Car -1 -1 -1.586217 980.602112 131.800888 1009.640747 158.823837 1.644648 1.877004 4.268991 0.203423 -28.274728 195.548515 -1.585177 0.315868
Car -1 -1 1.719561 498.679626 255.288086 570.167725 315.152496 1.315207 1.370466 4.251342 -14.242955 -8.004454 86.092612 1.555609 0.858764
Car -1 -1 1.696771 586.410767 241.210709 660.242859 311.034546 1.704592 1.625908 4.254733 -11.499835 -8.094072 86.258291 1.564234 0.716689
Car -1 -1 1.780521 325.699036 275.615479 411.708405 349.836945 1.516778 1.325831 4.243536 -17.731454 -6.419618 78.697000 1.558909 1.049362
Car -1 -1 1.696143 589.652649 208.804504 644.498962 255.117859 1.282871 1.565564 4.247694 -14.667302 -12.235689 108.176744 1.561378 0.586371
Car -1 -1 1.640465 721.764954 152.281067 756.656433 180.985764 1.451552 1.771294 4.252998 -15.143892 -22.685189 165.504922 1.549218 0.293442
Car -1 -1 1.703647 555.536255 275.574951 634.081238 345.942322 1.359767 1.470385 4.243994 -11.306803 -6.578665 78.756754 1.561055 0.985204
Car -1 -1 1.743438 457.295166 278.241516 531.034241 343.198792 1.314323 1.322966 4.263223 -14.318744 -6.651251 79.571086 1.565394 0.819332
Car -1 -1 1.629839 746.135437 212.420975 800.401733 269.153809 1.673827 1.674853 4.292300 -8.272635 -11.221958 103.876068 1.550368 0.245938
Car -1 -1 1.629872 760.364807 129.945236 789.810974 155.025284 1.560372 1.812764 4.254087 -16.763349 -31.096573 213.067318 1.551357 0.162460
Car -1 -1 1.662922 665.518616 148.899323 702.141724 179.385971 1.525408 1.773082 4.254590 -19.206292 -23.668579 171.800321 1.551590 0.159817
