Car -1 -1 0.257486 802.680542 298.176666 1010.434570 392.892975 1.746833 1.968022 4.449878 -1.796600 -3.642641 56.376617 0.225628 2.662799
Car -1 -1 -1.155185 786.026550 594.122437 1044.820312 767.456726 0.740568 1.286306 4.208162 -0.667021 1.982445 26.508404 -1.180342 3.252317
Car -1 -1 -1.453224 1377.109253 618.842896 1609.214966 838.999573 0.717130 1.686301 4.362181 5.454706 2.173117 22.825930 -1.218653 2.379270
Car -1 -1 0.698902 3.864151 383.331970 176.345810 459.945801 1.411796 1.871274 3.837687 -24.048640 -2.069460 59.085185 0.312361 0.648333
Car -1 -1 -1.281035 919.665833 697.666931 1217.135254 929.627747 0.514141 1.462187 4.549967 1.000713 2.714617 21.395778 -1.234298 2.810200
Car -1 -1 -1.618870 1715.312378 616.128357 1916.951660 888.669983 1.009879 1.958564 4.390233 8.034302 2.322004 20.637090 -1.247609 1.418469
Car -1 -1 0.631554 294.719330 339.310730 463.317566 403.274506 1.226053 1.853561 4.010939 -17.937430 -3.873880 65.349171 0.363666 1.075305
Car -1 -1 0.669439 128.269379 355.727203 311.623718 428.861053 1.391098 1.886716 3.949979 -21.446565 -3.001509 61.963128 0.336226 1.271754
Car -1 -1 -1.435949 1213.794678 841.381287 1531.938477 1079.659912 0.934880 1.736408 4.236195 3.240339 3.984028 17.250456 -1.250272 3.211272
Car -1 -1 -1.126113 478.680725 757.708984 832.570618 1002.098022 0.539751 1.353667 4.294694 -2.880839 3.214174 20.665226 -1.264625 3.188913
Car -1 -1 0.084655 1335.046387 309.169739 1588.656250 395.195374 1.215652 1.857357 4.763844 10.381931 -3.029180 47.098185 0.301617 2.790190
Car -1 -1 0.164952 1270.904663 291.033966 1490.276001 370.637939 1.252678 1.895187 4.254071 9.831977 -3.996821 53.621549 0.346296 1.081956
Car -1 -1 0.346159 926.830200 298.149323 1108.869629 362.651398 1.140972 1.877757 4.327698 0.994113 -4.588471 59.806122 0.362779 1.075635
Car -1 -1 0.524449 616.807190 342.931732 809.797485 428.567047 1.374418 1.907393 3.807816 -6.440804 -2.651418 53.285150 0.404158 2.588090
Car -1 -1 1.693067 1426.070312 156.961700 1477.921997 199.893448 1.335974 1.705514 4.258390 21.819519 -14.649830 101.415725 1.904986 0.676249
Car -1 -1 1.740081 1310.438721 165.784042 1361.910889 205.853607 1.272039 1.461925 4.253540 16.879814 -14.786120 104.129649 1.900787 0.514278
Car -1 -1 1.775366 1228.670288 175.376602 1285.442383 213.348328 1.188589 1.611945 4.276119 13.160294 -14.455730 104.263582 1.900924 0.453007
Car -1 -1 1.763174 1268.015869 156.673767 1315.709839 195.613037 1.389749 1.442051 4.252984 16.316014 -16.763603 114.848490 1.904295 0.511171
Car -1 -1 -2.458326 331.689148 264.027557 416.747742 299.859924 1.121115 1.874933 3.148125 -28.081815 -10.313008 101.543885 -2.728132 0.375791
Car -1 -1 0.602497 230.014023 331.673737 385.278412 384.764740 1.125145 1.795842 3.596685 -21.373638 -4.637968 70.154108 0.306764 0.435968
Car -1 -1 1.728291 1356.674438 146.192108 1400.774658 180.564529 1.311677 1.620804 4.252504 21.481112 -18.032205 118.744128 1.907258 0.470628
Car -1 -1 -2.412297 0.564232 282.527374 46.495937 319.482391 1.176409 1.869228 2.635241 -42.013099 -8.680694 94.558964 -2.830406 0.057804
Car -1 -1 1.672419 1447.788818 134.957565 1496.963867 181.861664 1.742936 1.717670 4.411697 25.235454 -17.079456 112.286582 1.893487 0.283751
