Car -1 -1 0.554760 511.276917 359.149689 755.869629 462.938690 1.250871 1.869627 3.995636 -6.696426 -2.363464 53.660474 0.430609 3.545111
Car -1 -1 -1.476620 529.406372 698.219910 755.175964 929.783997 0.773122 1.544371 4.250020 -2.983401 2.386576 25.399757 -1.593542 2.517620
Car -1 -1 -1.600919 880.422180 680.710693 1099.608521 894.904297 0.755932 1.792167 4.260581 0.058709 2.218704 26.211665 -1.598679 2.176650
Car -1 -1 -1.725662 1212.467285 687.477600 1475.341797 932.650513 0.904141 1.613695 4.220360 3.260079 2.407662 25.267789 -1.597350 2.630192
Car -1 -1 0.030915 1051.944580 355.797424 1347.359985 494.224579 1.882888 1.911688 4.813939 3.951000 -1.559890 49.326126 0.110844 4.318217
Car -1 -1 2.975728 1664.211304 310.208435 1894.178223 398.835510 1.508320 1.882004 4.396016 17.902585 -3.847287 61.700283 -3.025058 2.644435
Car -1 -1 1.424984 267.985535 312.495117 372.347473 399.972107 1.234540 1.496906 4.234245 -14.787502 -3.964066 61.756832 1.189961 1.089300
Car -1 -1 1.892213 0.000000 233.300446 72.866119 307.589996 1.666581 1.565353 4.299748 -29.811256 -8.002279 85.819505 1.557881 1.032946
Car -1 -1 1.786493 246.305328 238.945236 339.892303 311.987061 1.553929 1.587948 4.254726 -20.151254 -7.490677 81.377526 1.543749 0.885242
Car -1 -1 1.716809 459.130035 182.935730 510.112549 221.974899 1.311314 1.444313 4.242424 -22.081466 -14.939250 123.471780 1.539842 0.531149
Car -1 -1 1.714667 465.511993 144.314590 506.028381 177.930984 1.609929 1.631037 4.261681 -29.358701 -22.308437 164.795895 1.538364 0.337353
