Car -1 -1 -1.822886 1308.351807 730.621277 1640.016846 1005.791077 0.793287 1.566485 4.431025 4.318657 2.810438 24.169156 -1.646067 3.534507
Car -1 -1 -1.669336 918.616150 712.212524 1194.147827 1015.449219 0.918326 1.715921 4.741131 0.695523 2.777258 23.793818 -1.640113 2.914316
Car -1 -1 1.812290 0.799609 271.825531 120.542473 353.934662 1.248033 1.708711 4.244804 -21.159586 -4.840361 65.069459 1.497891 1.226338
Car -1 -1 1.783597 108.209480 243.881973 213.073486 314.815186 1.197320 1.497559 4.243457 -20.697085 -6.247903 71.917845 1.503381 1.273700
Car -1 -1 1.768153 182.009232 220.614029 268.997772 280.138458 1.179513 1.522636 4.242235 -21.531432 -7.952934 81.387614 1.509524 1.103159
Car -1 -1 1.795003 150.848785 191.325180 229.476303 244.720505 1.172947 1.450071 4.244187 -25.702571 -10.144697 92.612780 1.524288 1.021471
Car -1 -1 1.830808 0.801778 239.455322 71.398575 319.771301 1.444818 1.810754 4.256203 -24.442210 -6.136509 71.484432 1.501346 1.070470
Car -1 -1 1.756990 240.509827 198.946243 317.119324 254.603287 1.240874 1.452798 4.241494 -21.772053 -9.372199 88.550146 1.515900 1.000325
Car -1 -1 1.732747 331.979126 158.191956 400.469879 211.164093 1.522134 1.727902 4.257760 -22.885121 -12.814389 106.798096 1.521655 0.753429
Car -1 -1 1.799673 28.748194 217.011932 130.369797 284.194733 1.342461 1.533789 4.239415 -24.954342 -7.575057 78.695066 1.492602 0.961140
Car -1 -1 1.763177 206.363617 162.894470 279.766266 219.669830 1.512343 1.542714 4.289624 -25.944360 -11.777472 100.479718 1.510491 0.461118
Car -1 -1 1.809503 87.610565 208.592438 170.431747 266.347137 1.174977 1.278563 4.237250 -25.671097 -8.789554 85.867729 1.518999 0.576142
Car -1 -1 1.738896 275.573486 182.461899 344.034912 234.562592 1.305234 1.383028 4.248127 -22.858242 -10.973270 97.531350 1.508683 0.734709
Car -1 -1 1.801212 6.114902 197.243042 86.636810 258.493317 1.273910 1.504188 4.221574 -30.027244 -9.644867 91.203571 1.483156 0.730294
Car -1 -1 1.776899 198.243286 150.338196 263.183350 196.198105 1.365799 1.552521 4.242474 -30.111422 -14.280123 114.185525 1.519062 0.259005
