Car -1 -1 -1.568594 461.468140 466.454803 605.663879 620.203430 1.090247 1.782190 4.241942 -6.076811 0.127184 32.832634 -1.751607 2.213793
Car -1 -1 -1.365216 292.199524 628.084290 551.376343 843.755554 0.913145 1.755401 4.262618 -5.578444 2.100342 24.148204 -1.592242 4.149261
Car -1 -1 -2.028817 281.084534 400.918793 502.860321 536.627319 1.315750 1.449194 4.811944 -9.891185 -1.078731 39.201959 -2.275972 0.989707
Car -1 -1 1.758700 499.260742 213.232986 573.318176 267.875488 1.380110 1.674723 4.251968 -14.695701 -10.519238 79.692099 1.576343 0.836645
Car -1 -1 1.149048 395.856354 340.519897 547.645386 438.512695 1.323860 1.364644 4.259821 -10.159721 -2.988576 47.350376 0.937688 0.861639
Car -1 -1 -1.559609 853.821289 203.877625 906.067200 250.622208 1.326236 1.900930 4.260602 -2.413558 -12.194867 87.983821 -1.587034 1.073970
Car -1 -1 -1.764591 1332.169312 232.381958 1407.944824 290.890076 1.376078 1.633259 4.232656 14.692029 -9.213971 75.123249 -1.571457 1.116658
Car -1 -1 -1.708418 1137.542114 135.928650 1171.546875 164.335175 1.318325 1.551104 4.269873 14.062363 -25.199505 144.256730 -1.611244 0.314297
Car -1 -1 -1.581953 914.698669 125.693832 941.357605 151.431717 1.449627 1.772637 4.243387 -0.926171 -29.304057 162.938981 -1.587637 0.267581
Car -1 -1 -1.629204 969.689087 119.227791 995.442627 142.369904 1.504278 1.845886 4.263114 3.362431 -32.615422 177.806900 -1.610296 0.265904
Car -1 -1 -1.774674 1232.868896 186.564484 1280.385254 220.343582 1.143223 1.446170 4.206665 14.502566 -15.208288 100.875956 -1.631886 0.354177
