Car -1 -1 -1.403080 468.393097 636.422974 712.690430 852.983337 0.809965 1.671257 4.259073 -3.918522 2.010047 23.265637 -1.569939 4.358587
Car -1 -1 -1.678548 1100.928101 746.267822 1333.702759 993.814026 0.582500 1.513030 4.231928 2.163962 2.739451 20.113135 -1.571371 2.721204
Car -1 -1 -1.517399 739.055115 738.890442 967.135132 984.357849 0.577075 1.697087 4.270662 -0.974430 2.671061 20.113540 -1.565808 3.477361
Car -1 -1 2.818025 1559.228271 285.351593 1736.952393 349.981445 1.360537 1.844680 4.059705 18.925459 -6.041420 61.091308 3.118438 2.557648
Car -1 -1 1.700097 597.685547 206.096268 664.666199 261.561127 1.637773 1.948201 4.282190 -13.810815 -12.193520 89.001507 1.546150 0.714677
Car -1 -1 -2.859974 262.692780 254.433517 430.729706 312.028107 1.368576 1.842113 4.376143 -19.909931 -8.031174 69.799836 -3.137838 2.596062
Car -1 -1 -3.132921 910.103699 253.458969 1086.848633 329.049103 1.821693 1.901432 4.863133 0.861502 -7.131669 65.974321 -3.119863 1.701122
Car -1 -1 1.668172 688.439880 205.112061 744.411316 257.187927 1.573750 1.716827 4.425838 -10.530192 -12.554897 90.569466 1.552425 0.511817
Car -1 -1 2.849726 1537.303467 268.121490 1693.004272 324.700195 1.324004 1.807538 4.125780 20.213442 -7.485939 68.365827 3.137202 1.067119
Car -1 -1 -1.616071 949.134521 163.076263 980.725952 188.987854 1.291079 1.702428 4.249811 -0.344352 -24.093138 144.589122 -1.618453 0.388484
Car -1 -1 1.645841 711.667969 194.494934 757.521667 237.495819 1.442881 1.670334 4.247968 -10.987395 -14.997810 102.161208 1.538703 0.621525
Car -1 -1 0.165728 1299.171387 156.858902 1374.655396 187.965622 1.552693 1.821645 4.114542 22.963175 -22.881602 137.156900 0.331612 0.112540
Car -1 -1 1.651665 737.274231 192.440903 777.228638 227.024979 1.242031 1.515702 4.254287 -10.269286 -15.970366 106.274743 1.555335 0.296046
