Car -1 -1 -1.378871 143.813110 636.690613 460.755341 903.703308 0.760665 1.665974 4.319935 -5.660294 2.052944 24.058725 -1.609939 3.820008
Car -1 -1 -1.675631 958.119751 657.396301 1201.033325 890.819458 0.631311 1.615341 4.245491 0.895574 2.106583 24.987733 -1.639806 2.989961
Car -1 -1 -1.662568 362.001007 348.958954 501.895294 473.275085 0.864118 1.503851 4.253272 -8.046076 -1.562826 41.082814 -1.855970 1.944844
Car -1 -1 1.725694 359.325562 120.197136 438.482544 184.693207 1.315641 1.532396 4.254272 -17.181700 -10.626683 83.343991 1.522388 1.090863
Car -1 -1 1.830301 71.152992 189.004883 193.512527 271.289459 1.159828 1.411972 4.279351 -19.374671 -6.452085 64.221448 1.537298 1.286911
Car -1 -1 1.854477 13.827538 154.408966 125.714241 233.960083 1.424305 1.452550 4.270214 -23.030978 -7.908370 70.996042 1.540790 1.142663
Car -1 -1 1.789801 200.334824 104.975899 280.656738 159.863937 1.247268 1.497124 4.276913 -24.852591 -12.799046 94.370570 1.532297 0.743956
Car -1 -1 1.759525 310.374512 101.830116 384.435272 155.656174 1.248312 1.454892 4.258201 -21.188380 -12.901666 94.336942 1.538588 0.837897
Car -1 -1 -1.650648 992.966003 73.559685 1049.614258 122.452553 1.265181 1.711316 4.273430 1.935094 -15.710869 106.393638 -1.632462 0.640844
Car -1 -1 1.705338 406.304138 107.459419 477.211090 162.556122 1.214484 1.453407 4.257376 -17.158246 -12.071488 89.821607 1.516586 0.854333
Car -1 -1 1.839419 26.761400 113.541580 122.261940 180.068008 1.421343 1.586419 4.277678 -27.563259 -10.985055 85.370220 1.527117 0.884672
Car -1 -1 1.742116 313.179565 63.276352 380.345978 111.853020 1.446502 1.770004 4.254494 -25.153554 -16.849125 111.662973 1.520551 0.502614
Car -1 -1 1.774316 222.445358 72.755157 285.087891 116.635445 1.277011 1.443058 4.261218 -29.275251 -16.885173 113.160143 1.521160 0.602764
Car -1 -1 1.699249 433.512238 94.101166 495.425232 145.114929 1.228487 1.431004 4.241971 -17.814879 -13.716522 97.693502 1.518876 0.688594
Car -1 -1 1.706560 463.463745 41.346722 513.495422 79.176979 1.291056 1.653065 4.255457 -23.131285 -21.468694 132.858722 1.534184 0.448700
Car -1 -1 1.832275 90.594704 60.864807 154.265442 105.162376 1.387895 1.514957 4.256668 -37.479550 -18.715496 122.320605 1.534953 0.468998
Car -1 -1 1.691998 462.783539 72.500061 522.275635 125.849472 1.460532 1.511952 4.289891 -18.032737 -15.293309 104.388514 1.520939 0.513682
Car -1 -1 1.867497 0.740684 85.352921 75.573685 132.988708 1.269712 1.432548 4.262830 -35.898079 -15.276403 106.001638 1.540964 0.363476
Car -1 -1 1.708078 392.264893 36.878304 445.218140 78.842445 1.567208 1.774117 4.242819 -27.134559 -21.998472 136.144545 1.511349 0.357737
Car -1 -1 1.674896 471.120941 18.034233 511.784729 50.798851 1.445585 1.771041 4.250860 -27.932122 -27.594164 161.435939 1.503570 0.162391
Car -1 -1 1.747474 368.288483 30.315786 421.321167 70.851791 1.535643 1.657769 4.265982 -29.192702 -22.972244 140.171135 1.542145 0.228785
