Car -1 -1 -0.523717 319.021698 353.199615 596.283020 487.702545 1.695533 1.959944 4.639300 -10.446968 -2.128695 54.322113 -0.713713 3.091337
Car -1 -1 -0.251874 1456.421021 452.861084 1758.389404 570.806519 1.423151 1.856360 4.121638 9.794092 -0.302421 44.341836 -0.034487 4.877250
Car -1 -1 -0.114768 2.175695 411.806366 254.348007 523.868225 1.360450 1.835436 4.190057 -15.805183 -1.237902 50.142022 -0.420118 3.091713
Car -1 -1 -1.773539 1344.563843 787.761353 1626.876587 1016.500183 0.645404 1.559439 4.267056 4.368673 3.051026 25.197776 -1.601870 3.041223
Car -1 -1 -1.060423 670.095459 348.259552 824.450195 431.584045 1.150816 1.442207 4.242116 -5.398439 -3.417075 61.521418 -1.147947 0.927509
Car -1 -1 1.779064 277.983978 304.408386 381.890656 379.569427 1.282761 1.514821 4.245683 -16.943087 -5.121577 70.875404 1.544413 1.340305
Car -1 -1 -1.512750 629.990417 834.969971 898.069275 1078.230591 1.403200 1.739855 4.507780 -1.745731 3.998256 22.373207 -1.590620 1.872020
Car -1 -1 -1.501603 913.810913 304.450806 989.750366 375.298126 1.201287 1.624784 4.238519 -1.000666 -5.203050 70.747310 -1.515746 1.147555
Car -1 -1 -1.645946 1032.799316 826.461548 1290.907593 1080.000000 1.078846 1.748398 4.289217 1.346735 3.722264 23.689910 -1.589159 2.191335
Car -1 -1 1.661808 637.743469 288.076599 724.971741 384.904236 1.724656 1.675143 4.529591 -7.785956 -4.935602 69.508584 1.550259 0.691399
Car -1 -1 1.698864 517.323303 302.088531 606.426147 376.805725 1.284198 1.589311 4.245142 -11.022604 -5.184213 70.934323 1.544705 1.205680
Car -1 -1 1.720452 486.794037 233.066315 568.991272 314.851196 1.957152 1.759754 4.263316 -14.331811 -7.979047 85.442878 1.554263 0.885258
Car -1 -1 1.733024 398.163666 294.277008 496.799347 375.036865 1.415132 1.692862 4.254786 -13.915820 -5.222875 70.783466 1.538903 1.100884
Car -1 -1 1.773220 340.383575 281.910004 420.749603 346.862518 1.262911 1.260662 4.242640 -17.294741 -6.466012 78.277427 1.555772 0.934822
Car -1 -1 1.671433 653.624695 184.842209 700.022949 223.758179 1.340122 1.542866 4.247823 -14.551509 -15.704110 127.527331 1.557819 0.536470
Car -1 -1 1.697882 560.594666 276.782990 640.230042 345.383575 1.380958 1.550688 4.250312 -11.040550 -6.479388 77.976838 1.557229 0.870603
Car -1 -1 1.706468 602.449463 251.124847 668.810425 310.325745 1.339295 1.517500 4.236423 -11.140998 -8.162617 86.365222 1.578178 0.871508
Car -1 -1 1.607121 812.125488 128.811188 841.199158 154.846390 1.478030 1.786678 4.247451 -12.249275 -29.796651 203.583324 1.547025 0.190457
Car -1 -1 1.666673 709.025269 131.681870 739.675842 157.594452 1.492317 1.741551 4.240047 -19.318454 -28.933888 199.119888 1.569956 0.144861
Car -1 -1 1.675627 663.456116 155.226837 700.839233 184.186325 1.361498 1.623308 4.239399 -18.225634 -21.966330 161.829993 1.563478 0.143245
