Car -1 -1 0.283279 0.388716 470.223785 181.765076 587.394104 1.353586 1.851291 4.075923 -15.325308 -0.068990 43.939166 -0.052313 1.655711
Car -1 -1 -1.638333 998.003906 822.093750 1236.143066 1073.470825 0.655962 1.637896 4.266358 0.982758 3.283899 23.908271 -1.597251 2.847753
Car -1 -1 -0.934087 597.955566 350.318542 776.098999 436.211639 1.169716 1.676002 4.063848 -6.598075 -3.252691 60.067515 -1.043492 1.253276
Car -1 -1 -0.420026 267.606781 396.055176 549.892090 499.216675 1.154870 1.862363 4.435831 -10.901898 -1.782916 51.978264 -0.626769 3.291210
Car -1 -1 -1.521712 679.452759 791.995483 897.768799 1025.580078 0.663212 1.659794 4.249705 -1.745674 3.092284 24.914202 -1.591665 3.780008
Car -1 -1 1.778224 274.159454 289.693634 387.443420 377.571686 1.630674 1.767506 4.295977 -16.961211 -5.172534 71.072514 1.543959 0.971290
Car -1 -1 1.710437 511.621796 290.907135 608.921509 378.641052 1.610885 1.686935 4.347903 -10.992501 -5.122781 70.635669 1.556053 0.710571
Car -1 -1 -1.782928 1372.201050 833.762146 1665.592407 1078.787964 0.759137 1.578734 4.225810 4.513797 3.513911 24.317019 -1.599394 3.067654
Car -1 -1 -1.405698 882.535156 287.208588 978.620605 368.516022 1.527491 1.804754 4.253919 -1.588382 -5.525057 72.985956 -1.427457 0.816614
Car -1 -1 1.657709 715.381592 217.766373 773.832397 266.741394 1.366930 1.660404 4.254927 -9.229988 -11.212848 103.059135 1.568387 0.865121
Car -1 -1 -1.558657 971.908875 234.937561 1028.377197 284.259003 1.271596 1.773373 4.254103 0.298642 -10.108395 98.101626 -1.555613 1.200033
Car -1 -1 -1.566286 927.542908 202.239136 975.990295 246.276642 1.382286 1.782525 4.232641 -1.680642 -13.261581 114.705422 -1.580937 0.812690
Car -1 -1 -1.511171 1035.184204 182.139023 1080.848877 224.696838 1.567436 1.822373 4.255573 3.044410 -15.750184 128.344454 -1.487454 0.461294
Car -1 -1 -1.553930 921.432983 135.549133 949.698547 161.305389 1.458323 1.763282 4.243726 -3.928117 -27.531387 191.179368 -1.574474 0.326826
Car -1 -1 1.658473 714.665710 132.159515 744.124084 157.281342 1.502789 1.629186 4.258084 -18.858871 -28.737205 198.034500 1.563529 0.211838
Car -1 -1 -1.597719 1082.070801 131.327957 1113.372314 160.720551 1.716105 1.958140 4.272015 7.604561 -28.355264 197.215897 -1.559178 0.090054
