Car -1 -1 -0.998248 769.069763 352.680908 936.031860 435.649292 1.159321 1.612257 4.150479 -2.998073 -3.249477 60.181155 -1.048025 1.317715
Car -1 -1 -1.522749 706.101501 796.921631 929.780762 1045.584229 0.733860 1.653255 4.225017 -1.463582 3.168709 24.422498 -1.582605 2.957874
Car -1 -1 1.814575 228.893066 310.242462 344.290588 399.208252 1.522494 1.560125 4.252506 -16.856487 -4.332073 66.233864 1.565366 1.216784
Car -1 -1 1.982243 1.647285 284.200104 110.709778 373.513672 1.718179 1.828503 4.711544 -25.818062 -5.568111 74.814652 1.649945 0.563148
Car -1 -1 -1.778227 1371.134766 802.983704 1694.651367 1062.254150 0.663152 1.676833 4.609930 4.600512 3.198223 24.278302 -1.590957 3.716259
Car -1 -1 1.759252 392.808929 304.260529 496.400482 379.414398 1.310240 1.672575 4.251546 -13.968401 -5.090523 70.626291 1.563993 1.252228
Car -1 -1 -1.396224 243.965805 823.898621 564.498596 1079.103760 1.145026 1.776772 4.238077 -4.899374 3.765374 23.683999 -1.600211 3.806184
Car -1 -1 1.724526 510.747131 309.419922 602.690857 390.021362 1.378429 1.524448 4.241657 -10.760234 -4.710220 68.511891 1.568742 1.207305
Car -1 -1 -1.539097 910.376099 240.675156 970.459412 293.690521 1.279954 1.812694 4.244623 -1.770351 -9.476174 94.728576 -1.557784 0.937459
Car -1 -1 -1.556320 903.183105 207.769958 952.220825 258.075134 1.487759 1.792093 4.263859 -2.520886 -12.121631 108.400262 -1.579571 0.620003
Car -1 -1 1.715066 507.233643 204.599777 571.175720 254.041687 1.563156 1.771000 4.258289 -18.067774 -12.444726 110.292052 1.552691 0.666143
Car -1 -1 1.676066 585.576050 206.867813 647.802856 256.894745 1.530251 1.783463 4.258758 -14.648177 -12.077090 107.895307 1.541129 0.706937
Car -1 -1 -1.566291 934.781921 137.760895 963.150940 162.907288 1.386367 1.756934 4.265245 -3.022768 -27.488415 192.064001 -1.582028 0.374770
Car -1 -1 3.058810 1828.856567 340.332123 1917.280640 429.912598 1.418712 1.723497 3.540845 21.845496 -3.625368 64.651378 -2.898523 0.478615
Car -1 -1 1.737764 463.765259 274.972198 539.223267 340.269958 1.317730 1.364571 4.234280 -14.052780 -6.710790 79.193576 1.562143 1.076549
Car -1 -1 1.670948 666.284180 177.303497 713.301086 215.271317 1.495438 1.733328 4.248956 -14.880899 -17.069984 135.729896 1.561748 0.585609
Car -1 -1 -1.565800 929.397705 171.941177 966.892578 204.931808 1.392450 1.745881 4.243504 -2.303353 -18.542063 143.619865 -1.581837 0.523711
Car -1 -1 -1.553989 883.599487 153.262817 917.509155 187.755524 1.536728 1.781824 4.253683 -5.244135 -21.344073 157.792377 -1.587211 0.449977
Car -1 -1 -1.671536 1128.729004 158.716980 1170.475098 194.316849 1.554716 1.919408 4.271517 8.657443 -20.273217 152.523032 -1.614835 0.199949
