Car -1 -1 -1.743280 1299.787231 651.458130 1544.001709 877.474792 0.777857 1.569627 4.227436 4.689100 2.171737 23.004313 -1.542199 3.211866
Car -1 -1 -1.485269 696.203979 699.430908 937.135925 963.939148 0.744740 1.702266 4.235288 -1.263449 2.541896 20.602122 -1.546519 3.677478
Car -1 -1 -1.211530 868.840271 268.345154 988.643921 339.757111 1.205106 1.525942 4.271777 -0.876704 -6.195367 58.471760 -1.226523 1.330528
Car -1 -1 -1.630152 1081.938843 796.391357 1326.648193 1078.216553 0.577401 1.658217 4.240751 1.890707 3.067829 18.470749 -1.528145 3.745901
Car -1 -1 1.888744 256.757538 237.797241 353.516815 306.768158 1.379392 1.407801 4.259823 -20.309453 -8.061603 67.433188 1.596206 1.334890
Car -1 -1 -1.289924 248.257065 755.171387 585.226868 1047.789551 0.647011 1.555779 4.361656 -4.696581 2.929253 19.430346 -1.527089 3.809240
Car -1 -1 -1.613190 1107.462891 201.295670 1160.509521 251.381989 1.341635 1.806478 4.250401 6.576223 -11.900665 84.117307 -1.535169 1.110522
Car -1 -1 1.875979 323.167450 252.137512 428.196594 316.236786 1.208993 1.509364 4.285727 -17.380062 -7.458921 64.689606 1.613509 1.422661
Car -1 -1 -1.488758 934.301392 226.969833 1004.858887 286.581543 1.225500 1.582019 4.237058 0.198852 -8.905229 69.759558 -1.485907 0.984862
Car -1 -1 1.828892 434.595276 251.060272 530.917908 312.765808 1.176358 1.502245 4.264671 -14.158372 -7.503644 64.365497 1.612372 1.199062
Car -1 -1 1.810198 499.434326 206.612152 593.386597 277.995850 1.704188 1.837620 4.591007 -13.939605 -9.585443 73.127921 1.621838 0.693666
Car -1 -1 1.828607 398.729950 226.898071 482.196198 286.184082 1.308279 1.449992 4.244189 -17.372489 -9.317111 72.629314 1.593824 0.828891
Car -1 -1 -1.572357 1030.692505 132.529755 1064.119995 163.176010 1.479718 1.777672 4.259093 5.229899 -24.090537 135.571666 -1.533800 0.467717
Car -1 -1 1.804447 467.891724 208.941910 539.390076 258.586060 1.191414 1.369161 4.239086 -16.965000 -11.142385 80.141365 1.595839 0.862219
Car -1 -1 1.550590 629.636719 148.253937 678.226624 180.136185 1.268851 1.656577 4.263683 -17.212199 -20.691900 121.309271 1.409644 0.510228
Car -1 -1 1.818895 517.875549 187.662155 580.125366 229.221954 1.150513 1.461982 4.274166 -16.991653 -13.431723 89.369652 1.631009 0.456940
Car -1 -1 1.869836 355.890320 185.647812 422.766357 234.866806 1.440606 1.289542 4.244573 -23.249401 -13.047757 88.260222 1.612269 0.579077
Car -1 -1 -1.594113 1111.535767 99.190857 1135.150513 121.393738 1.450263 1.759683 4.235547 13.208982 -35.008825 179.530069 -1.520670 0.227193
Car -1 -1 1.837780 338.758575 203.561646 405.793396 252.990112 1.295429 1.314365 4.246693 -22.406902 -11.649117 82.761590 1.573378 0.658140
Car -1 -1 1.841026 427.636749 201.032394 487.555786 239.833847 1.110650 1.132827 4.249739 -20.204439 -12.663703 87.140262 1.613191 0.284061
