Car -1 -1 -1.820210 1380.973022 610.354492 1693.701172 867.183655 0.856398 1.547107 4.300975 4.954350 1.893573 24.903887 -1.623835 3.203981
Car -1 -1 -1.671091 991.643433 598.882446 1236.291748 866.409912 0.937310 1.615647 4.295354 1.186195 1.899273 25.039553 -1.623753 2.706874
Car -1 -1 -1.407190 238.791992 547.820923 492.828796 745.991211 0.806659 1.685213 4.289958 -6.210855 1.250975 28.876733 -1.619044 2.004160
Car -1 -1 1.794624 134.188019 113.295418 230.086136 185.466354 1.504902 1.698605 4.267873 -24.123787 -10.835280 84.884895 1.517730 0.893798
Car -1 -1 1.843032 5.253148 126.139908 109.848984 192.079376 1.328927 1.730700 4.318534 -27.626902 -10.512787 83.866580 1.524812 0.926417
Car -1 -1 1.726427 354.829712 131.933014 433.983673 195.938232 1.250293 1.512400 4.245524 -16.717653 -9.949462 80.386368 1.521384 0.925850
Car -1 -1 1.758682 263.560211 119.951164 345.074677 180.688202 1.265435 1.497705 4.251812 -20.392316 -10.899914 84.853431 1.522831 1.093808
Car -1 -1 -1.733978 1240.870483 83.428574 1306.266235 133.733444 1.289476 1.751182 4.269617 11.142131 -14.665254 101.901262 -1.625068 0.881391
Car -1 -1 1.720886 399.395630 106.585831 469.638123 162.697739 1.222285 1.589724 4.259311 -17.403631 -12.089121 89.911322 1.529687 0.857216
Car -1 -1 1.770965 198.377548 97.839088 275.714142 159.748520 1.438818 1.441066 4.257094 -24.577770 -12.607938 92.913318 1.512364 0.768913
Car -1 -1 1.692174 448.143707 85.045830 510.071899 137.968155 1.345192 1.550991 4.273957 -17.747982 -14.285693 100.078546 1.516658 0.911076
Car -1 -1 1.818020 65.062294 100.278984 153.651215 170.002136 1.735505 1.406674 4.472988 -28.132714 -11.912441 90.593644 1.516924 0.671487
Car -1 -1 1.739770 268.044952 81.076630 336.867310 132.610992 1.371965 1.566932 4.269377 -25.191740 -15.104992 104.571572 1.503370 0.566093
Car -1 -1 1.748927 353.084106 52.720730 408.846008 96.589203 1.418269 1.559444 4.278426 -26.251101 -19.219004 123.361830 1.539257 0.480323
Car -1 -1 1.715924 410.383087 67.404526 467.588348 112.177315 1.299040 1.585755 4.246449 -21.456268 -16.862094 111.884989 1.526454 0.632920
Car -1 -1 -1.296256 0.000000 899.432556 290.561462 1077.789795 0.923462 1.879481 4.266604 -6.242158 3.985745 19.109625 -1.611980 3.863113
Car -1 -1 1.671732 472.818726 75.770279 525.704834 120.634567 1.207618 1.395630 4.248940 -18.374089 -16.058827 108.296985 1.503668 0.591421
Car -1 -1 1.676234 492.735657 66.845276 544.197449 110.305115 1.233075 1.419571 4.245830 -18.498353 -17.214682 113.375771 1.514499 0.601095
Car -1 -1 1.686193 517.208862 50.971321 565.500977 89.773827 1.268565 1.505882 4.255883 -18.983769 -19.300731 122.415076 1.532342 0.405816
