Car -1 -1 -1.522624 699.414551 793.558411 924.300964 1037.767578 0.699138 1.677456 4.250283 -1.526537 3.136930 24.689888 -1.584374 3.530351
Car -1 -1 1.744520 412.040802 300.846954 506.385651 373.901550 1.302417 1.494545 4.239238 -13.751421 -5.272060 71.504036 1.554523 1.324989
Car -1 -1 -1.632556 1048.574097 882.370789 1308.000244 1079.170776 0.952725 1.682960 4.269715 1.410195 3.949203 22.458057 -1.569846 5.155694
Car -1 -1 1.802492 255.208725 313.197906 362.194031 390.646942 1.313814 1.484006 4.237340 -16.964154 -4.689674 68.737994 1.560532 1.312964
Car -1 -1 1.673147 641.649841 304.538513 720.232056 378.833282 1.279119 1.432128 4.239528 -7.879124 -5.075668 70.220357 1.561409 1.118573
Car -1 -1 -1.571818 940.111328 238.375534 993.619629 291.822449 1.316044 1.640136 4.248498 -0.869304 -9.630693 95.672004 -1.580904 1.205599
Car -1 -1 -1.609386 1035.715576 222.874817 1092.467163 276.712250 1.459792 1.814988 4.242428 2.600287 -10.591773 100.454173 -1.583507 0.850003
Car -1 -1 -1.541482 878.363220 178.849792 920.780273 217.783493 1.426782 1.862937 4.254233 -4.446710 -16.672297 133.218042 -1.574849 0.702303
Car -1 -1 -1.554684 888.710632 138.686493 917.502136 165.221695 1.573955 1.820236 4.253017 -6.031303 -26.497265 186.402799 -1.587029 0.317770
Car -1 -1 -1.587193 1005.096558 175.022690 1044.665894 209.705551 1.351097 1.769958 4.247297 1.624612 -17.756462 139.069078 -1.575511 0.563330
Car -1 -1 -1.568632 943.815674 165.051376 982.134766 200.735168 1.506585 1.831245 4.250337 -1.549447 -19.071326 145.822013 -1.579257 0.513887
Car -1 -1 -1.585925 996.553528 148.991348 1027.173340 175.605148 1.351362 1.760263 4.253341 1.243083 -24.553535 176.543496 -1.578884 0.389188
Car -1 -1 -1.564954 938.454895 137.675446 966.792419 163.610306 1.408628 1.665103 4.239803 -2.758968 -27.606218 192.499991 -1.579286 0.231407
Car -1 -1 -1.547863 875.419983 165.094910 911.253357 196.669327 1.326424 1.748364 4.218926 -5.337599 -19.527324 148.139232 -1.583878 0.428276
Car -1 -1 1.661982 678.378601 279.282837 753.036926 346.684113 1.329388 1.573252 4.242465 -7.726107 -6.402833 77.462753 1.562572 0.595224
