Car -1 -1 1.791001 270.881683 305.265656 378.110016 380.322937 1.319439 1.588812 4.237884 -17.040558 -5.069114 70.672690 1.554398 1.246007
Car -1 -1 1.749411 393.643860 294.419769 496.821960 380.414032 1.555359 1.686345 4.243982 -13.931677 -5.079758 70.621953 1.554641 1.206075
Car -1 -1 -1.487689 617.993042 821.527649 876.533936 1078.746338 1.047382 1.731420 4.239237 -1.962635 3.625077 23.479828 -1.571084 3.015106
Car -1 -1 -1.643617 1014.631775 835.123535 1283.269653 1078.928589 1.211980 1.767162 4.262932 1.186015 3.859066 23.032523 -1.592169 3.072196
Car -1 -1 1.278507 673.002563 278.859619 786.725647 361.654968 1.554840 1.799175 4.239447 -7.060175 -5.780530 73.815575 1.183151 0.716745
Car -1 -1 1.717376 518.317444 310.472534 604.525574 382.242981 1.203063 1.490459 4.238236 -10.856261 -4.978491 69.892523 1.563279 1.158457
Car -1 -1 -1.428520 1039.880371 282.917389 1120.876343 345.796814 1.224862 1.720805 4.240723 2.560349 -6.582001 79.340308 -1.396261 0.879944
Car -1 -1 -1.564367 938.622681 152.909256 972.670471 185.340286 1.500978 1.793034 4.237721 -2.100138 -21.581452 158.818719 -1.577590 0.384754
Car -1 -1 -1.359506 1077.946411 168.078369 1128.724121 203.231415 1.434526 1.557545 4.207985 5.824350 -18.724448 144.029215 -1.319090 0.152229
Car -1 -1 1.664248 713.248413 134.873825 744.933044 159.128906 1.445837 1.737073 4.241097 -19.074008 -28.932211 200.153656 1.569238 0.224095
Car -1 -1 -1.587173 986.071960 133.118454 1010.221985 156.530472 1.455595 1.545197 4.240152 0.425436 -29.678754 204.123264 -1.585089 0.142091
