Car -1 -1 -0.394273 402.101837 316.014313 624.352966 403.588867 1.201473 1.857800 4.088976 -10.014380 -3.892730 48.748563 -0.596883 3.135794
Car -1 -1 0.162098 338.523804 402.326996 627.716370 509.367004 1.271421 1.865927 4.237760 -8.360813 -1.306197 38.209472 -0.053322 5.504450
Car -1 -1 -0.078647 792.843140 218.087646 928.612671 271.994354 1.314891 1.841579 4.056720 -3.433535 -9.629885 72.972254 -0.125665 1.919454
Car -1 -1 -1.483111 686.424438 681.332214 904.113342 894.920959 0.602791 1.646502 4.231735 -1.601505 2.240498 21.961091 -1.555907 4.323188
Car -1 -1 -1.306885 306.770844 718.758057 606.886353 966.994629 0.552424 1.465076 4.363332 -4.602612 2.521611 20.371461 -1.529088 3.393278
Car -1 -1 -1.622377 1039.628052 710.608154 1267.666748 963.368042 0.667208 1.659329 4.221232 1.663048 2.539877 20.458104 -1.541265 3.638158
Car -1 -1 1.834494 444.097351 244.169617 538.085938 307.736938 1.235360 1.508714 4.273501 -14.283945 -7.854761 66.122441 1.621740 1.289269
Car -1 -1 -1.573945 1011.118530 174.660721 1057.648071 223.224106 1.430994 1.805395 4.256089 3.039191 -14.399613 93.880873 -1.541584 0.814813
Car -1 -1 1.904645 228.890381 242.532562 339.148163 310.495575 1.347271 1.536895 4.353129 -20.679489 -7.839621 66.554307 1.603386 1.092009
Car -1 -1 -1.779320 1353.925415 799.606995 1688.222168 1078.791992 0.893896 1.761242 4.233733 4.624903 3.480096 18.791428 -1.537998 4.303729
Car -1 -1 1.848599 420.358215 219.441574 502.757477 278.348083 1.335083 1.505832 4.251206 -16.989341 -9.686750 74.032177 1.623019 0.977138
Car -1 -1 1.854909 352.454681 241.759033 452.643372 304.030823 1.216032 1.533092 4.302488 -17.394875 -8.185834 67.809030 1.603797 1.364124
Car -1 -1 1.797906 511.355347 221.775177 586.666565 278.736206 1.272390 1.352350 4.228263 -13.822972 -9.496625 72.864543 1.610426 1.149011
Car -1 -1 -1.568236 1024.565430 126.124596 1055.154785 154.020416 1.279547 1.755447 4.262373 4.827621 -25.164230 138.382634 -1.533364 0.437045
Car -1 -1 1.906002 313.141876 222.521332 404.616638 282.260162 1.313719 1.326319 4.270462 -20.388373 -9.496638 73.637109 1.635892 0.609034
