Car -1 -1 -1.625189 1151.326172 664.692688 1342.604492 858.958984 0.632461 1.689488 4.248943 2.967974 2.301412 23.811872 -1.501186 4.027392
Car -1 -1 2.828877 1162.693726 363.366577 1435.842285 491.720581 1.861809 1.941820 4.501682 6.388929 -1.528095 42.336821 2.978654 5.209354
Car -1 -1 -2.747793 252.561554 291.565613 457.981781 370.125549 1.547841 1.910638 4.507390 -16.381753 -4.981946 58.037533 -3.022897 2.417657
Car -1 -1 -1.751659 1400.194092 664.595154 1634.525757 864.454956 0.648259 1.544797 4.235913 5.927771 2.355269 23.920733 -1.508743 3.585445
Car -1 -1 -1.487231 826.664368 676.205017 1045.309082 897.691833 0.668021 1.819757 4.467028 -0.228620 2.474080 22.927682 -1.497202 1.701553
Car -1 -1 -2.869876 618.055603 298.372803 810.055298 365.470215 1.299768 1.878340 4.449580 -6.926098 -5.207458 59.305032 -2.986137 2.427041
Car -1 -1 -1.489238 757.634705 908.638977 1056.151367 1078.849121 0.692081 1.815744 4.219279 -0.344386 4.078615 16.774681 -1.509765 4.448957
Car -1 -1 1.781683 618.897095 238.016891 692.401733 294.625122 1.434969 1.545487 4.258840 -11.191632 -9.158524 77.778692 1.638773 0.905072
Car -1 -1 -1.348754 964.026550 246.683334 1037.407104 299.063293 1.238355 1.730014 4.271911 1.244631 -9.082638 78.215785 -1.332842 0.688523
Car -1 -1 1.822882 512.946960 237.808273 591.670776 297.391327 1.533958 1.514470 4.275162 -14.823493 -9.029649 77.464308 1.633809 0.949694
Car -1 -1 -1.538087 1062.274414 211.710495 1109.554810 254.240845 1.299546 1.817899 4.253060 5.264123 -12.934698 96.274283 -1.483463 0.761856
Car -1 -1 -1.871007 1518.189087 886.074280 1927.639038 1080.000000 1.061338 2.123872 4.385448 5.697512 4.091144 15.835490 -1.525634 3.490270
Car -1 -1 -1.556601 1030.909058 180.593781 1066.455811 213.799194 1.314986 1.763629 4.244637 4.600135 -18.763265 123.865116 -1.519479 0.532962
Car -1 -1 -1.635655 1196.723267 149.581833 1226.880493 173.859787 1.456746 1.919122 4.247511 18.978670 -28.347395 168.970867 -1.523804 0.286396
Car -1 -1 -2.993002 1313.883789 154.394608 1388.400757 183.989655 1.563650 1.853354 4.339198 27.447406 -25.296048 154.585903 -2.817279 0.163861
