Car -1 -1 -1.531909 816.114990 390.758759 925.968872 507.340607 1.323129 1.794090 4.247517 -2.236283 -1.649302 51.397397 -1.575391 1.774913
Car -1 -1 -1.635956 1069.370728 331.704926 1161.651245 409.873413 1.153067 1.848728 4.269534 2.844249 -4.039149 64.569551 -1.591935 1.235522
Car -1 -1 1.659680 638.786255 299.541992 728.088623 390.380005 1.579144 1.694489 4.259647 -7.570878 -4.681754 68.037589 1.548861 0.796925
Car -1 -1 -1.696779 1257.401245 233.229782 1320.304443 284.282898 1.324533 1.645737 4.253757 10.524563 -10.125239 98.282315 -1.590101 0.836981
Car -1 -1 -1.576518 942.209045 239.075790 997.814880 292.546356 1.285110 1.710451 4.243863 -0.781569 -9.477987 94.269525 -1.584809 1.483657
Car -1 -1 -1.589074 1007.232361 195.695404 1057.553345 242.945129 1.536818 1.882849 4.240006 1.659565 -13.502515 115.772661 -1.574740 0.741994
Car -1 -1 -1.615442 1051.233887 939.870056 1356.480469 1078.747070 0.530768 1.908114 4.335980 1.532994 3.970071 21.690922 -1.544885 3.927920
Car -1 -1 -1.563108 938.833557 142.160919 968.895447 169.584045 1.405640 1.771378 4.261122 -2.504728 -25.787022 182.452485 -1.576835 0.348161
Car -1 -1 -1.587324 995.137329 140.649200 1026.576050 170.305908 1.602701 1.873007 4.246074 1.225240 -25.601566 181.687461 -1.580580 0.247671
Car -1 -1 -1.583780 994.247681 171.907135 1032.660400 206.197861 1.344043 1.736961 4.247324 1.073808 -18.313599 141.928947 -1.576214 0.607793
Car -1 -1 1.679899 686.020386 254.637741 766.523499 326.154602 1.587318 1.756868 4.238721 -7.822015 -7.273651 81.588991 1.584320 1.019355
Car -1 -1 1.728667 409.211151 185.939865 454.315918 226.550934 1.458419 1.325504 4.262605 -26.682822 -16.073012 131.480826 1.528445 0.262863
Car -1 -1 -1.553478 895.681824 139.940918 924.660522 166.372025 1.404071 1.773975 4.234841 -5.394782 -25.724184 181.358299 -1.583216 0.245667
Car -1 -1 -1.415089 1090.271484 160.891373 1134.071411 193.500824 1.391118 1.743731 4.260265 6.782504 -20.770061 156.289724 -1.371719 0.187177
Car -1 -1 -1.622555 1091.706055 135.677734 1126.290771 163.000961 1.668239 2.013224 4.246280 8.082242 -27.310567 190.915817 -1.580246 0.140559
Car -1 -1 -1.692901 1221.074341 209.045990 1276.851074 251.537842 1.311251 1.616855 4.263204 10.428653 -12.726367 112.205112 -1.600225 0.503964
Car -1 -1 -1.536311 855.691772 166.937286 906.773193 236.319656 2.368150 1.955882 5.114231 -4.665592 -13.969539 117.268642 -1.576075 0.093152
Car -1 -1 1.619438 782.458740 152.370193 818.557983 184.455673 1.479648 1.742394 4.251513 -11.053186 -21.630770 158.987357 1.550027 0.211518
