Car -1 -1 1.843677 76.633179 448.669952 270.027161 589.424072 1.272310 1.464298 4.763678 -12.768126 -0.286635 43.435276 1.557773 1.648152
Car -1 -1 1.736066 418.524994 282.641510 511.885315 368.218872 1.599657 1.556420 4.318140 -13.682655 -5.476244 72.122435 1.548580 0.765342
Car -1 -1 -1.764985 1358.236084 749.109192 1625.425049 1010.117188 0.973063 1.450463 4.474149 4.554074 3.064953 25.877013 -1.590780 1.555160
Car -1 -1 -1.622074 1014.715515 756.337036 1249.185791 1015.030823 0.950281 1.784965 4.238997 1.179170 3.063581 25.377802 -1.575642 2.593277
Car -1 -1 1.869891 0.232338 653.011047 237.571625 898.410645 1.403240 1.494003 4.200807 -9.284988 2.578141 28.987283 1.559905 3.717655
Car -1 -1 -1.503869 676.200195 735.003235 909.137024 1008.489685 1.010160 1.697261 4.541785 -1.724654 2.967669 25.389666 -1.571692 1.602956
Car -1 -1 -1.575207 961.520447 215.489273 1014.630127 266.624786 1.502620 1.858241 4.247094 -0.184002 -11.279099 103.926383 -1.576977 0.888393
Car -1 -1 -1.573179 944.469971 168.661774 982.322327 212.240417 1.750522 1.573587 4.467730 -1.457031 -17.335481 136.793996 -1.583829 0.327288
Car -1 -1 1.675422 659.849915 261.015778 743.564148 336.347504 1.573066 1.756258 4.247340 -8.433904 -6.966450 80.698492 1.571289 1.141344
Car -1 -1 -1.565749 941.523865 137.084335 968.949890 159.777725 1.371264 1.774920 4.228684 -2.601573 -27.942519 193.801376 -1.579172 0.368106
Car -1 -1 1.330978 683.294373 293.419098 789.798584 360.311859 1.227884 1.513498 4.243956 -7.030019 -5.916812 75.480238 1.238109 0.494684
Car -1 -1 1.667214 734.789368 214.504517 791.914978 267.051239 1.463312 1.671909 4.255970 -8.291729 -10.847677 100.176888 1.584631 0.702898
Car -1 -1 -1.602027 1094.175781 138.815918 1126.952881 166.863022 1.710783 2.085341 4.262187 7.877784 -26.445461 186.748313 -1.559868 0.164543
Car -1 -1 1.656908 716.376587 237.922302 778.913818 295.611633 1.310280 1.588275 4.239846 -8.026075 -9.064709 90.807753 1.568752 0.682262
Car -1 -1 1.721626 577.430542 138.836349 612.452393 166.019623 1.396027 1.566611 4.252198 -27.136195 -26.979815 189.005679 1.579027 0.312728
