Car -1 -1 -1.568103 759.692261 437.931824 898.976685 590.227905 1.061322 1.765878 4.248839 -2.313148 0.180718 31.747494 -1.640835 3.815177
Car -1 -1 2.801818 1492.614380 197.185028 1658.350342 262.813110 1.619662 1.900206 4.219041 18.231800 -8.085245 67.893631 3.064164 2.196307
Car -1 -1 1.660035 565.728088 307.221619 683.837646 425.629456 1.248539 1.627160 4.340835 -7.035863 -2.474715 42.331417 1.495332 1.848599
Car -1 -1 -1.536450 657.454834 789.720459 936.460205 1080.000000 0.884130 1.887401 4.404035 -1.512585 3.656727 18.233770 -1.619215 2.583432
Car -1 -1 -1.470586 805.144714 294.536896 912.834900 398.714539 1.285564 1.788129 4.245826 -2.768596 -3.186694 46.889967 -1.529562 1.684890
Car -1 -1 2.722648 1698.686279 196.747925 1856.366455 251.992203 1.372310 1.874901 3.885552 25.943548 -8.883859 71.752922 3.069591 2.187518
Car -1 -1 -1.565887 771.948853 250.831192 853.607727 328.365692 1.232062 1.638178 4.250249 -4.622134 -5.410423 56.702072 -1.647223 1.635041
Car -1 -1 1.659472 644.973267 215.234955 719.127808 276.646790 1.209729 1.634704 4.261082 -9.056502 -7.408893 64.260278 1.519459 1.012111
Car -1 -1 1.634399 707.355042 176.071503 762.338745 229.361633 1.325581 1.706200 4.268360 -9.539478 -11.009811 81.706235 1.518172 0.671166
Car -1 -1 1.632727 748.703552 139.367935 792.071777 178.975204 1.385861 1.790851 4.262743 -10.738060 -16.608739 107.138087 1.532834 0.534555
Car -1 -1 2.946453 1259.690063 178.379608 1390.238525 218.760864 1.253991 1.864588 4.299770 12.529854 -11.170383 81.572132 3.098866 1.280315
Car -1 -1 -1.569979 862.463623 99.289299 890.017883 122.516800 1.411677 1.778356 4.234431 -8.713877 -29.885310 167.768123 -1.621872 0.361407
Car -1 -1 1.609289 765.463440 117.377998 801.153625 155.302658 1.713274 1.673621 4.342281 -11.332540 -19.832588 121.022242 1.515921 0.132397
