Car -1 -1 -1.367588 1754.310059 420.202148 1915.487549 565.263672 1.214398 1.526507 4.210694 13.997380 -0.220947 35.117833 -0.988303 3.755611
Car -1 -1 -1.636071 1341.615967 532.064941 1528.299561 720.054260 1.174780 1.957569 4.345271 6.116512 1.528834 29.122251 -1.429052 2.724887
Car -1 -1 -1.516147 567.556580 525.950012 714.950684 676.391968 0.987740 1.734120 4.207165 -4.840872 1.240052 32.976323 -1.661905 2.771478
Car -1 -1 -1.533466 574.984863 347.259186 679.914673 471.232605 1.634859 1.839733 4.376775 -7.446144 -1.981685 48.106324 -1.687033 1.517087
Car -1 -1 -1.312059 0.675772 799.656128 329.627045 1080.000000 1.240176 2.253036 4.368871 -7.343216 4.107017 19.177378 -1.677747 2.977373
Car -1 -1 -1.585137 826.536011 204.453323 872.284363 265.038300 1.692639 1.582594 4.560485 -4.755154 -10.628547 86.909703 -1.639796 0.500030
Car -1 -1 -1.593398 800.919189 297.804993 873.247253 377.512756 1.317384 1.607577 4.242672 -3.517613 -4.534829 58.667875 -1.653285 2.043639
Car -1 -1 1.765236 366.548706 190.142792 422.744812 240.015564 1.703726 1.319533 4.429275 -25.900929 -13.062859 99.020064 1.509396 0.407278
Car -1 -1 -1.549542 733.940857 192.810806 782.456604 245.415848 1.773956 1.842020 4.258050 -9.267226 -12.555896 96.586187 -1.645197 0.962842
Car -1 -1 1.877294 163.551727 217.594833 238.867599 278.140717 1.606999 1.345099 4.357182 -30.475115 -10.197851 87.173944 1.540985 0.642313
Car -1 -1 -1.613954 882.775330 158.410767 924.929749 207.133286 1.932487 1.772969 4.629899 -3.394570 -16.480569 113.022928 -1.643980 0.342049
Car -1 -1 1.741132 448.882996 173.221008 491.730835 203.681259 1.285261 1.489187 4.241714 -29.387185 -18.935355 128.897840 1.516975 0.417498
Car -1 -1 -1.550858 750.434509 128.713074 776.526184 158.761215 1.842257 1.683727 4.507478 -15.763977 -27.775493 167.922896 -1.644460 0.307544
Car -1 -1 -1.582532 812.386658 138.630051 841.184021 167.587479 1.526794 1.694006 4.342843 -10.119643 -25.254748 155.767060 -1.647407 0.318389
Car -1 -1 -1.531525 716.038574 122.786865 741.534424 147.669678 1.621301 1.733792 4.376914 -20.284338 -31.499293 185.000030 -1.640734 0.274864
Car -1 -1 -1.552719 800.912781 114.507172 824.327698 139.166748 1.579962 1.783177 4.238107 -14.677359 -35.488014 203.663147 -1.624662 0.140328
