Car -1 -1 -1.531000 774.191772 444.872986 895.049133 562.905945 1.111844 1.762354 4.253338 -2.568589 -0.646727 45.852383 -1.586961 2.324166
Car -1 -1 1.785387 239.662262 442.430206 405.689148 573.081848 1.212028 1.479077 4.275323 -10.680247 -0.500523 44.393956 1.549295 2.804264
Car -1 -1 -1.743137 1315.231445 707.923401 1564.618164 934.941040 0.940189 1.585219 4.219991 4.346653 2.692280 27.551667 -1.586663 2.880865
Car -1 -1 1.825826 170.267105 356.791443 289.703674 446.394318 1.237918 1.303426 4.243115 -16.373052 -3.020172 59.529779 1.557423 1.428246
Car -1 -1 -1.636550 1012.846130 588.120850 1174.651733 750.531250 0.946413 1.660913 4.254865 1.191270 1.512877 34.345908 -1.601879 2.879570
Car -1 -1 -1.609623 981.984924 408.023193 1092.925537 514.407593 1.132776 1.721899 4.216968 0.777274 -1.496466 50.624206 -1.594270 2.220762
Car -1 -1 -1.516547 681.295471 826.068848 928.614929 1078.521973 0.745979 1.754484 4.231824 -1.531793 3.384311 23.787026 -1.580854 3.179480
Car -1 -1 -1.411251 304.792389 752.645325 563.791748 984.956848 0.766786 1.575026 4.234780 -5.149495 2.905501 26.063518 -1.606314 2.609561
Car -1 -1 1.640568 653.017151 284.771332 739.483765 371.170349 1.573399 1.749154 4.239374 -7.694068 -5.412365 71.951654 1.534039 1.179973
Car -1 -1 -1.550914 828.912781 379.766296 930.115967 475.436584 1.136404 1.773218 4.236239 -2.226659 -2.286471 54.712606 -1.591589 1.712832
Car -1 -1 -1.636442 1075.277954 321.209961 1164.537109 394.998047 1.190861 1.811132 4.250781 3.077841 -4.528629 67.530845 -1.590896 1.201067
Car -1 -1 -1.595686 942.831116 277.783325 1017.887329 351.536377 1.448374 1.848752 4.237766 -0.360660 -6.229168 76.649237 -1.600391 1.218720
Car -1 -1 -1.547658 840.893921 255.347168 904.257690 311.904388 1.277965 1.821937 4.250989 -3.790976 -8.239460 87.686786 -1.590864 1.132533
Car -1 -1 1.734979 471.717712 265.403900 551.641052 328.628632 1.332090 1.538184 4.244135 -14.247505 -7.266403 82.124189 1.563201 1.150736
Car -1 -1 1.705935 548.916077 226.734100 614.192078 276.891968 1.350326 1.658922 4.244682 -14.774490 -10.492089 99.462773 1.558471 0.936265
Car -1 -1 -1.573566 1002.677490 205.156281 1052.790161 251.102264 1.469289 1.837946 4.230269 1.460680 -12.719853 111.852858 -1.560508 0.753204
Car -1 -1 -1.613696 1037.131226 244.021454 1100.289307 299.923401 1.287212 1.784706 4.240238 2.472366 -9.038638 91.907427 -1.586802 1.037913
Car -1 -1 1.638689 714.300049 227.283951 776.215942 279.160522 1.336247 1.715109 4.262349 -8.850288 -10.388693 99.058505 1.549582 0.954059
Car -1 -1 -1.585344 939.510071 240.989594 1003.203064 300.325867 1.447166 1.933593 4.237671 -0.675294 -8.773356 89.894695 -1.592856 0.884710
Car -1 -1 1.652150 691.772583 265.608643 760.729492 327.593475 1.303278 1.582860 4.263227 -7.994694 -7.367755 82.807181 1.555902 0.948923
Car -1 -1 -1.625991 1091.973999 134.052444 1124.218262 162.093979 1.677214 1.988476 4.218478 7.946177 -27.505470 191.872933 -1.584601 0.135705
Car -1 -1 1.640686 749.310181 204.994766 799.627869 250.991379 1.340492 1.577510 4.249055 -8.607842 -12.444145 109.299326 1.562094 0.532122
Car -1 -1 1.658585 687.234131 163.743073 729.186646 195.417938 1.332806 1.719705 4.248755 -15.426299 -19.880423 149.998687 1.556102 0.378357
