Car -1 -1 2.876497 781.146118 364.302826 1041.100708 463.718903 1.305115 1.846657 4.310395 -2.052385 -1.932766 52.273701 2.837255 3.956035
Car -1 -1 2.797333 180.896988 345.265411 492.882172 474.745941 1.613356 1.898362 4.668392 -12.327441 -1.768401 50.122522 2.556173 3.779408
Car -1 -1 2.869522 1648.227539 329.122559 1871.174561 418.251251 1.521690 1.858579 4.083275 16.958173 -3.243544 63.525975 3.130388 2.756601
Car -1 -1 2.793248 1332.837524 353.870941 1560.909302 439.063873 1.320271 1.848169 4.033842 9.064372 -2.594701 58.895955 2.945955 3.324389
Car -1 -1 2.887768 476.517517 335.866608 713.701843 429.700195 1.347967 1.831702 4.151029 -8.470317 -2.641059 55.364213 2.735953 2.923968
Car -1 -1 2.939495 715.311768 309.440460 932.232056 390.381927 1.358232 1.862262 4.551394 -4.502811 -3.899703 64.698365 2.870010 2.018767
Car -1 -1 -2.484239 1084.901978 268.605469 1237.623901 331.711212 1.211117 1.813319 4.020268 4.065021 -6.304364 78.909811 -2.432770 1.681228
Car -1 -1 -0.489541 787.541504 251.659775 962.134399 331.857300 1.603430 1.884416 4.370836 -4.008663 -5.989335 74.823907 -0.543065 1.402877
Car -1 -1 1.789843 201.160858 210.767700 292.313782 279.400970 1.556644 1.772712 4.261846 -24.399326 -8.581985 87.870677 1.518993 0.778481
Car -1 -1 -1.594352 917.905762 204.068832 972.986755 252.263977 1.280774 1.724738 4.251979 -2.737941 -11.092100 104.589433 -1.620524 0.807888
Car -1 -1 1.742495 300.717194 203.352036 396.141174 278.155151 1.737863 1.959545 4.441469 -21.102063 -8.599728 87.563109 1.506012 0.480516
Car -1 -1 -1.482992 834.380676 216.584335 893.836609 267.011505 1.074250 1.541640 4.313373 -5.225158 -9.588483 93.993706 -1.538526 0.676664
Car -1 -1 1.801539 148.181198 200.108612 220.001984 252.144379 1.296434 1.328698 4.256726 -29.324862 -10.355982 97.548555 1.509516 0.596619
Car -1 -1 1.739945 386.946045 165.791748 447.037933 212.398483 1.597618 1.709149 4.319588 -26.326696 -14.428504 121.417692 1.526422 0.339252
Car -1 -1 1.744735 300.781799 181.136505 365.139160 232.851364 1.550918 1.650373 4.415633 -26.490260 -11.930437 107.193437 1.502463 0.253662
