Car -1 -1 -1.522718 697.548645 793.794861 924.379333 1040.834106 0.771530 1.716067 4.238502 -1.541805 3.180860 24.729258 -1.584985 3.850476
Car -1 -1 -1.651874 1042.718140 851.647705 1295.451538 1079.071289 1.024810 1.659120 4.238297 1.384341 3.838712 23.230541 -1.592353 3.631367
Car -1 -1 -1.765219 1333.479248 793.933167 1635.083740 1041.219604 0.637969 1.673209 4.536918 4.275143 3.124096 24.806819 -1.594558 2.792876
Car -1 -1 -1.411909 1000.474365 278.591248 1080.964111 341.984070 1.226773 1.699248 4.240482 1.434487 -6.691540 79.251988 -1.393811 0.987797
Car -1 -1 -1.608359 982.086304 202.648590 1034.413452 251.906250 1.531614 1.885154 4.245735 0.638374 -12.937558 113.522048 -1.602735 0.754874
Car -1 -1 -1.593648 1042.045654 238.617416 1099.487793 289.711456 1.279073 1.750533 4.242223 2.712540 -9.775551 96.423667 -1.565524 0.982195
Car -1 -1 -1.677414 1217.238892 203.885910 1275.501953 250.641098 1.452983 1.768768 4.255513 10.392738 -12.922698 113.384750 -1.586011 0.522485
Car -1 -1 -1.562327 940.052368 155.724564 971.847229 184.490540 1.372545 1.706046 4.250522 -2.169901 -22.373152 164.409249 -1.575525 0.438209
Car -1 -1 1.626877 791.077332 162.749481 831.302734 200.338013 1.527770 1.795964 4.250606 -9.470153 -19.017705 145.055070 1.561683 0.386381
Car -1 -1 1.621422 739.070801 151.370041 773.983765 181.825073 1.488026 1.779689 4.259966 -14.429570 -23.191359 169.127022 1.536310 0.212109
Car -1 -1 -1.609005 1134.832275 145.759766 1171.557129 175.773834 1.575926 1.971077 4.259452 10.241840 -24.426963 175.648389 -1.550762 0.108132
