Car -1 -1 0.266720 1143.919434 213.240692 1404.930664 325.585846 1.554171 1.873223 4.276574 5.926857 -4.380667 53.734951 0.376574 3.761740
Car -1 -1 -1.847483 191.876419 317.420288 380.783722 460.225647 1.299021 1.558159 4.228628 -10.457416 -1.726593 42.091508 -2.090997 1.536017
Car -1 -1 -1.426742 191.190262 619.481018 448.416077 840.047913 0.694692 1.568766 4.245216 -5.969820 1.829571 25.817916 -1.653976 3.217733
Car -1 -1 1.369157 383.100037 150.276123 484.942871 226.211365 1.233685 1.568686 4.283873 -14.242651 -8.405435 73.080754 1.176681 0.979761
Car -1 -1 1.790763 145.495605 116.013756 232.596710 182.976761 1.447736 1.422676 4.264556 -24.012343 -10.900207 85.203646 1.516065 1.231671
Car -1 -1 1.844256 17.914137 125.434227 101.388275 187.467773 1.276806 1.175607 4.249002 -27.774936 -10.689762 84.528593 1.526784 1.004051
Car -1 -1 1.753044 250.838669 118.614388 335.059509 178.955765 1.231288 1.636431 4.274354 -20.988790 -11.129084 85.950052 1.513534 0.968304
Car -1 -1 1.706415 449.580048 85.165466 510.924835 133.272598 1.241272 1.502080 4.270012 -17.972946 -14.618370 101.539719 1.531226 0.857450
Car -1 -1 -0.237019 1789.207031 235.575317 1920.298340 334.528290 1.351181 1.840070 4.635367 18.774179 -4.264228 54.021467 0.097456 0.927537
Car -1 -1 1.708647 383.767273 107.274376 459.247925 168.155075 1.304262 1.646360 4.252709 -17.435073 -11.687345 87.969976 1.512989 1.018732
Car -1 -1 1.671302 534.239929 47.524212 582.086182 89.121437 1.334335 1.656650 4.274380 -18.885127 -20.141567 126.942500 1.523616 0.518746
Car -1 -1 1.749295 312.694366 102.041832 383.094849 158.284088 1.301591 1.391390 4.255107 -21.044728 -12.696440 93.486925 1.527877 0.961966
Car -1 -1 1.808348 136.468216 85.576584 212.187790 140.411880 1.466421 1.447101 4.261075 -28.648269 -14.080411 99.649954 1.528409 0.707516
Car -1 -1 1.827275 67.530373 99.513870 155.715714 164.286118 1.555506 1.573037 4.324548 -28.553992 -12.337742 92.185614 1.526902 0.718559
Car -1 -1 -1.276098 779.047424 89.720100 860.801636 139.933975 1.222703 1.635414 4.250894 -5.369490 -13.907491 98.136506 -1.330758 0.350548
Car -1 -1 1.780779 193.707016 106.538521 269.509918 164.894821 1.368182 1.375550 4.272513 -24.826798 -12.410065 92.818494 1.519420 0.893583
Car -1 -1 1.708424 487.481079 65.489227 539.845581 108.600662 1.316465 1.472383 4.272687 -18.355234 -16.943037 111.707076 1.545563 0.440092
Car -1 -1 1.848177 3.478485 88.375175 78.107201 136.441864 1.244678 1.539722 4.260509 -35.493156 -15.063319 105.343637 1.523195 0.321325
Car -1 -1 1.701979 414.441010 60.946682 468.545624 102.564964 1.235474 1.456245 4.245050 -22.378961 -18.020543 117.370223 1.513570 0.492706
Car -1 -1 1.786496 236.893036 93.201332 304.033081 142.654449 1.245869 1.308155 4.252799 -25.084741 -13.967689 99.244541 1.538924 0.541204
Car -1 -1 1.692912 444.620178 53.036922 496.546692 93.571129 1.248703 1.490786 4.239501 -22.109967 -19.264173 122.670411 1.514588 0.473899
Car -1 -1 1.815544 199.231308 77.326729 260.645813 121.141769 1.195267 1.142033 4.266517 -28.876583 -15.912310 107.796235 1.553808 0.540450
Car -1 -1 1.740077 340.961792 84.211418 405.285492 134.980377 1.248646 1.277296 4.276788 -21.734045 -14.430395 100.685289 1.527478 0.593670
Car -1 -1 1.743586 279.382355 77.269012 342.364655 127.363060 1.372252 1.419020 4.255060 -25.115670 -15.407200 105.584765 1.510054 0.515511
Car -1 -1 1.736622 374.595490 73.589134 434.667877 119.895973 1.226637 1.403260 4.256112 -22.333912 -16.319463 109.795599 1.535947 0.326336
