Car -1 -1 -1.525253 801.289185 472.146912 962.070312 674.682434 1.440936 1.854505 4.265234 -0.981005 0.441518 28.522321 -1.559634 4.796109
Car -1 -1 2.774322 1673.310059 198.799072 1859.430420 286.444336 2.109459 2.032008 4.491931 25.084089 -9.114712 68.209026 3.126724 2.574541
Car -1 -1 1.309821 809.201904 220.753021 903.708862 289.382751 1.272489 1.507781 4.298719 -3.093325 -8.474522 63.251608 1.260955 0.860820
Car -1 -1 2.857768 1475.907959 216.491241 1629.376587 272.021362 1.340832 1.848173 4.086508 19.431924 -9.975037 71.790977 3.122107 0.495981
Car -1 -1 2.883571 1416.045044 225.813568 1589.297119 283.256409 1.299781 1.873033 4.504740 16.795689 -9.116949 67.853580 3.126222 1.863319
Car -1 -1 0.388272 0.079058 263.759003 96.488831 338.102295 1.352220 1.833237 3.761673 -24.418330 -6.183818 55.276428 -0.027700 0.598671
Car -1 -1 -1.931555 1727.621582 157.048248 1805.830322 196.849701 1.221736 1.649848 4.300807 36.259775 -16.807184 98.259499 -1.578036 0.592432
Car -1 -1 -1.955615 1793.554077 147.569138 1870.325806 191.729706 1.377734 1.438824 4.247540 39.258780 -17.061494 98.398733 -1.575991 0.523047
Car -1 -1 -1.892848 1656.767822 151.447632 1736.480469 195.354019 1.427823 1.892286 4.299794 33.276307 -16.855898 98.526333 -1.567136 0.547981
Car -1 -1 -1.574993 917.987854 93.072876 942.837036 116.113487 1.426238 1.768712 4.311235 -2.550504 -36.591020 179.225889 -1.589223 0.289509
Car -1 -1 1.565394 850.195068 117.071503 884.411621 148.622055 1.430969 1.763002 4.246708 -5.768918 -25.345087 132.733602 1.521959 0.440404
Car -1 -1 2.711710 1883.177002 137.654846 1918.795898 164.492340 1.072125 1.846069 2.726915 53.699327 -22.432284 122.116196 3.125999 0.069571
