Car -1 -1 -1.540410 796.115417 669.662292 983.300049 885.509644 0.675834 1.608355 4.277034 -0.769689 2.218944 22.595554 -1.574460 4.311916
Car -1 -1 2.656531 1001.053833 271.959412 1194.948975 367.363312 1.834679 1.866190 4.377152 3.398139 -5.390464 57.605172 2.715453 2.859780
Car -1 -1 -1.710244 184.446655 838.044128 508.310791 1079.196289 0.907009 1.762367 4.220003 -5.190076 3.730790 17.644103 -1.996328 3.055562
Car -1 -1 1.678774 683.187744 209.564255 736.279419 259.058167 1.499610 1.635129 4.268517 -10.793400 -12.533653 90.895503 1.560582 0.572170
Car -1 -1 1.698305 617.984192 203.558212 678.906189 256.101959 1.602331 1.867078 4.278761 -13.685899 -12.969260 93.099140 1.552347 0.719781
Car -1 -1 -1.490265 631.967651 923.105957 945.997803 1079.033691 0.530086 1.824643 4.235337 -1.193638 3.879491 16.630709 -1.561916 5.038798
Car -1 -1 1.652342 712.407776 201.695801 759.362610 244.467529 1.349100 1.576083 4.250351 -10.510096 -14.103716 97.999121 1.545503 0.747572
Car -1 -1 -1.685024 1003.938049 144.456650 1033.910767 169.240982 1.495402 1.731886 4.264491 3.840369 -29.964983 171.305767 -1.662609 0.314544
Car -1 -1 0.181960 1299.986450 156.792725 1374.208984 187.990921 1.565796 1.851999 4.153010 23.295269 -23.142305 138.699057 0.348363 0.141678
Car -1 -1 1.591270 801.905029 135.131882 827.439392 158.990646 1.513288 1.814064 4.265474 -12.964274 -32.598133 181.839062 1.520095 0.078940
