Car -1 -1 -1.660608 1102.584473 324.639526 1208.652710 417.147156 1.459179 1.906679 4.286969 3.720119 -3.836298 63.880411 -1.602438 1.077853
Car -1 -1 1.683862 647.020874 287.115692 726.780579 355.518219 1.270430 1.546242 4.242272 -8.245549 -5.996183 74.993349 1.574351 1.164761
Car -1 -1 -1.539627 832.479248 278.141724 906.335449 343.012604 1.280143 1.868916 4.257330 -3.495940 -6.647077 79.203286 -1.583737 1.008529
Car -1 -1 1.727703 488.159393 256.765869 565.526123 318.926849 1.349859 1.560752 4.241879 -14.330316 -7.847276 85.321548 1.561299 0.879203
Car -1 -1 2.009290 1.742216 281.324097 106.031563 378.784271 1.742978 1.515764 4.429647 -25.191553 -5.357397 72.589758 1.675255 0.922269
Car -1 -1 -1.582253 1001.698975 259.181213 1062.169189 318.287231 1.252668 1.697191 4.245752 1.192802 -7.969837 86.169367 -1.568412 0.958805
Car -1 -1 -1.600075 1028.955322 196.308884 1074.135742 234.043411 1.286856 1.748042 4.261614 2.561353 -14.334546 120.192059 -1.578768 0.713360
Car -1 -1 -1.581849 1008.258423 225.828918 1063.968384 276.478882 1.292905 1.772733 4.239296 1.578664 -10.614993 100.224720 -1.566099 0.751140
Car -1 -1 -1.546664 863.654297 189.144562 905.448730 228.085571 1.352739 1.738271 4.252561 -4.901686 -15.339165 126.167273 -1.585495 0.753106
Car -1 -1 -1.563989 934.719666 162.339951 973.871582 201.490204 1.677809 1.836205 4.280838 -2.011458 -19.271442 147.598063 -1.577616 0.400584
Car -1 -1 -1.589827 1015.781189 178.047455 1055.831543 210.174530 1.322209 1.779844 4.248686 2.267603 -18.020915 141.230213 -1.573772 0.459446
Car -1 -1 -1.551479 873.322021 170.513748 911.234131 204.632690 1.378569 1.712919 4.244785 -5.172322 -18.482504 142.790489 -1.587686 0.520914
Car -1 -1 -1.594250 996.179138 158.610428 1031.648560 189.747055 1.470440 1.826068 4.253084 1.225009 -21.302139 158.781864 -1.586535 0.344705
Car -1 -1 1.648512 740.633179 154.006912 777.233398 186.061615 1.514173 1.663067 4.243253 -13.508993 -21.667666 159.993674 1.564277 0.236484
Car -1 -1 1.630265 779.679443 146.437286 812.901550 174.690674 1.509833 1.700424 4.271634 -12.699114 -24.848280 178.369178 1.559189 0.184136
Car -1 -1 1.660309 703.264282 144.345428 736.238953 170.377426 1.471188 1.689076 4.223677 -17.663541 -25.173615 179.011034 1.561954 0.219967
Car -1 -1 1.617535 804.382996 134.747986 833.795288 159.317032 1.481120 1.760363 4.236116 -12.222954 -28.066950 194.370686 1.554733 0.233980
Car -1 -1 -1.569687 937.210754 132.574631 963.979858 156.637680 1.454387 1.773153 4.244277 -3.002750 -29.067821 199.923972 -1.584705 0.198564
Car -1 -1 -1.612574 1082.757080 134.152039 1113.767700 159.312103 1.480171 1.783249 4.261187 7.565377 -28.210256 195.469790 -1.573890 0.139134
Car -1 -1 1.728050 477.246948 175.218018 532.209717 210.546509 1.400629 1.714201 4.217696 -24.254832 -17.547160 137.912088 1.553959 0.198405
Car -1 -1 -1.571371 939.012512 140.471893 967.397644 164.173187 1.319367 1.701994 4.254138 -2.650516 -26.924077 188.672167 -1.585418 0.169886
Car -1 -1 1.702330 564.998169 142.902740 599.352783 169.759384 1.426243 1.757197 4.229619 -27.618737 -26.288133 186.257155 1.555120 0.207354
