Car -1 -1 1.945988 908.899353 281.911102 1027.715942 373.653137 1.457429 1.079960 4.755810 -0.253083 -4.369567 57.855870 1.941614 1.034124
Car -1 -1 2.027104 513.680908 461.004852 704.363586 600.200012 1.014703 0.831768 4.816319 -6.142871 0.453866 36.922893 1.862244 2.673699
Car -1 -1 -1.438589 1323.914062 655.921509 1553.224609 881.946411 0.781763 1.693032 4.291223 5.031240 2.669934 23.549874 -1.228111 2.490226
Car -1 -1 -1.395518 987.230652 396.614838 1144.647827 533.592407 1.311470 1.727122 4.471512 1.557267 -0.497241 38.535773 -1.355129 2.019131
Car -1 -1 -1.581460 1767.374268 328.273407 1886.953369 435.033051 1.010036 1.903439 4.263556 15.762990 -2.168277 40.816537 -1.212914 2.055907
Car -1 -1 -1.387219 1296.420532 361.646454 1437.035156 483.070251 1.092271 1.481879 4.255064 7.147568 -1.387849 40.265662 -1.211539 2.326513
Car -1 -1 0.697228 33.864384 383.372131 186.158264 453.292084 1.321649 1.870030 3.114971 -24.466140 -2.322941 61.630106 0.319325 0.849168
Car -1 -1 1.250937 1256.045776 254.042023 1389.234131 344.674591 1.564827 1.745345 4.558726 8.976295 -5.004716 57.948174 1.404617 0.711468
Car -1 -1 1.871757 1024.388550 226.766556 1109.960693 288.510406 1.421932 1.490212 4.294679 3.071668 -8.324626 76.822121 1.911720 0.893380
Car -1 -1 1.967721 549.143188 404.687561 711.346558 509.854919 1.080050 1.185680 4.465636 -6.925292 -0.898056 43.736637 1.810684 2.057534
Car -1 -1 -1.269943 1075.436646 279.928345 1177.021362 351.553436 1.124633 1.354391 4.267636 4.070939 -5.020720 60.329744 -1.202567 1.210704
Car -1 -1 -1.574236 1148.990112 308.381958 1240.461670 388.975555 1.052296 1.613107 4.260803 5.079566 -3.593794 52.342853 -1.477495 1.183919
Car -1 -1 -2.013797 116.404213 784.109375 472.239594 1034.909546 1.108822 1.561232 3.544746 -6.814697 3.892855 21.417278 -2.321855 0.580947
Car -1 -1 0.677493 280.064484 320.388275 431.110413 391.455627 1.453380 1.904022 3.634149 -19.668841 -4.454254 68.803431 0.399049 1.594516
Car -1 -1 1.390966 1403.675171 216.455765 1493.102173 288.809265 1.460985 1.667825 4.272521 13.872574 -7.101503 65.485609 1.599721 0.568026
Car -1 -1 2.175286 199.600967 510.018158 450.144623 653.852051 0.804374 0.566828 5.561711 -9.975993 1.071067 34.017514 1.890023 1.009364
Car -1 -1 -1.156768 381.045258 816.485352 819.951294 1078.302368 0.907505 2.077571 4.449611 -3.296593 4.148959 20.076190 -1.319520 2.585273
Car -1 -1 2.797043 774.641479 221.305435 875.818970 268.151520 1.413461 1.884386 3.985878 -7.041485 -11.439386 98.996310 2.726034 0.921379
Car -1 -1 0.646264 128.574158 335.088074 265.606384 388.548767 1.174133 1.819328 3.739976 -25.735220 -4.681249 71.766108 0.301950 0.439219
Car -1 -1 1.819697 1150.433472 211.493073 1225.100220 271.439240 1.330538 1.413102 4.247344 7.520074 -9.230444 79.286659 1.914261 0.769378
Car -1 -1 -1.507580 1039.979614 354.397491 1151.932007 444.048767 0.938060 1.626946 4.280171 2.469850 -2.185002 46.155284 -1.454120 1.913887
Car -1 -1 -1.461455 1390.212891 296.434143 1490.821289 383.550476 1.121659 1.610221 4.259599 10.654191 -3.607903 50.599310 -1.253926 1.497934
Car -1 -1 0.680891 154.388184 352.072296 299.829773 414.244080 1.252578 1.842273 3.425349 -22.505863 -3.509383 65.467540 0.349775 0.315765
Car -1 -1 0.729763 0.334241 354.990051 108.035141 417.615540 1.352865 1.819610 3.673109 -31.014733 -3.777992 71.791929 0.321971 0.219337
Car -1 -1 0.898605 1448.334595 150.078369 1534.832886 193.583008 1.471675 1.878726 3.590692 24.307795 -15.344378 104.224422 1.127734 0.265908
Car -1 -1 0.748172 106.152962 357.260834 261.350464 424.794189 1.374452 1.823060 3.393633 -23.300278 -3.224910 64.870444 0.403341 0.354334
Car -1 -1 1.033094 1453.817627 247.567200 1586.739380 317.440063 1.227011 1.752559 3.627650 14.350132 -5.623811 58.278692 1.274524 0.289594
Car -1 -1 -2.000351 1098.486816 251.933746 1196.796021 310.633118 1.134027 1.574234 4.358452 5.455535 -6.989657 70.446278 -1.923063 0.878341
Car -1 -1 -2.720368 489.863464 252.898621 590.754272 290.078369 1.073885 1.853115 3.791965 -20.453920 -10.860508 102.194934 -2.917904 0.278198
Car -1 -1 -2.453211 85.753632 276.141357 181.484146 314.499878 1.217144 1.838549 3.461547 -41.704249 -10.253487 107.706138 -2.822638 0.249067
Car -1 -1 1.519893 1274.453857 236.243362 1346.021484 289.689453 1.082014 1.345501 4.247543 10.363809 -7.422280 68.989467 1.669001 0.754472
Car -1 -1 0.715272 0.000000 384.249084 62.960396 440.159424 1.241493 1.805763 2.818839 -31.262743 -2.958028 70.229951 0.296460 0.208036
Car -1 -1 1.918568 1045.494629 188.326721 1110.684937 228.628510 1.273803 1.473941 4.370485 4.935407 -14.237581 107.679573 1.964370 0.168471
Car -1 -1 1.676073 1380.745728 119.344856 1415.362671 146.888062 1.446328 1.654995 4.257761 29.422338 -25.675002 154.914125 1.863764 0.284629
Car -1 -1 1.861584 1000.132629 206.831039 1067.218384 247.285812 1.249378 1.253035 4.228209 2.463892 -12.471535 100.029528 1.886211 0.121180
Car -1 -1 -1.569996 1692.034058 87.527267 1719.142090 110.272186 1.263705 1.667079 4.252517 52.026599 -28.496106 157.332192 -1.250635 0.118576
Car -1 -1 -1.554553 1643.713013 114.948250 1677.814453 150.243546 1.457096 1.618508 4.213186 38.991915 -20.794954 126.015646 -1.254475 0.183182
Car -1 -1 -1.524940 1615.779419 79.091827 1640.182739 102.252068 1.335456 1.625676 4.224214 53.512789 -33.526910 181.356298 -1.238013 0.082583
Car -1 -1 -1.580506 1731.023071 65.723206 1756.554077 88.289413 1.337408 1.682620 4.301112 63.067927 -34.676595 181.505700 -1.246086 0.100474
Car -1 -1 -1.533528 1586.682495 90.898155 1617.673950 135.941650 2.062120 1.618539 4.640647 41.470905 -25.097772 146.401154 -1.257490 0.084198
Car -1 -1 -1.545732 1642.419556 87.773491 1670.828735 112.472343 1.283051 1.655458 4.236866 51.297136 -30.041971 166.635934 -1.247098 0.058441
