Car -1 -1 3.023678 479.501740 368.253967 727.504089 478.992615 1.404989 1.886603 4.308468 -6.681110 -2.003337 43.277442 2.870509 4.862689
Car -1 -1 -0.352322 1499.156006 388.328613 1777.325806 503.289093 1.558130 1.885798 4.220143 13.402633 -1.463604 42.219548 -0.044933 4.073791
Car -1 -1 2.807716 1303.748657 371.350342 1520.294312 466.672424 1.346376 1.848939 3.672230 9.822475 -2.296487 45.974029 3.018204 2.912698
Car -1 -1 -1.654758 966.138855 717.519470 1211.030273 1018.201721 0.987640 1.793615 4.539802 1.279944 3.034639 21.032001 -1.593976 2.333587
Car -1 -1 0.159224 58.307888 354.940216 304.350037 463.119904 1.490655 1.868628 4.023117 -15.152940 -2.285035 43.901301 -0.173132 4.275580
Car -1 -1 2.893203 1617.563599 304.516815 1883.514526 431.854370 2.133092 2.087379 4.933236 18.597110 -3.306323 50.553306 -3.037476 3.130031
Car -1 -1 -0.097553 773.902832 417.753754 1048.462280 522.040344 1.269456 1.891732 4.464268 -0.560353 -1.068999 39.650679 -0.111684 4.048141
Car -1 -1 3.041210 855.847839 355.631592 1111.025635 466.716309 1.565758 1.890149 4.565985 0.778823 -2.177330 43.761506 3.059005 3.049419
Car -1 -1 1.829823 296.955658 244.162735 398.166962 323.872162 1.653813 1.633871 4.523836 -17.818225 -7.234367 65.963369 1.565997 0.911516
Car -1 -1 2.966291 1156.864502 336.255920 1388.907593 426.770325 1.506451 1.925536 4.540369 7.414338 -3.179989 49.096175 3.116175 2.896915
Car -1 -1 1.885257 160.125351 256.328308 266.040253 323.677856 1.323362 1.462101 4.300362 -21.976056 -7.278509 66.314994 1.565257 1.325258
Car -1 -1 1.776987 382.542908 210.602280 468.684875 283.670837 1.792338 1.775002 4.451738 -17.699227 -9.500685 75.458531 1.546596 0.778774
Car -1 -1 1.941787 37.495926 258.333862 136.441101 326.203186 1.372121 1.283748 3.835880 -25.513091 -7.073999 65.515106 1.570432 0.275401
Car -1 -1 1.806558 347.541870 175.179642 427.074615 245.947739 2.228396 1.765818 4.974633 -22.485368 -12.581100 89.194477 1.559610 0.355389
Car -1 -1 1.897532 132.711914 238.549744 227.073715 298.604279 1.346885 1.356958 4.214367 -25.267462 -8.687148 72.707286 1.563065 1.040163
Car -1 -1 1.843974 250.267822 228.551331 331.992950 287.221130 1.369201 1.398265 4.236014 -22.401360 -9.382755 75.583698 1.555843 1.084180
Car -1 -1 1.754382 473.486481 176.729919 539.904419 239.261322 1.964839 1.738397 4.667228 -18.295364 -13.325854 92.506833 1.559129 0.401503
