Car -1 -1 -0.754818 458.925842 387.018280 680.939941 484.021210 1.126641 1.789991 3.930951 -8.128378 -2.078298 53.355425 -0.906000 2.084711
Car -1 -1 -0.079876 8.560597 412.481995 311.528717 520.248047 1.244223 1.875281 4.725036 -15.022081 -1.306277 49.923881 -0.372158 3.643669
Car -1 -1 -1.392082 321.616547 801.821533 590.460876 1046.070923 0.688148 1.481570 4.218438 -4.616428 3.150811 24.343800 -1.579491 2.416147
Car -1 -1 -1.751164 1335.196045 758.612610 1606.673218 979.538574 0.685544 1.640247 4.386027 4.416601 2.885698 26.174159 -1.584000 2.703429
Car -1 -1 -1.509768 699.479309 849.387756 931.645020 1080.000000 1.061270 1.611658 4.213086 -1.379738 3.871433 23.241187 -1.569065 4.031981
Car -1 -1 -1.132062 750.756165 370.611938 904.485657 458.143280 1.137732 1.557445 3.914295 -3.351152 -2.628867 56.322716 -1.191491 0.654741
Car -1 -1 1.760281 389.819153 312.396820 490.328461 386.966339 1.251184 1.535898 4.242800 -13.745111 -4.807768 68.995316 1.563637 1.316039
Car -1 -1 -1.511230 943.913513 338.171631 1035.610107 429.304138 1.329622 1.703339 4.242915 -0.015603 -3.463588 61.509394 -1.511484 1.556119
Car -1 -1 1.722918 509.402557 308.478210 602.839844 385.224609 1.299624 1.632910 4.248263 -10.944230 -4.888669 69.529967 1.566796 1.344977
Car -1 -1 -1.656165 1047.093262 838.929504 1320.323242 1079.021606 1.036301 1.792636 4.461859 1.512118 3.784145 23.557147 -1.592063 1.984341
Car -1 -1 -1.224959 753.727539 332.536438 866.945312 411.591187 1.173522 1.351123 4.179561 -4.158233 -3.958423 64.049624 -1.289790 1.181678
Car -1 -1 1.775049 253.546326 297.805115 362.488464 383.693726 1.528952 1.545038 4.250345 -17.364870 -4.980275 70.402415 1.533224 1.216054
Car -1 -1 1.666157 639.716736 297.551025 730.407104 376.045746 1.391927 1.784128 4.266955 -7.866216 -5.210826 71.064646 1.555914 1.167152
Car -1 -1 1.705863 556.439575 264.950165 634.963318 352.872162 1.753627 1.353271 4.590819 -10.943179 -6.236443 76.615767 1.563991 0.536978
Car -1 -1 1.735584 442.522125 284.919525 525.194641 353.302582 1.278099 1.409661 4.244936 -14.069766 -6.189022 76.643489 1.554031 1.064203
Car -1 -1 1.661620 660.665222 260.930267 741.027710 330.897614 1.480233 1.862093 4.247207 -8.353015 -6.945722 79.245677 1.556601 1.232165
Car -1 -1 1.675258 599.403259 249.653244 666.774475 314.028259 1.490482 1.502925 4.237861 -11.173066 -8.013535 85.979183 1.546031 0.852601
Car -1 -1 1.726289 492.741821 259.720673 568.008850 317.783447 1.283280 1.541155 4.245434 -14.164625 -7.787669 84.757449 1.560700 0.925255
Car -1 -1 -1.606107 1089.327637 134.645004 1121.714233 162.268402 1.550534 1.884027 4.228898 7.914497 -27.462125 191.132488 -1.564722 0.202180
Car -1 -1 1.683384 566.329102 219.088684 626.948242 269.227905 1.239194 1.551028 4.260258 -14.487335 -11.010110 101.076725 1.541023 0.468225
Car -1 -1 1.686341 543.194336 237.206482 605.142700 287.794678 1.212157 1.400484 4.229688 -13.977554 -9.465947 92.877758 1.536967 0.459862
