Car -1 -1 -1.405393 467.771912 634.701233 712.984741 852.513489 0.815025 1.691334 4.256444 -3.917254 2.006898 23.271185 -1.572160 4.351415
Car -1 -1 2.987742 1258.719604 253.220261 1421.909546 324.230194 1.737095 1.853717 4.254034 11.396095 -7.403231 67.409805 -3.127970 2.570921
Car -1 -1 -1.568636 1456.327759 539.370850 1633.541748 730.817200 1.024269 1.801104 4.236226 7.365338 1.154087 28.017953 -1.311573 3.632874
Car -1 -1 -0.062600 937.204651 312.729065 1170.778564 417.443573 1.742583 1.988524 4.787128 1.875659 -3.603730 49.552768 -0.024766 2.791159
Car -1 -1 -1.512627 739.097717 739.424927 967.882263 986.404114 0.570374 1.690548 4.257626 -0.966623 2.659335 20.020671 -1.560871 3.897899
Car -1 -1 -3.005456 634.612488 255.933029 787.204773 312.572205 1.384776 1.836679 4.319770 -8.210422 -7.975559 69.691614 -3.122727 2.533776
Car -1 -1 -2.916065 394.280640 265.439911 558.694885 322.408691 1.325014 1.852590 4.336802 -15.228459 -7.463626 67.531768 -3.137856 2.200854
Car -1 -1 3.061151 1043.961548 261.616364 1207.981445 332.628967 1.598046 1.866206 4.363652 4.577958 -6.906377 64.793545 3.131688 2.213405
Car -1 -1 2.935224 1390.732788 260.883728 1519.200562 314.093781 1.340820 1.827982 3.325806 15.667569 -8.003232 70.616823 -3.129631 0.975411
Car -1 -1 -1.611833 945.407654 172.723587 980.433350 202.732330 1.293693 1.774484 4.264836 -0.420986 -20.880210 129.569949 -1.615082 0.592708
Car -1 -1 1.665586 688.587585 202.489960 745.225830 256.823181 1.629763 1.788027 4.484302 -10.585635 -12.703218 91.334796 1.550201 0.491864
Car -1 -1 1.694092 566.296509 169.171967 615.797974 215.380554 1.933889 1.851144 4.303724 -20.217399 -18.139277 116.503205 1.522268 0.611529
Car -1 -1 1.644070 711.368591 193.871979 757.311340 238.593750 1.465839 1.692974 4.239303 -11.003466 -14.954199 102.037594 1.536648 0.589397
Car -1 -1 0.150578 1293.625977 155.573181 1366.451416 186.714828 1.567044 1.833732 3.923393 22.968149 -23.167110 138.525051 0.314889 0.127611
Car -1 -1 1.626574 790.954651 137.920486 818.902893 162.458496 1.496699 1.776719 4.240097 -13.602698 -32.040864 179.933288 1.551119 0.103550
