Car -1 -1 -1.418186 305.870880 612.224609 537.586060 820.484192 0.980992 1.830348 4.215985 -5.925857 2.021806 25.509657 -1.646436 3.495577
Car -1 -1 -2.107111 272.893188 412.946777 490.871735 540.154846 1.274808 1.609696 4.021788 -9.784135 -0.919193 38.108191 -2.358429 0.605636
Car -1 -1 1.947283 0.636311 297.203308 103.384590 420.505310 1.734617 1.578996 5.410283 -21.861108 -3.851271 51.922034 1.548774 1.481997
Car -1 -1 1.824867 291.890381 256.137787 392.272827 323.500153 1.310744 1.614566 4.422200 -17.916778 -7.206525 65.700077 1.558635 0.763728
Car -1 -1 -1.659162 1041.534302 178.694992 1091.808960 218.263412 1.352682 1.787623 4.243829 5.963998 -15.796429 103.746356 -1.601739 0.676092
Car -1 -1 1.758384 459.869812 153.190857 507.769562 187.979095 1.503081 1.705680 4.238902 -25.755044 -20.309160 123.504483 1.552795 0.455773
Car -1 -1 -1.557588 870.947998 149.045029 905.548340 181.940323 1.544858 1.818723 4.256139 -3.041899 -21.236309 127.385716 -1.581463 0.497191
Car -1 -1 -1.591587 926.573730 135.495468 959.289551 168.127151 1.691653 1.873881 4.265619 0.184695 -24.778577 143.574244 -1.590301 0.416775
Car -1 -1 -1.627778 971.982727 109.266045 996.584412 133.007828 1.755060 1.855476 4.337667 3.974115 -37.327670 199.286338 -1.607839 0.201681
Car -1 -1 -1.571148 888.277100 111.222397 912.633362 133.586014 1.683364 1.965671 4.273873 -3.610394 -36.455230 195.308932 -1.589631 0.267419
Car -1 -1 -1.592222 931.621765 110.539726 957.138428 139.365128 1.868429 1.959638 4.258962 0.269154 -34.719622 187.990289 -1.590790 0.119763
Car -1 -1 -1.728015 1148.854980 143.777466 1186.773438 173.147018 1.319925 1.604658 4.250128 14.082370 -23.236407 136.179615 -1.624971 0.416782
