Car -1 -1 2.803362 1598.979980 265.825928 1772.007324 336.752197 1.677697 1.843817 4.157105 21.121542 -6.724283 64.558431 3.119554 2.451064
Car -1 -1 -1.755937 1466.361816 713.336975 1764.886841 981.954407 0.795267 1.770595 4.379587 6.032674 2.723503 20.913218 -1.475098 2.905113
Car -1 -1 -1.512664 739.665161 737.738708 967.496094 985.774658 0.560120 1.675759 4.258371 -0.965715 2.648450 20.005179 -1.560900 4.181030
Car -1 -1 -1.403540 468.314240 636.226074 712.770996 853.027344 0.811802 1.677613 4.254473 -3.914796 2.010362 23.245221 -1.570387 4.388191
Car -1 -1 2.909692 1188.976196 267.972961 1352.888916 326.692932 1.347623 1.834097 4.373332 9.168790 -7.282632 66.964717 3.045765 2.560728
Car -1 -1 2.790837 1693.064697 252.397934 1847.296265 324.566650 1.800477 1.888783 3.512957 24.834996 -7.397509 67.821415 -3.141331 0.919712
Car -1 -1 -1.748443 995.429260 202.781952 1049.235229 241.245514 1.293477 1.762082 4.280896 2.451229 -14.877305 102.628527 -1.724563 0.643969
Car -1 -1 1.668465 687.941650 204.340393 744.537720 257.634460 1.608283 1.744362 4.500925 -10.582673 -12.631436 91.107008 1.552827 0.442546
Car -1 -1 2.942481 1256.334717 257.979462 1391.204102 315.266144 1.396192 1.788842 3.652725 11.382645 -7.957078 69.948946 3.103795 0.343567
Car -1 -1 1.715457 630.909058 154.989304 673.594299 188.484009 1.776477 1.846862 4.295279 -20.465048 -23.409105 140.392869 1.570707 0.325113
Car -1 -1 1.648318 712.185120 194.959579 757.823059 237.388855 1.427759 1.674249 4.240578 -10.958274 -14.960820 101.878637 1.541168 0.617704
Car -1 -1 1.630561 757.227173 171.120071 793.069519 201.799515 1.377528 1.660603 4.235315 -11.106542 -20.129013 125.019110 1.541955 0.384396
Car -1 -1 0.165327 1295.383179 156.824738 1365.540405 187.807114 1.575957 1.837504 3.933635 23.339036 -23.494826 140.752269 0.329648 0.131101
Car -1 -1 1.655990 738.802734 191.252014 778.363342 225.540939 1.268008 1.547219 4.244319 -10.268646 -16.095050 106.699724 1.560047 0.397357
