Car -1 -1 -1.592667 968.399719 356.144989 1061.518799 473.133728 1.541290 1.637477 4.457585 0.425932 -2.391644 55.919949 -1.585050 1.131128
Car -1 -1 -1.549014 789.450623 431.348358 906.297791 543.082642 1.095156 1.766191 4.249710 -2.475159 -0.962810 47.687912 -1.600871 2.438065
Car -1 -1 1.836124 124.872719 463.461792 342.224457 652.577881 1.580493 1.497836 4.746480 -10.747552 0.454206 39.468334 1.570262 2.270764
Car -1 -1 -1.535887 816.931946 308.553741 898.522705 382.453003 1.246499 1.808999 4.255604 -3.410837 -5.024827 70.536278 -1.584206 1.565912
Car -1 -1 -1.375600 194.258072 849.565186 535.341858 1079.089844 1.020546 1.803837 4.253832 -5.042802 3.789000 22.935193 -1.592028 3.030511
Car -1 -1 1.659023 649.186096 298.520874 730.954651 379.848724 1.438156 1.558106 4.245211 -7.603203 -5.020584 69.739150 1.550428 1.231113
Car -1 -1 -1.527738 852.513306 229.236450 907.921326 281.984772 1.406043 1.712608 4.252078 -4.021081 -10.373955 99.891154 -1.567971 1.088993
Car -1 -1 -1.610711 1047.863647 266.454987 1117.781494 329.413025 1.289063 1.862264 4.260813 2.671941 -7.309434 82.585721 -1.578368 1.203168
Car -1 -1 -1.557560 915.286255 212.420425 964.291260 257.890778 1.310354 1.737582 4.238565 -2.045133 -12.252609 109.567577 -1.576223 0.756754
Car -1 -1 -1.511438 1044.635010 180.351379 1089.205933 216.411469 1.271222 1.579057 4.255055 3.661595 -17.091505 135.416922 -1.484405 0.447366
Car -1 -1 -1.559582 929.052246 184.496933 972.533386 228.751602 1.548539 1.774568 4.237516 -1.885045 -15.332113 126.130786 -1.574526 0.678751
Car -1 -1 -1.563029 933.009644 267.914398 998.644775 330.129181 1.284932 1.824802 4.251150 -0.798007 -7.168610 81.406612 -1.572832 1.356326
Car -1 -1 -1.626909 1049.608276 237.236084 1106.246460 286.347717 1.260611 1.801610 4.260209 2.946764 -9.895825 96.858289 -1.596494 0.744143
Car -1 -1 -1.586907 1001.635254 192.355652 1049.899658 232.837036 1.368660 1.881291 4.238914 1.456553 -14.599435 121.667584 -1.574936 0.660926
Car -1 -1 -1.547552 867.917358 185.274658 911.707275 231.860443 1.656336 1.761234 4.361034 -4.576468 -14.950928 124.140354 -1.584400 0.301698
Car -1 -1 -1.592246 1043.661377 210.764740 1096.704468 252.157013 1.258410 1.796644 4.264493 3.077134 -12.580285 110.843088 -1.564492 0.532606
Car -1 -1 -1.544744 887.979126 134.966431 916.291748 161.103714 1.588183 1.841561 4.241671 -6.328057 -27.947843 194.171757 -1.577323 0.257024
Car -1 -1 -1.541456 875.038025 154.035416 908.116882 183.749603 1.420814 1.770446 4.244131 -5.900023 -22.214673 162.452400 -1.577758 0.283906
Car -1 -1 -1.568444 945.313293 155.777115 979.512512 186.822968 1.442976 1.837569 4.257132 -1.774833 -21.758769 161.029895 -1.579465 0.391804
Car -1 -1 1.651822 735.715027 141.946335 768.764648 170.502304 1.518140 1.786791 4.231402 -15.809620 -25.487309 181.212120 1.564799 0.289052
Car -1 -1 1.648689 718.186279 165.045990 759.540283 197.607986 1.400572 1.716504 4.259305 -13.626659 -19.613282 148.826659 1.557383 0.315683
Car -1 -1 1.659753 757.732727 197.497482 805.318542 241.522095 1.392344 1.584229 4.242064 -8.743381 -13.398661 114.452423 1.583508 0.328182
Car -1 -1 -1.561774 941.816589 131.975708 968.571655 155.578903 1.420502 1.802737 4.244618 -2.764395 -29.893554 205.119356 -1.575250 0.242467
