Car -1 -1 -1.544337 654.110046 357.046204 779.004150 489.893127 1.305569 1.845782 4.372927 -4.083360 -1.570541 46.783029 -1.631400 1.497826
Car -1 -1 -1.374372 13.229878 750.411438 345.058716 1040.019409 0.821116 1.649109 4.234878 -6.288674 2.889283 22.779215 -1.643734 3.011435
Car -1 -1 1.758755 159.870636 255.931381 277.356934 354.060822 1.558399 1.627037 4.318158 -16.932532 -4.722579 63.483218 1.498099 0.961126
Car -1 -1 -1.688529 1020.844055 360.390472 1143.946899 466.094513 1.044121 1.629184 4.270054 2.152891 -2.008199 50.264952 -1.645725 1.855666
Car -1 -1 -1.612676 858.729431 353.437988 966.764343 455.982788 1.116689 1.684044 4.256401 -0.925602 -2.117244 50.680806 -1.630937 2.362216
Car -1 -1 -1.648851 980.351501 273.495270 1072.771118 347.570465 1.108542 1.692256 4.251789 1.530254 -5.049576 66.212609 -1.625744 1.209013
Car -1 -1 1.789366 112.222038 230.050217 214.877289 300.838806 1.279228 1.592802 4.247983 -21.602644 -6.876544 75.280902 1.509914 1.035442
Car -1 -1 -1.633050 961.521118 218.594437 1040.564819 284.878265 1.388116 1.867368 4.292929 1.098628 -7.615538 79.637590 -1.619256 0.758400
Car -1 -1 1.746334 261.050812 190.001480 335.323669 245.787170 1.319780 1.537139 4.254411 -22.078457 -10.043474 92.522298 1.512086 0.870084
Car -1 -1 1.824403 23.661360 224.677200 123.027542 295.557709 1.316367 1.348564 4.247815 -24.625321 -7.193837 77.141041 1.515404 1.037018
Car -1 -1 1.757849 169.225388 176.850998 248.834244 230.824738 1.430594 1.711095 4.257301 -27.092624 -11.339528 99.967197 1.493191 0.755921
Car -1 -1 1.738099 332.233734 166.407501 395.215210 211.829910 1.255379 1.525941 4.250096 -22.948733 -12.752553 106.713504 1.526275 0.694375
Car -1 -1 1.775339 200.604630 143.673264 265.710327 194.063477 1.632616 1.691600 4.308804 -30.213912 -14.459512 115.338456 1.519137 0.570595
Car -1 -1 1.815213 0.119134 151.710968 52.448406 204.423523 1.508675 1.875373 4.221956 -38.213711 -13.706479 111.947909 1.486263 0.420579
Car -1 -1 -1.620642 892.650085 129.874222 937.137756 167.261185 1.357834 1.814214 4.256900 -2.260449 -18.052184 134.327542 -1.637469 0.309270
Car -1 -1 1.698751 396.398987 138.135300 450.463501 179.024246 1.388215 1.758848 4.258994 -24.636228 -16.567285 127.146165 1.507360 0.330886
