Car -1 -1 1.778958 263.764893 479.302185 426.584717 619.317078 1.232729 1.451832 4.231510 -9.677559 0.162926 41.639326 1.550599 2.930661
Car -1 -1 -1.770939 1353.588623 780.764282 1631.908447 1013.106995 0.713244 1.554134 4.258787 4.480851 3.058727 25.379837 -1.596188 2.473065
Car -1 -1 -1.527265 701.374878 754.364990 910.651428 976.183228 0.723111 1.666730 4.247684 -1.696306 2.876788 26.280323 -1.591722 2.705715
Car -1 -1 1.907989 0.448994 546.732544 211.162323 803.430359 1.769034 1.578281 4.403353 -10.715857 1.851868 32.302175 1.587675 2.878167
Car -1 -1 1.817144 144.116959 358.567749 280.695465 452.938721 1.226322 1.485315 4.417066 -16.352689 -2.860239 58.188500 1.543181 1.177920
Car -1 -1 -1.387735 297.773102 779.213745 562.607605 1003.890015 0.679181 1.507406 4.242498 -5.063196 3.006759 25.466473 -1.583994 2.458443
Car -1 -1 -1.644880 1038.760986 731.199768 1287.263672 990.510803 0.941223 1.845118 4.607860 1.487307 2.899180 25.929000 -1.587582 1.494116
Car -1 -1 1.760427 363.745148 374.719574 515.645813 509.308228 1.598606 1.671220 4.399125 -10.031110 -1.609445 50.605883 1.564743 1.722746
Car -1 -1 1.724310 463.361816 269.534607 545.476135 333.229736 1.299168 1.639909 4.235126 -14.154631 -6.987281 80.253908 1.549732 1.126493
Car -1 -1 1.765102 365.306183 302.775940 472.140411 393.089355 1.561069 1.593003 4.253799 -14.040654 -4.611157 67.937759 1.561302 1.136940
Car -1 -1 -1.587952 1045.959717 250.243530 1116.170044 320.252228 1.552515 1.945831 4.240509 2.714509 -7.783918 84.961504 -1.556013 0.982312
Car -1 -1 -1.600586 1009.389893 207.070328 1058.057129 248.719406 1.250294 1.782730 4.248916 1.707445 -13.221662 114.942084 -1.585732 0.811698
Car -1 -1 1.742289 456.492737 220.518219 522.320557 274.130829 1.474472 1.563059 4.261548 -18.094408 -10.576235 99.620231 1.562614 0.643678
Car -1 -1 1.685188 554.298645 257.608551 634.879944 346.311920 1.817342 1.568822 4.815811 -11.119984 -6.488764 77.687060 1.543015 0.326088
Car -1 -1 1.693627 579.838013 214.739731 633.263916 259.363678 1.306919 1.445545 4.243523 -14.886723 -11.895648 106.749981 1.555066 0.641917
Car -1 -1 1.665477 631.417603 180.360138 685.776489 229.368088 1.824082 1.877700 4.324704 -14.974337 -15.024387 124.032094 1.545329 0.375892
Car -1 -1 1.619845 756.960327 176.684509 799.365662 213.414276 1.389329 1.711291 4.248263 -10.581641 -17.260425 136.358700 1.542398 0.381226
Car -1 -1 1.698770 533.734619 232.089188 597.933105 291.719177 1.467273 1.500156 4.266626 -14.479798 -9.478473 93.875849 1.545732 0.705373
Car -1 -1 1.919431 0.000000 436.816193 82.837791 605.112671 1.514505 1.481233 4.359703 -15.508234 -0.209178 42.566335 1.570047 1.122442
