Car -1 -1 -1.769079 1355.146240 781.234436 1632.097290 1013.036621 0.691907 1.545967 4.259656 4.479014 3.043789 25.327993 -1.594048 2.574870
Car -1 -1 -3.082424 374.869385 412.572815 651.460815 517.468079 1.272993 1.857431 4.498317 -8.585620 -1.305298 49.677693 3.029625 3.617871
Car -1 -1 -1.648872 1038.810547 732.277344 1287.543335 991.354614 0.944496 1.832119 4.606367 1.475658 2.897434 25.787081 -1.591709 1.547189
Car -1 -1 0.041540 619.824036 453.801697 951.961365 574.883545 1.378952 1.882396 4.854349 -3.270788 -0.273951 43.899992 -0.032828 3.778365
Car -1 -1 -1.395365 297.537689 778.908752 564.057373 1004.483765 0.676444 1.526744 4.244643 -5.041392 2.994930 25.372341 -1.591507 2.449425
Car -1 -1 -1.529955 700.346130 750.825623 910.862366 976.446350 0.733305 1.664696 4.248726 -1.692338 2.862343 26.227090 -1.594392 2.791931
Car -1 -1 -1.281554 804.419312 299.820709 921.021912 373.057251 1.225145 1.673528 4.424138 -3.356209 -5.434524 72.587853 -1.327757 0.687656
Car -1 -1 -0.204234 1.025189 399.827728 207.349777 512.080750 1.391191 1.879045 4.244417 -17.198976 -1.480430 51.663642 -0.525597 1.506108
Car -1 -1 -0.322971 1751.937500 452.184784 1917.508545 573.336243 1.470754 1.863838 4.371746 14.982509 -0.292853 45.103736 -0.002260 0.999249
Car -1 -1 1.793526 260.222534 313.474060 371.756042 388.088043 1.271432 1.613460 4.250713 -16.912262 -4.786938 69.256335 1.554016 1.278339
Car -1 -1 -0.609837 445.308929 350.117371 654.660645 441.277039 1.262622 1.791100 3.914908 -9.278330 -3.001218 58.019416 -0.768412 1.839676
Car -1 -1 1.754264 427.081482 236.394791 504.104401 294.070129 1.448167 1.664464 4.252617 -17.705880 -9.283330 92.964064 1.566058 0.871187
Car -1 -1 -1.579231 944.785767 187.703781 993.602661 246.437592 1.873036 1.792268 4.359366 -0.988363 -13.556204 116.817521 -1.587691 0.471966
Car -1 -1 1.668911 641.285278 287.968689 726.028625 365.939484 1.438041 1.645439 4.245595 -8.111211 -5.593064 72.901706 1.558104 1.183718
Car -1 -1 1.742953 382.566772 309.921417 488.255096 389.004364 1.297117 1.759948 4.282519 -13.959643 -4.822919 69.501310 1.544736 1.068246
Car -1 -1 -1.551850 851.810547 210.557602 909.300293 270.550171 1.612448 1.921665 4.289244 -4.079435 -11.032878 101.991049 -1.591826 0.587964
Car -1 -1 1.787280 279.232452 224.536728 352.565918 275.076996 1.361656 1.674050 4.248409 -24.883023 -10.794207 101.663247 1.547240 0.784431
Car -1 -1 1.682755 594.492798 243.103073 667.930054 317.670013 1.726071 1.557524 4.409404 -11.096956 -7.845129 85.248024 1.553311 0.685606
Car -1 -1 1.703247 552.355774 259.139008 633.909180 341.083618 1.604086 1.471827 4.579142 -11.309947 -6.722713 78.675869 1.560471 0.544540
Car -1 -1 -1.543609 855.092529 263.914734 918.680847 317.830231 1.182807 1.764755 4.249980 -3.237590 -7.771045 84.615520 -1.581853 1.219813
Car -1 -1 1.797773 324.680267 287.978821 406.454742 354.527557 1.298754 1.243314 4.238894 -17.353947 -6.127791 76.674106 1.575190 0.720530
Car -1 -1 1.724439 504.450378 236.653046 581.221558 304.743347 1.653163 1.648927 4.391559 -14.615778 -8.703312 90.037647 1.563513 0.502210
Car -1 -1 1.765585 363.564606 264.980774 440.110565 327.580536 1.303448 1.333545 4.243338 -17.849625 -7.487859 83.683885 1.555436 1.001802
Car -1 -1 1.740020 446.081085 277.921143 534.394653 342.972839 1.265873 1.567639 4.243910 -14.245531 -6.609806 78.586084 1.560694 1.156834
Car -1 -1 1.755896 402.629852 192.272491 461.451019 232.860916 1.377863 1.706464 4.243594 -25.112968 -14.882518 123.875786 1.555880 0.534365
Car -1 -1 1.653690 684.634521 275.972595 753.558472 340.742401 1.308149 1.504000 4.256640 -7.771128 -6.642075 78.684879 1.555247 0.918440
Car -1 -1 1.699227 529.061584 304.647919 619.813171 374.312012 1.215335 1.605456 4.233313 -10.563091 -5.144875 69.735007 1.548895 0.805595
Car -1 -1 1.692568 571.622925 208.046738 630.276550 254.666519 1.361185 1.610964 4.250139 -15.125358 -12.121417 107.137219 1.552318 0.600295
Car -1 -1 1.655710 738.095459 210.597733 796.244385 264.038086 1.545922 1.767846 4.252419 -8.334683 -11.217371 102.382574 1.574482 0.677128
Car -1 -1 -1.676157 1223.185303 208.551453 1285.275635 257.765167 1.453419 1.830157 4.216660 10.459369 -12.384462 110.717583 -1.581968 0.554820
Car -1 -1 1.629756 759.820984 130.085999 788.540222 157.603043 1.677788 1.740865 4.256725 -16.021572 -29.485498 203.107422 1.551037 0.220738
Car -1 -1 1.720084 548.132629 229.051758 605.410706 277.283630 1.209707 1.333243 4.241019 -14.830912 -10.507992 99.441173 1.572033 0.374097
Car -1 -1 1.644809 702.395691 245.311188 772.140625 312.602600 1.566650 1.768008 4.239039 -8.049345 -8.232883 87.417030 1.552988 0.410499
Car -1 -1 1.732729 558.109070 219.450867 614.182068 267.325165 1.243868 1.485036 4.249707 -14.992838 -10.888232 101.510037 1.586091 0.293789
