Car -1 -1 -1.680038 1070.613159 695.192810 1293.471924 920.959534 0.621613 1.583382 4.279465 1.982208 2.376463 21.624608 -1.588629 3.450535
Car -1 -1 -1.547748 815.745605 648.393372 994.853638 843.246216 0.636083 1.611492 4.251587 -0.646617 1.971045 23.446873 -1.575319 2.919622
Car -1 -1 -1.379641 395.851929 687.522583 677.062012 935.620911 0.734027 1.582826 4.244133 -3.983022 2.389567 20.766274 -1.569142 4.147393
Car -1 -1 2.788820 1619.192627 281.712158 1801.699951 350.197449 1.454362 1.860126 3.921068 20.554417 -6.008517 60.705966 3.115294 2.413875
Car -1 -1 -1.045026 1791.302490 436.243591 1922.535156 579.576904 1.298744 1.740377 4.405405 16.026985 -0.468912 36.656498 -0.632850 2.604672
Car -1 -1 1.692703 620.208191 203.544830 678.587585 255.168091 1.544529 1.749189 4.275738 -13.439125 -12.785525 91.538839 1.546931 0.728333
Car -1 -1 1.661250 698.322144 209.402435 753.323486 259.239319 1.485330 1.788201 4.267440 -10.114316 -12.514185 90.679566 1.550170 0.646712
Car -1 -1 1.669788 654.727356 193.988190 701.730042 237.302536 1.459483 1.630492 4.251675 -13.390306 -14.722825 100.298037 1.537068 0.499559
Car -1 -1 0.182600 1298.957520 156.251328 1376.386353 187.212906 1.550924 1.819592 4.170939 23.338155 -23.203844 138.829220 0.349150 0.114462
Car -1 -1 1.655454 670.754944 185.213242 714.377441 223.517822 1.319588 1.548395 4.269284 -13.993146 -16.914864 110.208521 1.529160 0.369618
Car -1 -1 1.638799 726.804626 189.274139 772.122375 232.546539 1.493093 1.713171 4.241565 -10.473710 -15.624384 104.467681 1.538875 0.269361
