Car -1 -1 1.877670 152.546890 244.081787 265.266449 324.978577 1.682502 1.554464 4.732198 -21.976420 -7.209227 65.976521 1.556134 0.874779
Car -1 -1 1.788191 421.374603 212.223480 491.436066 263.445099 1.323074 1.428605 4.235114 -18.152267 -10.990865 82.206769 1.570866 1.105068
Car -1 -1 1.936177 61.311726 255.147568 168.692383 321.245148 1.332331 1.430816 4.247736 -25.294095 -7.423716 67.186327 1.576112 1.261048
Car -1 -1 -1.647195 966.759827 861.391174 1245.911743 1078.343140 0.856979 1.840567 4.260930 1.278112 3.960135 18.814400 -1.579367 4.060395
Car -1 -1 1.834925 298.573608 239.344925 389.448883 321.483673 1.747006 1.288522 4.392268 -18.032917 -7.344750 66.354322 1.569567 0.889309
Car -1 -1 1.797685 364.433197 235.631897 441.560638 293.046539 1.298872 1.417091 4.225226 -18.036480 -8.956148 73.595654 1.557347 1.351266
Car -1 -1 1.858976 258.935242 228.740311 339.905884 288.921814 1.401489 1.277882 4.244846 -21.903046 -9.277018 75.001187 1.574841 0.975551
Car -1 -1 1.825471 323.806000 202.861542 400.693970 256.627472 1.451513 1.542995 4.269622 -22.047777 -11.446753 83.748454 1.568050 0.996114
Car -1 -1 1.769066 465.608704 198.212387 528.879028 246.407928 1.370467 1.466446 4.233192 -18.090437 -12.596983 89.427428 1.569467 0.774828
Car -1 -1 1.800975 401.397705 187.242920 470.600739 238.649826 1.557051 1.671581 4.252604 -21.203494 -13.258189 92.157501 1.574831 0.602252
Car -1 -1 1.875914 219.784973 201.821259 310.286560 264.390350 1.725463 1.469308 4.601931 -25.024646 -10.809758 81.193675 1.576943 0.630948
Car -1 -1 1.683177 668.046692 113.760170 696.333130 139.771667 1.737366 1.726053 4.315495 -21.790722 -33.867553 183.733266 1.565129 0.160506
Car -1 -1 1.882121 148.034714 235.732086 236.964020 289.815674 1.441502 1.401770 4.329359 -25.306961 -8.942126 74.137718 1.553172 0.339155
