Car -1 -1 -0.253778 1345.955933 451.935242 1639.123047 572.530884 1.431970 1.847154 4.145768 8.008678 -0.297750 44.637186 -0.076250 4.828417
Car -1 -1 -0.050301 0.423381 409.386230 208.270309 523.647583 1.448616 1.845365 4.087223 -16.638216 -1.213346 50.302686 -0.369736 1.768014
Car -1 -1 -1.977261 1400.291748 303.283966 1517.512451 373.396240 1.201499 1.405031 4.272822 12.322931 -5.437060 73.097730 -1.810250 0.855240
Car -1 -1 2.858663 889.353638 400.026550 1205.532715 542.541565 1.768574 1.988851 4.723115 0.920885 -0.888214 47.264462 2.878144 3.617441
Car -1 -1 -1.518718 673.545288 713.545532 884.506653 940.527405 0.925897 1.753588 4.233270 -2.006711 2.698548 27.031338 -1.592819 3.330738
Car -1 -1 1.711568 515.004456 304.566132 605.679138 378.594116 1.281742 1.610502 4.244700 -11.015224 -5.118998 70.655678 1.556913 1.235248
Car -1 -1 -0.947479 757.372498 348.807251 939.420288 432.586304 1.153661 1.649829 4.124790 -3.076333 -3.296328 60.019008 -0.998691 1.221353
Car -1 -1 -0.441528 412.828033 378.994446 652.963806 480.254150 1.299626 1.851595 3.821493 -8.972068 -2.121410 53.809575 -0.606745 3.411405
Car -1 -1 -1.628751 1045.070679 749.089050 1261.117065 973.525696 0.720544 1.642795 4.430385 1.441628 2.843408 26.388152 -1.574174 1.268437
Car -1 -1 -0.181504 275.320282 426.681763 573.882629 530.877502 1.213370 1.870304 4.683521 -10.108515 -1.087310 49.160478 -0.384301 3.880068
Car -1 -1 1.782835 291.682312 299.789764 392.762360 372.932404 1.277198 1.516532 4.243686 -16.887189 -5.354299 71.943965 1.552282 1.320512
Car -1 -1 -1.771756 1370.377441 822.504944 1669.555176 1071.253052 0.621908 1.577305 4.316739 4.449770 3.265787 23.988941 -1.588348 3.478210
Car -1 -1 1.651575 650.846802 314.639984 737.474609 389.745789 1.250196 1.675793 4.250233 -7.314035 -4.664379 67.931592 1.544321 1.220480
Car -1 -1 -1.372604 126.152557 917.749939 508.763000 1078.812744 0.986437 1.829090 4.221713 -4.959423 4.126221 21.054340 -1.603940 4.048395
Car -1 -1 -1.572286 929.193054 211.942383 984.596436 264.585938 1.570664 1.904355 4.257993 -1.325071 -11.365330 103.971267 -1.585030 0.650505
Car -1 -1 1.744318 397.648193 295.748413 498.776581 368.222382 1.340509 1.751226 4.251441 -14.329703 -5.508733 72.957546 1.550375 1.147592
Car -1 -1 1.725043 482.806335 259.969360 559.232788 320.127167 1.312957 1.540594 4.248277 -14.483880 -7.778890 85.121916 1.556503 0.984212
Car -1 -1 1.769289 345.009491 266.903137 432.697723 336.951447 1.445409 1.526880 4.236881 -17.388421 -6.860443 79.827213 1.554813 1.194194
Car -1 -1 -3.000956 1806.463135 351.162689 1918.520874 441.244354 1.343126 1.841479 4.281558 20.764847 -3.188180 61.376576 -2.674726 0.430892
Car -1 -1 1.707699 548.454956 256.230713 631.488037 342.115448 1.821297 1.534814 4.623333 -11.359335 -6.594472 78.174985 1.563402 0.557578
Car -1 -1 1.696705 612.360840 243.112198 679.345825 310.869965 1.604203 1.541252 4.257543 -10.873744 -8.221177 87.030671 1.572408 0.961359
Car -1 -1 1.718270 518.494751 235.929626 585.151672 292.969604 1.457721 1.475310 4.253244 -14.830232 -9.295344 93.071060 1.560255 0.841053
Car -1 -1 1.636760 708.517883 224.208038 778.485535 298.472198 1.884425 1.828001 4.344458 -8.214548 -8.981378 91.299131 1.547028 0.639412
Car -1 -1 1.682042 655.559204 174.001862 702.174438 211.124100 1.526428 1.765234 4.249942 -15.602913 -17.455876 137.509679 1.569057 0.496775
Car -1 -1 -1.576513 989.715210 154.087036 1026.331299 189.906723 1.647928 1.877671 4.253987 0.864191 -20.871343 155.430371 -1.570953 0.389153
Car -1 -1 -1.579159 931.536438 196.035400 973.956482 234.169205 1.232633 1.717987 4.257555 -1.711429 -14.339688 120.150886 -1.593402 0.548364
Car -1 -1 1.647769 741.938293 222.912659 797.246826 274.022156 1.342999 1.592075 4.226499 -8.032382 -10.617445 99.539898 1.567249 0.666105
Car -1 -1 -1.692743 1090.369141 898.459656 1412.945068 1080.000000 1.273072 1.535966 4.622530 1.674980 4.032272 20.048994 -1.609392 1.120044
