Car -1 -1 -1.792076 1270.071167 649.237671 1523.716309 872.644592 0.912853 1.656374 4.247345 5.047401 2.394903 24.896709 -1.592053 2.789750
Car -1 -1 1.945823 40.986263 267.654602 174.252289 372.997894 1.756976 1.017783 5.452582 -21.081368 -5.111510 55.773613 1.584441 1.251447
Car -1 -1 1.149981 373.564575 326.605347 522.107178 418.814301 1.288990 1.669376 3.731678 -11.066538 -3.506410 49.046582 0.928064 0.329888
Car -1 -1 -1.612768 965.763916 316.560364 1055.252930 396.752350 1.197094 1.818889 4.241613 1.679636 -4.322156 53.966160 -1.581654 1.997848
Car -1 -1 1.806700 368.665314 233.140503 449.350494 289.466309 1.302849 1.501644 4.245537 -17.901493 -9.087813 73.885676 1.568995 1.022126
Car -1 -1 -1.637040 1017.612061 167.226959 1067.188843 218.451141 1.791982 1.820181 4.515034 4.825335 -15.888931 104.298496 -1.590808 0.401752
Car -1 -1 1.810745 336.811615 204.779724 419.304901 263.041626 1.558572 1.687422 4.286022 -21.317729 -11.131142 82.965511 1.559238 0.726513
Car -1 -1 -1.562079 867.674744 165.757751 906.556091 200.514572 1.326267 1.811126 4.246813 -2.738603 -18.021821 113.180513 -1.586271 0.827643
Car -1 -1 1.696298 590.220398 152.365814 632.597168 188.316528 1.469864 1.551728 4.241336 -18.246789 -19.985355 121.495602 1.547227 0.515427
Car -1 -1 -1.589591 939.109680 151.228180 973.989807 182.943741 1.394191 1.810912 4.262579 0.957351 -21.444688 128.797037 -1.582158 0.641455
Car -1 -1 1.732952 499.538940 160.508118 547.757324 196.562027 1.403525 1.591543 4.246609 -22.207165 -18.788552 116.659910 1.544845 0.576770
Car -1 -1 -1.561252 883.562134 127.651344 912.641907 154.883774 1.478795 1.895990 4.250434 -3.024664 -27.886197 156.598281 -1.580564 0.360849
Car -1 -1 1.670953 646.578796 115.944695 677.131775 140.698135 1.588115 1.797922 4.246701 -22.060031 -31.915550 173.497015 1.544482 0.247815
