Car -1 -1 -1.532010 750.769043 602.278809 911.039429 770.555237 0.984785 1.692560 4.239491 -1.911093 1.709194 33.779367 -1.588525 3.098589
Car -1 -1 -1.624765 998.406311 606.509338 1177.393677 775.559448 0.897452 1.731648 4.231426 1.057268 1.692605 33.073240 -1.592808 3.241873
Car -1 -1 -1.722676 1244.151489 611.245361 1468.776001 821.973389 1.148006 1.740364 4.244390 4.013501 1.990466 31.242586 -1.594913 2.801935
Car -1 -1 -1.683195 1147.496948 430.527679 1275.236450 541.425049 1.092782 1.678909 4.306903 3.743731 -0.985370 47.796110 -1.605028 1.493073
Car -1 -1 -1.591134 963.233276 342.802979 1058.204102 437.288147 1.326329 1.801955 4.250222 0.355167 -3.209567 59.612178 -1.585177 1.375992
Car -1 -1 -1.535859 794.699280 366.864319 894.257935 458.395081 1.176217 1.795274 4.250263 -2.991041 -2.630560 56.274693 -1.588960 1.771877
Car -1 -1 1.403152 660.011475 269.125061 760.597290 358.724365 1.718405 1.879178 4.363351 -7.603112 -5.891272 74.064644 1.300855 0.639200
Car -1 -1 -1.555701 833.687500 256.110474 899.997253 320.019806 1.440486 1.752201 4.239714 -3.848344 -7.768375 85.017347 -1.600936 1.151976
Car -1 -1 -1.565080 917.887268 205.679459 967.400940 252.876648 1.430302 1.764441 4.231050 -1.968549 -12.532630 110.480716 -1.582897 0.824787
Car -1 -1 -1.541601 852.271301 304.499298 928.442627 376.695374 1.246841 1.724273 4.249790 -2.596787 -5.192888 71.186890 -1.578063 1.490789
Car -1 -1 -1.606358 1070.392334 254.950516 1139.319824 318.929535 1.484293 1.842500 4.256498 3.411998 -7.718250 84.374268 -1.565942 1.270236
Car -1 -1 -1.583074 957.242065 294.346924 1028.538086 360.092804 1.227736 1.725241 4.268631 -0.024561 -5.842080 74.532077 -1.583404 1.464288
Car -1 -1 -1.551808 1005.630554 201.022278 1054.005615 241.789383 1.339875 1.859185 4.261272 1.589950 -13.748681 117.643489 -1.538294 0.754999
Car -1 -1 -1.537230 876.707642 163.526367 915.085266 210.493347 1.824934 1.659464 4.484677 -4.787993 -17.527884 137.223199 -1.572108 0.369743
Car -1 -1 -1.610448 1045.427002 229.448776 1101.983521 280.176117 1.356320 1.672462 4.232047 2.947278 -10.338286 99.169839 -1.580737 0.715738
Car -1 -1 1.677803 665.595459 171.347458 710.933472 211.537292 1.546992 1.699582 4.242946 -15.094052 -17.435885 137.013751 1.568081 0.477940
Car -1 -1 -1.583581 1009.724731 170.533951 1049.304932 208.841507 1.473612 1.742761 4.263489 1.865800 -17.851670 139.206299 -1.570179 0.393282
Car -1 -1 -1.567296 934.615906 152.058502 971.274231 187.675354 1.597215 1.844308 4.249555 -2.232668 -21.241500 157.077904 -1.581509 0.452132
Car -1 -1 -1.581168 988.664307 139.896606 1017.777893 166.098633 1.384849 1.800645 4.269180 0.730832 -26.488388 186.178103 -1.577242 0.431739
Car -1 -1 -1.603332 1079.567017 134.176224 1107.296143 157.969833 1.406053 1.800038 4.235973 7.166055 -28.565007 197.024272 -1.566977 0.243929
Car -1 -1 1.634060 744.550964 147.526947 778.668884 176.391739 1.426958 1.741158 4.259527 -14.443650 -24.050045 173.026180 1.550776 0.346501
Car -1 -1 1.648746 706.908447 133.272980 736.234985 157.514160 1.475139 1.767060 4.240732 -19.518307 -28.824142 199.120148 1.551036 0.302546
Car -1 -1 -1.576953 951.578613 130.014542 978.218384 153.543549 1.489036 1.747075 4.260245 -2.027882 -30.037469 205.054260 -1.586842 0.276550
