Car -1 -1 -1.541540 911.395325 407.401154 1022.947205 517.549316 1.012488 1.652779 4.238320 -0.035597 -1.470616 40.374361 -1.542422 2.142994
Car -1 -1 2.781227 1719.438354 265.072968 1879.979980 328.164307 1.519756 1.842357 3.914096 25.559896 -7.261456 67.284954 -3.138921 2.439155
Car -1 -1 -1.535642 819.285278 651.741272 1005.938232 846.079956 0.609349 1.667003 4.260470 -0.550266 1.986567 23.567014 -1.558986 3.693721
Car -1 -1 -1.654502 646.199890 361.850708 749.404175 454.451111 1.018728 1.648740 4.288209 -5.778341 -2.796417 45.875223 -1.779800 1.851221
Car -1 -1 1.664046 671.108337 221.790985 726.269592 276.350433 1.487478 1.564267 4.267602 -10.143382 -10.674551 81.735639 1.540577 1.006392
Car -1 -1 -1.433095 586.880432 545.964050 778.423218 712.964783 0.788339 1.711383 4.429721 -3.622455 0.989896 28.243136 -1.560658 2.517409
Car -1 -1 1.837504 387.232574 296.690857 499.264343 374.371063 1.165350 1.442448 4.347810 -13.030618 -4.988958 54.130281 1.601271 1.055553
Car -1 -1 -1.566723 891.664001 326.823334 973.661072 410.062653 1.126547 1.699669 4.264170 -0.889449 -4.004847 51.461612 -1.584005 1.640768
Car -1 -1 1.322025 708.387512 265.821320 796.661621 331.513489 1.243912 1.435694 4.263397 -6.502789 -7.050643 64.745950 1.221925 1.064948
Car -1 -1 1.698207 514.814880 232.220261 581.804688 283.193909 1.219181 1.667179 4.271738 -15.230769 -10.148447 79.000839 1.507751 0.790743
Car -1 -1 -2.061207 0.000000 280.454651 75.377502 340.497559 1.284867 1.801827 4.266456 -29.913554 -6.983615 67.263805 -2.479662 0.357976
Car -1 -1 1.655282 706.678345 205.411545 754.804688 246.587494 1.276546 1.614476 4.261391 -10.770721 -14.041060 97.989834 1.545805 0.650839
Car -1 -1 1.618173 730.127136 180.954865 771.592896 217.881714 1.484763 1.822393 4.244036 -11.653140 -17.873159 115.700420 1.517793 0.519791
Car -1 -1 0.180070 1297.788940 156.144638 1373.365723 188.121414 1.604835 1.858302 4.016433 23.460317 -23.368543 140.086141 0.346001 0.160533
