Car -1 -1 -1.529346 745.521057 567.127258 902.422424 725.891296 0.997566 1.744058 4.242643 -2.121886 1.301570 35.533932 -1.588990 3.083583
Car -1 -1 -1.646131 1096.378418 343.831299 1207.600342 442.206970 1.435780 1.954293 4.368489 3.423680 -3.133783 60.336044 -1.589449 0.887959
Car -1 -1 -1.694453 1189.904175 514.595215 1366.279785 658.239868 1.014697 1.767986 4.499074 3.980330 0.581415 39.279567 -1.593464 1.360600
Car -1 -1 -1.598390 967.571411 387.796875 1071.591797 483.406647 1.157637 1.799062 4.254707 0.491735 -2.095814 54.095010 -1.589300 1.862911
Car -1 -1 -1.618804 1024.006348 688.704590 1233.928833 908.382385 0.958528 1.759299 4.247153 1.312969 2.564990 28.509213 -1.572782 2.835807
Car -1 -1 -1.518288 639.679138 875.182129 901.475281 1079.155884 0.847314 1.796272 4.272630 -1.755650 3.842803 22.928167 -1.594711 4.221802
Car -1 -1 -2.021481 1364.438110 296.991943 1494.369873 364.005524 1.195337 1.567682 4.412830 11.631479 -5.702899 73.836102 -1.865234 0.710842
Car -1 -1 -1.594063 951.893127 296.132233 1033.197510 377.229309 1.430902 1.876931 4.243484 -0.017444 -5.217196 71.316977 -1.594308 1.450874
Car -1 -1 -1.546984 806.495789 369.355316 902.531982 461.096588 1.169936 1.725474 4.236624 -2.838551 -2.631245 57.194180 -1.596573 1.691916
Car -1 -1 -1.546097 837.932312 289.754120 912.185181 363.697845 1.409218 1.721405 4.247173 -3.149855 -5.781525 74.930794 -1.588109 1.439399
Car -1 -1 -1.543978 873.544373 189.597214 917.703735 229.410904 1.359286 1.800612 4.239127 -4.331594 -14.996189 123.819290 -1.578947 0.736350
Car -1 -1 -1.570808 949.113403 209.089508 995.460388 251.500137 1.311173 1.743738 4.259913 -0.825098 -12.858051 112.910939 -1.578115 0.840961
Car -1 -1 -1.663011 1177.215454 184.461105 1229.120483 222.879669 1.455064 1.879008 4.230771 9.927030 -15.990897 130.293523 -1.586968 0.341922
