Car -1 -1 -1.600848 1009.575623 393.852814 1120.998413 510.642151 1.374650 1.866796 4.250434 1.297899 -1.539248 50.666468 -1.575237 1.746752
Car -1 -1 -1.708602 1205.518921 521.241150 1380.666260 677.331787 1.161263 1.741097 4.233250 4.105565 0.807675 38.484487 -1.602323 3.017931
Car -1 -1 -1.524375 712.152649 596.648438 900.063171 807.246582 1.280174 1.829883 4.228916 -2.076348 1.931482 32.222254 -1.588724 2.745648
Car -1 -1 1.741892 393.490753 295.238342 497.517548 379.779175 1.526770 1.711054 4.250937 -13.897574 -5.080083 70.493497 1.547242 1.173936
Car -1 -1 1.785000 271.122040 305.194550 377.784912 380.154663 1.302666 1.596321 4.235889 -17.083740 -5.098457 70.865382 1.548441 1.253913
Car -1 -1 -1.606616 978.856812 320.903229 1058.802612 400.667511 1.340959 1.728839 4.243777 0.605301 -4.354093 67.039268 -1.597587 1.512456
Car -1 -1 1.409746 663.670959 289.101227 747.477417 360.321472 1.294376 1.453253 4.227780 -7.751294 -5.827918 74.170188 1.305617 0.889184
Car -1 -1 -1.541900 845.493286 280.980438 919.050781 346.470520 1.242611 1.830773 4.265475 -3.058178 -6.407485 77.284385 -1.581450 1.341607
Car -1 -1 -1.594742 1023.157043 243.384171 1088.090820 303.228363 1.451905 1.916747 4.253130 2.046949 -8.685659 89.818593 -1.571956 1.179571
Car -1 -1 -1.547418 872.289062 199.136948 917.133667 242.551910 1.391299 1.714241 4.249846 -4.124037 -13.661211 116.956923 -1.582665 0.808022
Car -1 -1 -1.565367 949.585449 207.036880 997.838135 250.454041 1.339685 1.832907 4.255378 -0.767523 -12.759173 111.906251 -1.572225 0.929136
Car -1 -1 -2.910474 1812.295532 351.611511 1918.723633 444.198944 1.292297 1.823134 4.364615 20.926853 -3.217671 61.527845 -2.582628 0.465462
Car -1 -1 -1.598790 1008.999207 161.869797 1059.135986 229.546219 2.387114 2.054248 5.273353 1.803151 -14.884105 122.233843 -1.584039 0.115315
