Car -1 -1 1.717686 514.179199 304.054230 606.283752 379.336609 1.310621 1.607419 4.239135 -11.007841 -5.083682 70.568841 1.562946 1.355032
Car -1 -1 -1.630437 1044.009521 748.502930 1262.802612 971.763245 0.732378 1.668223 4.405163 1.467192 2.887889 26.777467 -1.575700 1.591344
Car -1 -1 -1.773244 1370.686035 823.119324 1669.500122 1071.255859 0.638682 1.586601 4.331518 4.454469 3.284420 24.032502 -1.589972 3.484482
Car -1 -1 -1.518585 673.608032 713.066711 884.785522 942.548706 0.941064 1.756238 4.226547 -2.000821 2.718761 27.076555 -1.592346 3.170237
Car -1 -1 1.792328 292.664612 300.533051 393.130157 374.552826 1.313775 1.494905 4.240588 -16.867220 -5.298207 71.924473 1.561978 1.438593
Car -1 -1 1.746483 397.218933 293.236420 500.300598 369.769928 1.387862 1.768968 4.256288 -14.281534 -5.481044 72.803543 1.552777 1.105998
Car -1 -1 1.647904 650.058838 314.205536 736.307861 391.727631 1.251184 1.617521 4.245722 -7.318810 -4.652560 67.922846 1.540566 1.163563
Car -1 -1 -1.558440 864.931824 222.782349 922.977600 271.783722 1.354495 1.885155 4.252789 -3.583065 -10.860916 101.464712 -1.593739 0.955347
Car -1 -1 1.716403 483.195709 261.079834 558.401001 321.664185 1.321170 1.530431 4.248694 -14.422084 -7.701012 84.722187 1.547791 1.044097
Car -1 -1 -1.616135 1041.586182 240.373672 1099.827026 291.835480 1.271760 1.730687 4.259968 2.680466 -9.630825 95.644387 -1.588117 0.935265
Car -1 -1 -1.569686 959.022278 205.474182 1007.846985 250.065216 1.382162 1.782609 4.245243 -0.382555 -12.909947 113.027548 -1.573071 0.985327
Car -1 -1 1.176216 685.201965 291.985565 804.734802 364.592926 1.305816 1.707973 4.131640 -6.536503 -5.593095 72.634040 1.086465 0.326447
Car -1 -1 -1.588977 1024.893433 189.206711 1069.479614 227.680695 1.358229 1.781957 4.248934 2.488028 -15.346006 126.119396 -1.569252 0.611744
Car -1 -1 1.641948 770.666992 178.001678 814.507629 216.438873 1.469980 1.674203 4.253591 -9.649523 -16.724414 133.437941 1.569759 0.526333
Car -1 -1 1.705509 547.015015 257.097107 631.642456 342.539246 1.811000 1.588973 4.542384 -11.438151 -6.632981 78.663198 1.561115 0.605776
Car -1 -1 -1.560328 870.852173 167.205246 909.121765 201.577118 1.370721 1.815576 4.242221 -5.252356 -18.580701 142.530658 -1.597162 0.435267
Car -1 -1 -1.560670 930.317688 141.368484 959.593018 168.658890 1.474072 1.834526 4.239886 -3.165797 -25.686025 181.670915 -1.578094 0.322019
Car -1 -1 1.653730 723.189880 239.232590 784.839722 295.591217 1.436364 1.607445 4.253723 -7.839610 -9.003695 90.974924 1.567769 0.653969
Car -1 -1 1.707731 519.106140 236.605118 585.333252 296.376556 1.488022 1.538376 4.248931 -14.691458 -9.141242 92.379285 1.550017 0.942401
Car -1 -1 -1.550110 865.840515 198.168549 911.888977 237.780518 1.260157 1.728601 4.250361 -4.498854 -14.225750 120.217373 -1.587516 0.738199
Car -1 -1 -1.564724 966.743652 151.191589 1000.134705 185.145493 1.577032 1.821059 4.254934 -0.551251 -22.633028 166.315858 -1.568039 0.234671
Car -1 -1 -1.573611 1000.971497 160.795609 1036.792236 192.346939 1.384377 1.759122 4.260059 1.542597 -21.176289 158.432020 -1.563874 0.352828
Car -1 -1 1.646478 665.999939 263.241425 738.489868 329.396667 1.382444 1.692713 4.256952 -8.464118 -7.196510 80.985647 1.542343 0.937101
Car -1 -1 -1.564467 890.575439 148.264359 926.086853 179.799179 1.467570 1.837174 4.249523 -5.053107 -22.924681 166.155074 -1.594870 0.321510
Car -1 -1 -1.555132 884.536255 130.224487 911.983582 155.307114 1.533452 1.859506 4.239221 -6.937380 -29.653043 202.992660 -1.589294 0.187968
