Car -1 -1 3.034116 663.599915 353.838806 909.938110 460.730713 1.528527 1.894076 4.503342 -3.175647 -2.343047 44.765436 2.963295 4.599464
Car -1 -1 2.882937 1341.683472 368.747467 1607.153564 454.883453 1.331434 1.872401 4.708463 11.182671 -2.456621 46.215225 3.120344 3.854009
Car -1 -1 -1.803978 1302.475220 690.228149 1605.637085 965.079468 0.801062 1.641974 5.057938 4.970443 2.699371 21.988146 -1.581663 2.693355
Car -1 -1 1.924427 40.270683 260.778381 148.547333 330.238403 1.341327 1.406373 4.261901 -25.040767 -6.939953 64.859850 1.555982 1.296851
Car -1 -1 1.823494 303.324341 240.478745 392.845581 321.820862 1.761146 1.371295 4.376432 -18.065466 -7.377515 66.919482 1.559821 1.052752
Car -1 -1 1.859271 176.067001 257.365448 279.197601 323.871002 1.326288 1.564491 4.250853 -21.696104 -7.293431 66.720305 1.544877 1.536890
Car -1 -1 1.791136 376.060883 226.398209 450.545502 286.249786 1.453210 1.386794 4.235313 -17.894859 -9.256967 74.458718 1.555277 1.254272
Car -1 -1 1.882853 177.274658 221.165558 264.694214 278.416016 1.492642 1.384036 4.230943 -25.743267 -10.000405 78.575672 1.566249 1.032138
Car -1 -1 1.789336 376.984222 170.612473 435.810150 217.993683 1.591494 1.577360 4.258579 -25.023827 -15.662102 102.566922 1.550036 0.817025
Car -1 -1 1.832812 248.075989 236.181992 330.774597 295.535400 1.301070 1.384308 4.227801 -21.740704 -8.873309 73.333680 1.544603 1.220871
Car -1 -1 1.818781 305.241669 220.421539 379.765076 269.764709 1.224169 1.473946 4.219528 -21.761958 -10.482193 79.829573 1.552643 0.812676
Car -1 -1 1.770568 414.623322 207.939453 482.924500 260.397339 1.418776 1.439596 4.243376 -18.525664 -11.114001 82.571614 1.549864 0.874387
Car -1 -1 1.699395 621.192200 120.662216 657.122681 151.429016 1.775891 1.891331 4.360977 -22.146943 -28.928847 160.941202 1.562645 0.202163
