Car -1 -1 -1.731808 1029.477295 548.979431 1206.117065 711.521667 0.956859 1.696386 4.217669 2.006902 1.545417 30.716596 -1.666564 2.915709
Car -1 -1 -1.353539 98.328873 698.258484 355.993774 913.147217 0.580042 1.481438 4.203989 -7.597949 2.757996 22.901523 -1.673879 2.792097
Car -1 -1 -1.738688 1071.499390 369.992981 1200.931763 472.151947 1.077933 1.765609 4.515970 3.509928 -1.935173 46.602547 -1.663514 1.113874
Car -1 -1 1.845128 156.738586 272.801697 252.149506 343.626526 1.375631 1.366810 4.274677 -23.093284 -6.019357 66.438007 1.510601 1.069061
Car -1 -1 -1.520427 658.981628 313.733307 746.479248 390.885590 1.175339 1.850144 4.250813 -7.062434 -4.215250 58.469504 -1.640633 1.438364
Car -1 -1 -1.635006 895.317688 280.687408 976.009644 358.720642 1.390799 1.857197 4.260005 -0.967400 -5.291321 62.371601 -1.650515 1.308873
Car -1 -1 -1.576192 798.988281 233.213181 861.687500 293.643707 1.466391 1.895438 4.224956 -4.927434 -8.639274 78.110097 -1.639192 1.187624
Car -1 -1 -1.599034 823.170288 181.884689 871.727905 234.121918 1.809356 1.766952 4.530620 -5.614876 -13.630711 101.155603 -1.654485 0.431473
Car -1 -1 1.723060 412.005951 210.471466 468.830658 260.367920 1.387688 1.380338 4.257308 -21.638675 -11.151848 89.847467 1.486723 0.750620
Car -1 -1 -1.503192 612.240540 243.439789 678.448853 321.829254 1.739802 1.609758 4.513263 -10.842353 -7.372323 73.762288 -1.649137 0.519702
Car -1 -1 1.760633 402.590820 170.229401 449.273224 206.902649 1.591152 1.684789 4.246013 -30.805434 -18.082825 124.429008 1.517938 0.476165
Car -1 -1 -1.567240 803.770630 173.300522 841.183716 210.552826 1.424868 1.642030 4.228278 -7.749189 -16.761086 116.205028 -1.633827 0.540388
Car -1 -1 -1.597832 862.148132 141.552994 894.163452 169.813721 1.482636 1.908588 4.237314 -6.331763 -24.629111 153.047493 -1.639180 0.430442
Car -1 -1 -1.582435 814.227417 152.875000 848.761841 183.483826 1.482000 1.847437 4.239786 -8.771020 -21.811760 140.161357 -1.644932 0.357035
Car -1 -1 -1.554803 776.732605 127.176445 801.523315 151.949982 1.554892 1.720136 4.262824 -15.097871 -31.137596 184.901944 -1.636276 0.265717
Car -1 -1 1.673032 510.764526 130.163651 538.809692 152.668976 1.526732 1.723486 4.251054 -39.083750 -32.368505 192.508343 1.472730 0.246798
Car -1 -1 1.718858 477.592499 150.776382 515.280762 180.233414 1.479991 1.688733 4.231957 -32.835256 -23.885097 152.468482 1.506740 0.240574
