Car -1 -1 -1.530955 576.103271 615.172180 776.267944 834.661621 0.617279 1.532390 4.267622 -2.701999 1.740240 26.021235 -1.634423 3.203030
Car -1 -1 0.195859 22.982954 306.664612 343.304321 420.847473 1.214705 1.926860 4.300983 -12.771515 -2.288248 45.201829 -0.079507 3.579094
Car -1 -1 -0.031162 526.157349 255.878693 807.762512 379.544525 1.515767 1.895231 4.696760 -5.371713 -3.153260 48.984777 -0.140386 3.084861
Car -1 -1 -1.404291 180.082321 585.778442 439.579926 799.028992 0.675950 1.519942 4.247031 -6.299649 1.537257 26.830005 -1.634912 2.972962
Car -1 -1 3.132695 205.242523 231.788788 456.937592 334.500397 1.436779 1.846436 4.347513 -12.611746 -4.253692 54.535517 2.905433 3.129253
Car -1 -1 -2.594820 1428.556641 114.021309 1588.219971 181.960114 1.440084 1.835450 4.036203 15.950869 -10.505870 82.203325 -2.403161 1.444073
Car -1 -1 2.926258 1293.054932 175.424240 1492.095703 256.151581 1.411644 1.855705 3.955641 9.748061 -6.594926 64.174776 3.077005 1.713268
Car -1 -1 -2.938656 1625.943115 117.272469 1827.694824 195.291519 1.600034 1.905319 4.603220 21.397638 -9.691747 78.181639 -2.671507 1.326465
Car -1 -1 -1.344331 0.000000 775.389099 402.287994 1078.989014 1.291717 2.140349 4.514470 -5.527274 3.501848 19.613847 -1.619012 2.187929
Car -1 -1 -1.836465 1411.922241 652.974182 1751.529053 902.769714 0.564147 1.530195 4.459930 5.176244 2.028784 24.064241 -1.624592 3.612151
Car -1 -1 1.728019 370.858429 119.241302 450.479218 180.668121 1.238647 1.538162 4.255110 -17.281614 -11.056249 85.625425 1.528867 0.830051
Car -1 -1 2.809612 1667.076538 208.540833 1908.777588 303.049133 1.411417 1.827386 4.075114 16.205206 -4.802366 54.863094 3.096821 0.865186
Car -1 -1 -3.032999 531.833069 192.882812 742.450378 274.797546 1.276538 1.870234 4.065723 -7.222134 -5.799718 59.693265 3.129785 1.572734
Car -1 -1 1.800429 150.325317 121.168846 237.283539 182.111816 1.227874 1.437410 4.262794 -24.198675 -11.103362 86.315512 1.527095 1.124437
Car -1 -1 -0.300016 1697.362183 274.563019 1919.881470 394.471466 1.413943 1.923153 4.901123 15.241053 -2.753088 46.306764 0.017948 1.031077
Car -1 -1 -2.819020 0.467960 192.890747 164.899216 287.235474 1.529631 1.788625 4.357234 -20.735133 -5.753462 61.669873 3.139812 0.630001
Car -1 -1 -2.902616 39.257267 182.988815 220.232285 267.369598 1.420466 1.846431 3.786235 -20.174951 -6.629790 66.021503 3.084000 0.472933
Car -1 -1 -1.502692 448.631653 863.406067 794.685547 1079.839111 1.102242 1.810159 4.332387 -2.242999 3.852475 18.904849 -1.620786 2.283653
Car -1 -1 2.900847 1227.752563 217.792618 1470.122925 307.314148 1.303735 1.853017 4.199668 7.442893 -4.708229 54.875667 3.035657 1.346937
Car -1 -1 1.763112 258.803131 115.822731 342.347778 179.561295 1.302453 1.463178 4.254045 -20.721275 -11.120777 85.882654 1.526362 1.000811
Car -1 -1 1.811337 76.975433 109.373619 158.200668 166.111862 1.302600 1.395194 4.271307 -28.475842 -12.324657 92.548778 1.512845 0.880872
Car -1 -1 3.067578 378.020630 222.558182 593.653931 309.993988 1.281786 1.858600 3.745013 -9.890726 -4.821406 56.378989 2.893913 0.795832
Car -1 -1 1.803753 10.102866 127.757538 110.400238 191.182510 1.265575 1.412821 4.253535 -27.732189 -10.598570 84.352498 1.486119 1.025198
Car -1 -1 1.800108 189.975327 71.974129 258.544434 121.444664 1.343225 1.456316 4.255019 -29.054630 -15.950552 107.804770 1.536851 0.627602
Car -1 -1 -1.582293 881.690308 43.169392 924.466980 81.913620 1.255340 1.754221 4.271021 -3.176987 -20.703341 128.864440 -1.606942 0.525580
Car -1 -1 1.754580 301.940338 97.483780 378.408722 159.443710 1.439188 1.434865 4.303604 -21.356026 -12.780580 93.958764 1.531086 0.694312
Car -1 -1 1.712872 421.225616 102.041954 491.082886 155.419418 1.211482 1.525378 4.256737 -17.314939 -12.774314 93.263686 1.529307 0.677513
Car -1 -1 1.819867 137.837906 95.758095 210.536957 148.065430 1.272390 1.328008 4.282762 -28.553251 -13.870926 99.698824 1.540938 0.599817
Car -1 -1 1.772109 256.136505 83.543755 326.709686 134.174118 1.356365 1.489788 4.267477 -24.771609 -14.481887 100.912683 1.531393 0.686540
Car -1 -1 1.697602 449.571014 78.615936 518.050293 134.761826 1.505911 1.768363 4.255455 -17.779348 -14.495844 101.132439 1.523578 0.777091
Car -1 -1 1.852632 69.958244 71.958366 137.867966 117.957855 1.360444 1.326264 4.286260 -36.664955 -17.524959 117.416886 1.549963 0.274267
Car -1 -1 1.771444 198.197250 102.041306 269.026123 156.317139 1.261383 1.397633 4.287049 -25.173192 -12.918417 94.613167 1.511404 0.670348
Car -1 -1 0.059187 1104.139404 226.625992 1345.131104 339.963837 1.597020 1.856974 4.212894 4.768746 -3.953400 52.130350 0.150410 1.257977
Car -1 -1 1.675890 518.637329 51.357018 569.926758 94.629074 1.390707 1.582510 4.253984 -18.831914 -19.251004 122.929873 1.523880 0.392596
Car -1 -1 1.845592 11.613488 83.214005 87.048271 133.312714 1.349287 1.553886 4.286102 -36.213179 -15.756972 109.254928 1.525532 0.317977
Car -1 -1 1.746289 377.090302 79.920692 438.737915 126.269684 1.222215 1.360478 4.259341 -21.580030 -15.693542 106.973729 1.547229 0.376822
Car -1 -1 1.765005 343.064789 90.082855 409.360107 141.665512 1.314417 1.320577 4.250129 -21.417285 -14.076695 99.814275 1.553638 0.564002
Car -1 -1 1.704598 430.236023 49.444717 481.983063 92.606956 1.483224 1.534968 4.341469 -23.076205 -19.638827 124.845556 1.521823 0.269761
Car -1 -1 -1.716168 1205.186523 66.919708 1259.679321 108.124138 1.228298 1.397343 4.285528 10.743265 -17.192399 113.246129 -1.621585 0.337341
Car -1 -1 -0.287403 1740.853027 258.974579 1919.028564 342.180969 1.234483 1.823663 4.330850 17.312262 -3.885771 52.520591 0.031009 0.210595
Car -1 -1 -1.662541 1155.184082 40.228775 1200.960571 79.589119 1.248884 1.562410 4.251779 9.846310 -21.249659 131.291463 -1.587685 0.259653
