Car -1 -1 -1.703471 1236.011108 547.478882 1474.502319 780.256104 1.340924 1.739137 4.724174 4.102307 1.675740 31.981527 -1.575897 1.907076
Car -1 -1 -1.757140 1464.926514 351.652954 1587.560913 446.190521 1.167282 1.528944 4.288612 11.030007 -2.609348 57.293606 -1.566949 1.293864
Car -1 -1 -1.449814 546.353516 630.831055 763.174438 828.242615 0.874714 1.656928 4.224497 -3.495227 2.061377 29.625551 -1.567251 2.270884
Car -1 -1 -1.616938 944.183472 514.602051 1100.732544 663.335632 0.946135 1.781409 4.277291 0.366856 0.774627 37.227422 -1.607084 2.571401
Car -1 -1 -1.672149 1091.111084 336.199249 1191.904541 418.315277 1.103010 1.689312 4.278234 3.233034 -3.253558 60.476459 -1.618741 1.337480
Car -1 -1 -1.372460 242.132095 579.490906 505.666595 805.398132 1.233519 1.743431 4.340363 -6.586906 1.864481 30.125496 -1.587722 2.438389
Car -1 -1 -1.507559 714.810364 397.484497 841.698059 517.414307 1.319076 1.859331 4.290656 -3.743455 -1.114326 49.207234 -1.583488 1.905076
Car -1 -1 -1.328396 0.000000 812.208008 339.920593 1079.529541 1.053429 1.930797 4.244023 -6.702011 3.549698 22.432715 -1.618716 2.786948
Car -1 -1 -1.597699 921.177490 343.197144 1028.691895 471.471191 1.670437 1.816892 4.776594 -0.343318 -1.978616 52.861912 -1.604193 1.165142
Car -1 -1 -1.616510 936.047424 866.935120 1216.034180 1078.956543 0.982772 1.785565 4.271883 0.569493 3.885491 21.576165 -1.590122 3.094395
Car -1 -1 -1.628116 1052.591553 261.420990 1124.057983 318.180145 1.191254 1.747975 4.248407 2.955060 -7.148719 84.233052 -1.593049 1.009717
Car -1 -1 -1.527871 821.254456 224.673889 883.162659 281.614960 1.381883 1.828408 4.256603 -4.801281 -9.348380 96.198873 -1.577739 0.664688
Car -1 -1 -1.531727 798.859863 262.484314 880.899658 330.722168 1.322053 1.951569 4.268127 -4.223692 -6.324406 77.917889 -1.585881 0.908936
Car -1 -1 -1.577052 914.758545 219.568024 968.108582 265.527527 1.275677 1.830033 4.246044 -1.901652 -10.798552 105.923294 -1.595004 0.901897
Car -1 -1 1.763033 248.839783 212.900040 316.214020 262.899628 1.417349 1.546818 4.236147 -27.475232 -11.078971 107.571367 1.512966 0.510887
Car -1 -1 -1.587099 1010.074280 186.560654 1056.571045 231.447723 1.480333 1.759454 4.279674 1.884751 -14.064394 124.114652 -1.571914 0.521341
Car -1 -1 -1.747072 1210.135010 179.658020 1265.481079 217.846481 1.381204 1.802054 4.275725 11.788758 -15.614174 132.931244 -1.658620 0.352624
Car -1 -1 1.765005 400.459625 198.480194 466.045990 244.062469 1.329847 1.723792 4.266299 -22.660175 -12.295539 112.657951 1.566512 0.544493
Car -1 -1 -1.549271 861.478027 175.598068 901.444153 222.501404 1.706379 1.668745 4.608032 -5.068826 -14.925945 128.609329 -1.588663 0.242873
Car -1 -1 -1.593725 1028.360840 234.615021 1085.883057 285.200226 1.263756 1.764210 4.247353 2.318737 -9.309966 97.497643 -1.569947 0.754912
Car -1 -1 -1.598696 989.520691 142.703018 1019.574158 169.426575 1.384428 1.739931 4.254170 0.929047 -24.573778 184.353454 -1.593656 0.295897
Car -1 -1 1.713449 490.515564 175.718185 544.764221 212.725082 1.384226 1.744210 4.255154 -23.407051 -16.329775 137.034608 1.544271 0.532493
Car -1 -1 -1.542967 809.669861 245.777023 881.810913 309.480743 1.307018 1.881902 4.206506 -4.374552 -6.791014 81.431669 -1.596636 0.664577
Car -1 -1 -1.610010 1027.352661 214.853928 1084.465820 259.366852 1.233054 1.843927 4.256064 2.365258 -10.965501 105.742355 -1.587646 0.567656
Car -1 -1 -1.547262 888.093872 142.643417 917.323853 168.455444 1.357610 1.749011 4.241199 -5.754492 -23.931107 179.968227 -1.579226 0.195155
Car -1 -1 -1.574860 954.689331 151.223557 989.567261 181.015305 1.461150 1.844121 4.245746 -1.138236 -23.191649 178.473805 -1.581238 0.134438
Car -1 -1 -1.658317 1163.085083 165.237137 1210.290161 198.860382 1.359583 1.863726 4.298198 10.867615 -19.029783 153.653889 -1.587707 0.147298
Car -1 -1 1.720642 449.153381 168.051804 495.354156 203.937851 1.503000 1.717741 4.248226 -26.824469 -17.489902 143.534014 1.535887 0.307627
Car -1 -1 -1.555320 885.299316 157.650513 920.192322 187.186249 1.386018 1.785542 4.272536 -5.071189 -20.435079 160.955820 -1.586816 0.176621
Car -1 -1 1.693773 598.343567 136.059479 629.475403 159.702087 1.378918 1.689910 4.229166 -28.488839 -28.741703 210.148630 1.559030 0.085310
