Car -1 -1 -2.280786 1459.218384 313.041473 1648.275513 399.524628 1.378894 1.663571 4.785711 13.621003 -4.469494 67.334750 -2.081191 0.714310
Car -1 -1 1.689234 534.607544 260.636749 625.837463 345.477997 1.727858 1.841193 4.308432 -11.585455 -6.534220 78.016402 1.541811 0.683125
Car -1 -1 1.653728 650.170166 313.783356 736.533386 391.055756 1.241261 1.583737 4.240798 -7.338789 -4.677106 68.033367 1.546273 1.243529
Car -1 -1 -1.569483 954.198914 264.054688 1028.468994 351.967072 1.791653 1.753165 4.655011 -0.050211 -6.285264 77.158826 -1.570134 0.480693
Car -1 -1 -1.564669 940.471313 219.590790 992.171082 265.801392 1.281784 1.754458 4.253161 -0.997108 -11.469712 105.015986 -1.574163 0.937840
Car -1 -1 0.945163 709.490417 291.594940 845.226868 363.365448 1.428369 1.831026 3.587395 -5.741230 -5.645638 73.648847 0.867366 0.404348
Car -1 -1 -1.612667 1068.155518 289.316986 1138.285278 353.742737 1.213974 1.661197 4.248902 3.089525 -6.204149 77.233463 -1.572686 1.546221
Car -1 -1 1.675618 609.589355 193.455566 665.388794 235.741302 1.368057 1.778584 4.255372 -15.436124 -14.317878 120.122690 1.547815 0.769632
Car -1 -1 -1.587153 1024.199829 206.306290 1074.703735 250.963684 1.311892 1.800322 4.237340 2.289376 -12.865575 112.571367 -1.566819 0.704414
Car -1 -1 -1.568041 936.796143 180.697159 980.768188 223.240662 1.674179 1.851659 4.344986 -1.541116 -15.669228 127.611347 -1.580117 0.425354
Car -1 -1 -1.617748 1058.431030 257.206207 1119.737671 311.507629 1.238640 1.783385 4.257514 3.083182 -8.289184 88.480579 -1.582917 0.961050
Car -1 -1 -1.590330 1007.922119 183.036865 1050.785278 220.611496 1.408662 1.711117 4.236817 1.744143 -16.066930 129.630791 -1.576876 0.574474
Car -1 -1 -1.549256 874.311890 147.244598 907.866699 177.606491 1.534358 1.859526 4.249264 -6.140301 -23.193356 167.627558 -1.585870 0.406084
Car -1 -1 1.615276 751.132019 143.642166 781.350525 170.085632 1.378037 1.654364 4.247168 -14.703883 -25.377345 180.006963 1.533771 0.298422
Car -1 -1 -1.573736 965.171509 140.196777 994.950989 166.348083 1.553934 1.773836 4.281250 -0.795879 -26.380417 186.093022 -1.578012 0.151248
Car -1 -1 -1.585326 1002.169373 168.951248 1038.197754 202.779953 1.443400 1.786632 4.249938 1.524590 -19.400847 149.037070 -1.575097 0.274040
Car -1 -1 -1.666513 1163.119873 175.415787 1209.254761 212.827408 1.467023 1.817511 4.236496 9.718507 -17.627510 139.004492 -1.596712 0.316906
Car -1 -1 1.647718 739.963867 217.977875 794.197876 269.049469 1.379713 1.582735 4.251266 -8.228024 -10.897285 100.880237 1.566336 0.467452
Car -1 -1 -1.576449 937.638977 163.910141 975.307190 196.901245 1.403321 1.859872 4.234097 -1.947499 -19.964215 151.210810 -1.589328 0.238768
Car -1 -1 1.653269 670.546936 148.429352 707.117920 177.972000 1.472016 1.738467 4.259321 -18.579987 -23.384225 169.124359 1.543848 0.256956
Car -1 -1 -1.586153 992.658752 135.479660 1023.209167 164.016190 1.461949 1.766260 4.274849 1.175775 -27.537199 192.124196 -1.580033 0.133000
Car -1 -1 -1.589494 986.670654 155.067627 1020.855469 184.548279 1.415323 1.769122 4.240022 0.705292 -22.863146 168.018415 -1.585297 0.135201
