Car -1 -1 -1.351828 356.640320 717.153015 607.044434 926.346802 0.569736 1.492919 4.231549 -4.902903 2.515715 22.803930 -1.563607 3.340312
Car -1 -1 3.138039 1745.391968 289.103149 1918.373291 367.117065 1.486355 1.842038 3.935990 22.863478 -5.607231 57.989273 -2.769589 1.678068
Car -1 -1 -1.646852 1085.545166 262.486389 1148.270142 318.014130 1.188829 1.671772 4.233057 5.026480 -8.588040 73.242258 -1.578331 1.087222
Car -1 -1 -1.593012 981.043884 198.109390 1022.086731 235.428238 1.343986 1.838645 4.236097 1.805849 -16.767814 111.295449 -1.576788 0.618301
Car -1 -1 1.168777 1811.902832 165.715073 1894.456543 213.226608 1.700635 1.722115 4.479056 42.893668 -17.005152 106.055718 1.553109 0.368659
Car -1 -1 1.985101 1738.249268 206.751358 1830.902100 258.055084 1.430031 1.726091 4.231122 32.324109 -12.255306 86.443375 2.342937 0.415664
Car -1 -1 -1.930633 1756.236816 173.117294 1825.184082 211.602570 1.354280 1.454075 4.227969 39.407414 -16.839607 104.767496 -1.570862 0.579498
Car -1 -1 -1.589315 966.360352 135.691132 995.382751 167.287598 2.085189 1.992756 4.625862 1.150748 -31.377858 175.549866 -1.582760 0.249516
Car -1 -1 -1.766959 1293.530518 217.658783 1351.160767 258.079102 1.184965 1.499265 4.251780 15.169035 -13.110221 92.846783 -1.605013 0.830706
Car -1 -1 2.783037 1725.807739 165.809616 1823.443359 203.404297 1.505484 1.832500 3.757329 40.894031 -18.184553 111.124147 3.135659 0.164616
Car -1 -1 1.141726 1878.632690 172.626419 1919.194824 213.146912 1.443639 1.183813 4.247177 45.230173 -16.730308 104.470592 1.550308 0.407172
Car -1 -1 1.767092 402.475922 178.336212 446.300537 212.285889 1.538610 1.756112 4.259058 -34.718161 -22.478504 140.416875 1.524703 0.332211
Car -1 -1 2.846176 1594.205322 149.992111 1682.402344 182.249680 1.489718 1.816641 3.819366 39.523733 -22.350638 129.230095 -3.140203 0.088028
Car -1 -1 -2.767314 0.000000 205.062088 61.152355 241.081970 1.404512 1.803623 3.766652 -49.951945 -16.927970 114.912925 3.105819 0.102194
