Car -1 -1 -1.201855 1606.574707 441.882141 1827.309692 628.488586 1.527257 1.149590 4.554792 10.470311 0.200042 38.708862 -0.937687 2.531979
Car -1 -1 -1.611136 884.572754 676.406372 1106.046265 893.641113 0.802236 1.753894 4.215568 0.093505 2.237991 26.384210 -1.607592 2.445556
Car -1 -1 3.082225 1597.543091 321.509583 1815.422607 398.778137 1.251509 1.881077 4.335397 16.467100 -3.894359 62.223938 -2.942248 2.707679
Car -1 -1 -1.480978 498.187561 767.669556 762.014160 1027.889038 0.683457 1.685792 4.246096 -2.746183 2.765778 22.781899 -1.600941 2.967368
Car -1 -1 -1.733804 1205.957031 745.526001 1488.380981 979.371155 0.650590 1.588031 4.226112 3.128458 2.615542 24.119246 -1.604816 3.220163
Car -1 -1 1.877481 43.410706 277.339417 155.959000 348.365601 1.301368 1.417093 4.232036 -23.231124 -5.842519 73.156717 1.569999 1.329910
Car -1 -1 1.840254 162.656616 278.844177 269.974365 353.915985 1.332851 1.423222 4.230270 -19.661063 -5.593896 71.411177 1.571589 1.232399
Car -1 -1 1.728786 425.516907 157.519180 473.498169 207.444870 1.961643 1.387589 4.535858 -26.089658 -17.165380 136.264564 1.539613 0.264554
Car -1 -1 1.683651 566.341919 140.917221 596.311646 166.360779 1.474097 1.508952 4.315864 -26.711394 -25.792010 185.853328 1.540905 0.104817
Car -1 -1 1.686085 619.552246 137.747452 650.228333 166.853882 1.393515 1.633630 4.229042 -22.829234 -25.573572 183.167547 1.562088 0.128132
