Car -1 -1 2.669059 1315.382690 385.662140 1584.704224 484.828949 1.255070 1.885492 4.233021 10.124554 -1.878835 43.536018 2.897553 4.868495
Car -1 -1 2.835391 0.000000 423.110352 303.133942 558.522034 1.333539 1.871714 4.242666 -13.157831 -0.584992 36.265621 2.487343 4.216878
Car -1 -1 1.844733 305.040497 255.084869 401.384888 319.534637 1.285202 1.522704 4.253276 -17.844565 -7.404269 66.595262 1.582928 1.318258
Car -1 -1 2.914898 1184.797974 345.085815 1412.072632 431.512329 1.369137 1.865509 4.376768 8.135566 -3.181235 49.880641 3.076575 3.196717
Car -1 -1 1.920660 57.813400 259.721191 166.482300 325.321533 1.304062 1.441507 4.254145 -25.166177 -7.243557 66.629535 1.559521 1.273223
Car -1 -1 1.830721 280.007324 220.290207 362.044495 276.815308 1.394305 1.475859 4.239270 -21.922821 -9.943301 77.586875 1.555342 1.081640
Car -1 -1 1.872323 187.020615 256.145905 286.780365 320.090240 1.275756 1.438309 4.251557 -21.497410 -7.441374 67.037092 1.562003 1.231319
Car -1 -1 1.736994 513.504456 175.786926 569.491760 221.312134 1.531279 1.668528 4.239491 -18.219404 -15.083384 99.941698 1.556674 0.711265
Car -1 -1 1.890302 145.557800 228.361343 243.150391 290.449554 1.451944 1.505586 4.228830 -25.211462 -9.077249 74.046784 1.562133 0.998771
Car -1 -1 1.865869 268.837433 193.251144 348.414337 246.916382 1.642859 1.695192 4.271469 -25.372997 -12.316657 87.971575 1.585067 0.613982
Car -1 -1 1.791421 362.781677 203.126495 431.266266 249.534042 1.304739 1.560744 4.233746 -21.581809 -12.109006 86.994977 1.548249 0.965632
Car -1 -1 1.774228 443.732788 206.220337 510.601746 254.803650 1.339062 1.554700 4.238438 -18.166054 -11.758342 85.823729 1.565640 0.968488
Car -1 -1 1.751390 501.496704 153.433456 555.451233 193.300446 1.624219 1.747917 4.258262 -22.027409 -19.027070 117.259327 1.565702 0.465312
Car -1 -1 1.779709 396.786835 163.900391 459.092987 209.262161 1.702007 1.872391 4.355399 -24.976183 -16.611768 106.706611 1.549784 0.537993
Car -1 -1 1.662671 637.173828 129.214615 678.140198 164.683121 1.833436 2.041098 4.242497 -18.557890 -25.001385 143.576910 1.534130 0.322648
Car -1 -1 1.811347 332.690582 145.235443 382.819458 179.636963 1.553849 1.652314 4.249265 -34.333476 -21.637280 128.900010 1.551033 0.275440
