Car -1 -1 -1.517993 689.216980 701.527283 896.309509 901.125244 0.755661 1.757836 4.300521 -1.972382 2.496302 28.414464 -1.587297 1.823378
Car -1 -1 1.717371 526.585693 284.703186 617.995056 371.186737 1.627797 1.597489 4.249262 -10.903758 -5.381270 71.942584 1.566954 1.133532
Car -1 -1 1.798144 283.031830 283.391571 392.908783 368.904419 1.629651 1.739507 4.318570 -17.267899 -5.528035 73.053046 1.566030 0.882614
Car -1 -1 1.663566 656.654968 292.526672 739.268616 375.278259 1.499481 1.605461 4.239167 -7.519037 -5.221553 70.934461 1.557960 1.267591
Car -1 -1 -1.672462 1056.018433 843.239502 1332.540649 1078.751221 0.951597 1.773348 4.386920 1.594902 3.733484 23.500883 -1.604700 3.106046
Car -1 -1 -1.788144 1353.817139 807.926941 1718.892212 1079.693237 1.186389 1.995360 4.331559 4.525591 3.682691 23.893671 -1.600956 3.984990
Car -1 -1 1.746450 405.146576 297.169891 501.012756 368.029449 1.276591 1.586254 4.239380 -14.250037 -5.571010 73.356433 1.554582 1.058525
Car -1 -1 -1.565175 931.602112 222.397766 986.616577 275.371826 1.425034 1.862429 4.260649 -1.214895 -10.888885 102.656186 -1.577009 0.918171
Car -1 -1 1.691251 569.917297 232.874405 660.748901 331.326630 2.240514 1.844790 4.796847 -10.949578 -7.109397 80.475647 1.556021 0.328906
Car -1 -1 1.766215 398.093689 242.596375 477.642395 306.374268 1.475048 1.559365 4.239209 -17.670242 -8.496015 88.343056 1.568801 1.117184
Car -1 -1 1.663056 692.244751 236.586243 764.484680 312.767822 1.844801 1.775973 4.248928 -8.324652 -8.243093 87.646604 1.568361 0.798353
Car -1 -1 1.764020 355.874146 272.116852 439.500366 337.152893 1.328576 1.432038 4.248586 -17.347669 -6.923637 80.739400 1.552377 1.067079
Car -1 -1 -1.565943 931.724976 161.126022 967.094727 193.742279 1.384017 1.841914 4.265143 -2.333718 -20.334132 152.916762 -1.581204 0.442028
Car -1 -1 1.730795 469.288086 273.701782 546.324158 338.085144 1.295826 1.420356 4.249030 -14.038424 -6.865265 80.243064 1.557599 1.194241
Car -1 -1 1.725992 495.383545 235.692856 572.042236 301.902863 1.619826 1.645273 4.251665 -14.606729 -8.581732 88.285257 1.562028 0.993433
Car -1 -1 -1.567529 940.158081 145.029755 970.486389 170.264389 1.334244 1.804060 4.224585 -2.375961 -25.134505 178.430528 -1.580844 0.286952
Car -1 -1 1.631485 738.695007 210.922531 794.135864 264.604736 1.488816 1.672044 4.242640 -8.176476 -10.915427 99.704495 1.549661 0.511232
