Car -1 -1 -1.829093 1395.142090 673.874207 1676.155884 908.963135 0.831516 1.631127 4.319325 5.814084 2.342331 22.947012 -1.580945 3.926538
Car -1 -1 -1.679830 1074.897461 613.462097 1285.522217 888.265259 1.384140 1.672234 4.231659 2.190788 2.244999 23.491168 -1.586839 4.143418
Car -1 -1 -1.540217 763.852722 678.140381 953.283630 880.845215 0.667763 1.720811 4.230338 -1.115536 2.249649 24.023216 -1.586619 3.443991
Car -1 -1 1.799527 387.396973 268.849670 478.787598 347.814880 1.766373 1.528246 4.443237 -17.081740 -7.412762 70.519547 1.561878 0.892450
Car -1 -1 -1.490238 593.087952 877.390198 879.022705 1078.247437 0.774946 1.756524 4.217077 -1.727219 3.792626 17.715632 -1.587427 4.351501
Car -1 -1 1.187996 1810.990112 164.373093 1893.867798 214.570679 1.762120 1.818216 4.496500 42.358315 -16.753504 104.772137 1.572195 0.284694
Car -1 -1 -1.926121 1754.323730 172.238892 1824.612061 211.324905 1.343203 1.489161 4.264206 39.332984 -16.824808 104.665973 -1.566653 0.523935
Car -1 -1 1.985571 1736.088257 206.276352 1832.244507 260.703674 1.478633 1.823661 4.213914 32.194160 -12.157198 86.196577 2.343024 0.258563
Car -1 -1 1.817547 330.670868 199.772217 383.072418 234.265106 1.348996 1.506891 4.228132 -34.043092 -18.522790 122.359821 1.546188 0.479115
Car -1 -1 2.774869 1723.343994 164.335220 1820.834351 202.290878 1.472557 1.834118 3.776689 40.942600 -18.341997 111.657552 3.126325 0.130726
Car -1 -1 1.205466 1871.439697 170.846756 1919.156128 211.105896 1.450125 1.583796 4.212678 45.179533 -16.943343 105.349270 1.610597 0.370202
Car -1 -1 2.863349 1558.379883 139.252609 1636.924194 174.632767 1.885249 1.886136 4.023012 39.785056 -24.273611 138.269285 -3.139669 0.128855
Car -1 -1 -2.771635 49.453182 196.976151 127.796722 224.997925 1.162671 1.827434 3.211126 -48.052141 -18.426507 119.627478 3.129595 0.098579
