Car -1 -1 -0.239820 223.212814 396.402740 500.869141 494.983948 1.168304 1.840501 4.520373 -11.951383 -1.821573 52.407084 -0.464035 3.807906
Car -1 -1 -1.760628 1305.546631 738.011841 1553.231812 961.751892 0.831802 1.461414 4.218158 4.150061 2.860041 26.943650 -1.607802 3.294881
Car -1 -1 0.851363 684.960205 286.923096 839.968750 368.855774 1.533771 1.845660 3.689253 -6.022907 -5.471243 72.381732 0.768344 0.876104
Car -1 -1 -1.498459 612.636353 841.911926 870.007141 1079.964844 1.023486 1.739070 4.243249 -2.011533 3.743900 23.187689 -1.584993 4.032963
Car -1 -1 1.749088 383.701935 310.595428 479.714600 385.106171 1.261475 1.451517 4.237394 -14.053635 -4.876853 69.432680 1.549379 1.302346
Car -1 -1 -1.670520 1037.866089 802.978821 1321.850220 1078.825073 1.334927 1.834715 4.438188 1.482840 3.781222 23.650800 -1.607905 1.847390
Car -1 -1 1.791055 263.413361 294.431152 372.122650 380.917267 1.576200 1.615380 4.242161 -17.188990 -5.070212 70.657234 1.552418 1.233566
Car -1 -1 -1.377864 904.401245 303.200775 998.233948 374.994507 1.223821 1.648267 4.260514 -1.033387 -5.272096 71.609912 -1.392293 0.963282
Car -1 -1 1.711329 519.276245 303.255096 610.685974 377.587921 1.310058 1.594685 4.244501 -10.935604 -5.157297 70.988218 1.558482 1.051603
Car -1 -1 -1.574525 931.307800 190.933746 978.656982 234.357376 1.504558 1.861018 4.238909 -1.653728 -14.483266 121.210963 -1.588167 0.814848
Car -1 -1 -1.570245 952.019714 257.531921 1012.147461 315.693329 1.248029 1.681664 4.225500 -0.330871 -8.007375 86.125748 -1.574086 1.018100
Car -1 -1 1.787535 342.768463 279.950012 428.389008 349.699738 1.392248 1.348063 4.244964 -16.901054 -6.282827 77.178365 1.571951 1.108193
Car -1 -1 1.741072 470.395142 248.893890 555.919495 327.319214 1.756566 1.564042 4.430821 -14.411769 -7.461954 83.489939 1.570139 0.594081
Car -1 -1 -1.555758 883.810852 146.590149 916.138672 179.321716 1.584123 1.750434 4.265842 -5.624516 -23.269722 168.685211 -1.589089 0.394566
Car -1 -1 1.761982 431.622864 291.330200 510.394501 356.437836 1.229250 1.186266 4.255635 -14.384856 -6.063305 76.378785 1.575827 0.644042
Car -1 -1 1.675511 592.400269 243.904739 667.933289 318.232117 1.726378 1.731784 4.234522 -11.125794 -7.829635 85.062239 1.545453 0.702830
Car -1 -1 1.785499 402.873169 258.435364 475.201965 312.185120 1.174410 1.271016 4.234993 -17.319613 -8.098229 86.596710 1.588101 0.682408
Car -1 -1 -1.584023 983.163391 140.505325 1012.908325 166.728195 1.470145 1.811167 4.243804 0.291169 -25.938249 182.893902 -1.582431 0.255235
Car -1 -1 -1.593029 989.027405 155.619720 1023.734131 184.425583 1.357803 1.852458 4.263024 0.831726 -22.183685 163.182443 -1.587932 0.334226
Car -1 -1 -1.408221 1086.612671 160.113556 1138.925537 198.880432 1.760900 2.014676 4.364908 6.850554 -20.126455 153.421363 -1.363598 0.095120
Car -1 -1 1.617143 756.277954 136.223846 787.547302 162.898376 1.484268 1.800286 4.245620 -15.358734 -27.576776 192.442263 1.537503 0.335206
Car -1 -1 -1.614490 1087.904663 138.109055 1120.670288 165.111710 1.577152 1.891391 4.259825 7.488109 -26.498540 186.110070 -1.574276 0.148392
