Car -1 -1 -1.382773 260.750214 787.577881 541.589539 1051.567383 0.855881 1.532255 4.232833 -5.120085 3.211078 24.479529 -1.588958 2.484174
Car -1 -1 0.911952 705.492065 283.481445 853.214783 362.941010 1.517579 1.856046 3.756980 -5.706565 -5.711163 73.776306 0.834756 0.379251
Car -1 -1 1.655466 640.076050 300.234589 728.399292 390.336853 1.585432 1.680282 4.269262 -7.509360 -4.644276 67.697682 1.544992 0.853964
Car -1 -1 -1.570513 943.609192 236.834595 999.154358 291.315887 1.347185 1.745706 4.232542 -0.724226 -9.672784 95.780063 -1.578075 1.234446
Car -1 -1 -1.545147 842.219727 246.750610 905.033508 308.416229 1.432731 1.721579 4.228523 -3.755169 -8.396755 88.126585 -1.587732 1.125258
Car -1 -1 -1.608974 1026.301880 210.376297 1086.378906 264.424561 1.617229 1.966485 4.237648 2.415385 -11.531406 105.278207 -1.586035 0.722538
Car -1 -1 -1.619486 1059.279175 291.405609 1134.484009 359.109863 1.235983 1.784224 4.268430 2.828426 -5.973315 75.614149 -1.582097 1.491160
Car -1 -1 -1.575457 943.395508 177.913177 982.729736 225.610336 1.805923 1.538617 4.600350 -1.329318 -15.348221 125.752158 -1.586027 0.336239
Car -1 -1 -1.589443 1013.409851 186.580582 1059.669556 226.040314 1.421772 1.816504 4.259001 2.036068 -15.529311 127.068633 -1.573421 0.735339
Car -1 -1 -1.570022 939.959106 141.255707 969.754944 168.459366 1.388293 1.728301 4.244432 -2.497612 -26.020928 183.807172 -1.583610 0.328583
Car -1 -1 -1.580060 997.862000 167.654388 1033.548340 200.399109 1.372265 1.729778 4.248678 1.226217 -19.090889 146.030682 -1.571664 0.445664
Car -1 -1 -1.571617 965.709473 157.783127 1000.565369 190.193649 1.436469 1.752080 4.252451 -0.536964 -21.456990 159.819903 -1.574977 0.238120
Car -1 -1 1.681320 685.494446 262.889984 755.832886 318.477814 1.209343 1.470932 4.263191 -8.094443 -7.585624 82.848222 1.583927 0.892470
Car -1 -1 -1.624055 1095.533691 135.351791 1129.509277 163.803436 1.639117 2.064828 4.244795 8.302791 -27.289197 191.044717 -1.580623 0.129794
Car -1 -1 1.662294 716.050415 240.244019 779.017517 292.836212 1.277198 1.701915 4.248031 -7.931965 -8.992962 89.909895 1.574301 0.484101
Car -1 -1 -1.594686 984.371826 134.307999 1012.556824 159.813004 1.441125 1.848741 4.234081 0.404247 -27.904569 193.742756 -1.592599 0.158064
Car -1 -1 1.656099 739.559143 200.361984 794.401611 250.224030 1.520790 1.787434 4.237473 -8.911297 -12.506828 109.471313 1.574875 0.382796
Car -1 -1 -1.590160 993.641602 141.748642 1022.089844 166.237686 1.326274 1.770184 4.234737 1.219147 -25.151445 177.833162 -1.583304 0.140968
Car -1 -1 -1.667901 1129.943604 151.905518 1168.562500 185.743317 1.597011 1.959872 4.251139 9.597110 -22.745232 167.569056 -1.610691 0.088536
