Car -1 -1 -0.333677 1490.573853 364.917755 1773.133057 497.764618 1.952783 1.896380 4.438627 13.495244 -1.578195 43.063325 -0.029989 5.753405
Car -1 -1 1.884207 152.887039 244.265503 264.132538 324.858582 1.684173 1.554164 4.735858 -21.948144 -7.192576 65.846321 1.562465 0.895557
Car -1 -1 1.828604 299.085693 237.516235 389.280731 321.401672 1.776592 1.339101 4.402666 -18.055790 -7.360013 66.454462 1.563307 0.906460
Car -1 -1 -1.648755 966.510376 861.137878 1245.436401 1078.375122 0.849576 1.840859 4.261930 1.273185 3.947522 18.826162 -1.581230 4.076648
Car -1 -1 -1.539515 909.982849 241.809875 981.763245 320.513611 1.717598 1.851988 4.360996 0.186069 -7.441041 67.316498 -1.536751 0.755752
Car -1 -1 1.782168 421.902496 211.633591 491.994873 264.610413 1.352074 1.468007 4.232153 -17.878197 -10.807517 81.038977 1.565034 1.108128
Car -1 -1 1.927196 61.306320 255.632462 170.953430 320.488800 1.316895 1.460820 4.252659 -25.301823 -7.447377 67.292262 1.567550 1.278779
Car -1 -1 1.795225 366.623718 233.981506 443.755188 291.468170 1.311360 1.428748 4.236144 -18.009936 -9.039155 73.851196 1.556026 1.295136
Car -1 -1 1.856566 259.333099 227.511688 339.104095 287.843994 1.413579 1.292600 4.236405 -22.021420 -9.376092 75.479147 1.572690 0.952148
Car -1 -1 1.818395 325.169098 202.967621 400.434021 256.005493 1.441672 1.534011 4.248634 -22.000931 -11.434927 83.574439 1.560986 0.981635
Car -1 -1 1.760926 466.706573 197.819794 529.016724 245.283600 1.372227 1.454489 4.238652 -17.919011 -12.504068 88.747253 1.561694 0.779430
Car -1 -1 1.872823 232.098343 200.242142 318.289032 259.868958 1.749655 1.427867 4.552020 -25.323289 -11.248445 83.432388 1.578142 0.585629
Car -1 -1 1.772965 438.702728 177.701370 501.095184 221.941025 1.388131 1.621022 4.242780 -21.042117 -14.765729 97.960755 1.561379 0.664625
Car -1 -1 1.879757 148.501282 236.607239 239.049515 290.765717 1.487826 1.406931 4.419332 -24.955516 -8.761786 73.221116 1.551280 0.337673
