Car -1 -1 -1.633554 960.644775 538.005371 1119.680908 706.209595 1.100309 1.815233 4.214834 1.312049 1.183747 30.782267 -1.590956 3.681895
Car -1 -1 1.240392 395.096161 338.815033 537.807556 433.152832 1.169011 1.440235 4.546257 -10.383156 -3.182154 47.652831 1.025854 1.017903
Car -1 -1 1.542610 353.198090 302.893524 439.034851 387.605591 1.277215 1.561963 4.247736 -13.405017 -4.548525 53.853542 1.298652 0.922335
Car -1 -1 1.937566 87.193115 271.407684 203.899185 350.339355 1.396713 1.086390 4.651869 -21.403918 -5.854628 59.163535 1.590440 0.979038
Car -1 -1 -1.647758 1053.850830 229.186676 1119.362915 288.329651 1.372471 1.876490 4.242233 5.072262 -9.484323 76.493491 -1.581545 1.132845
Car -1 -1 1.705651 589.151611 180.243240 642.401489 221.983154 1.316006 1.616905 4.243035 -14.423487 -14.634007 97.290174 1.558471 0.695861
Car -1 -1 -1.558731 858.240967 168.508713 899.798645 205.417923 1.372701 1.880957 4.244661 -3.064095 -17.179738 109.280271 -1.586763 0.821855
Car -1 -1 1.736790 517.000122 150.847092 564.285828 186.414444 1.516420 1.682425 4.244003 -22.419368 -20.255910 122.700659 1.556068 0.510797
Car -1 -1 1.900168 114.543350 245.008270 215.820267 311.431824 1.373749 1.469766 4.363210 -24.689530 -8.057381 69.832089 1.560329 0.677911
Car -1 -1 1.674392 614.707092 138.588272 652.149292 167.169601 1.404667 1.814180 4.238964 -19.595147 -24.185445 139.727467 1.535062 0.529940
Car -1 -1 -1.566149 892.784119 99.947449 917.003418 126.577644 1.933443 1.785229 4.497420 -3.220079 -37.473035 197.307692 -1.582467 0.202228
Car -1 -1 1.679528 633.079956 110.455322 661.666260 136.620956 1.601755 1.888296 4.206289 -25.373194 -35.469220 190.180668 1.546895 0.233515
Car -1 -1 -1.609403 975.376953 116.833618 1000.033752 138.916763 1.480001 1.835640 4.235320 3.954451 -33.858654 183.344373 -1.587838 0.189292
Car -1 -1 -1.604899 934.957458 112.154495 959.440918 135.308228 1.492229 1.720680 4.249684 0.544746 -34.525051 185.315841 -1.601959 0.259238
