Car -1 -1 -1.636302 949.760559 801.634521 1187.850342 1075.626709 0.570769 1.677650 4.260120 1.022858 3.281376 19.714904 -1.584466 4.765277
Car -1 -1 -1.327006 174.617401 697.396912 468.420746 964.343750 0.893660 1.600831 4.444643 -5.979387 2.751718 21.672219 -1.596209 2.803383
Car -1 -1 1.851101 176.065262 245.551300 279.256104 318.764984 1.574717 1.631083 4.243558 -22.036579 -7.568495 67.877711 1.537184 1.312425
Car -1 -1 -1.479044 520.760742 729.651550 786.321167 1015.822571 0.938318 1.889237 4.282358 -2.569961 3.026814 20.728845 -1.602395 3.043223
Car -1 -1 1.929169 51.819469 255.275742 155.032104 323.651398 1.391097 1.299046 4.227459 -25.559958 -7.315256 66.968800 1.564564 1.580155
Car -1 -1 -1.841042 1324.613647 797.246277 1651.529907 1072.537476 0.591144 1.602428 4.268555 4.788201 3.273080 19.823133 -1.604035 3.834107
Car -1 -1 1.777012 437.052643 213.163315 502.818054 262.049255 1.283160 1.406822 4.239760 -17.843435 -11.147632 83.053993 1.565388 0.981144
Car -1 -1 1.729668 514.550049 181.069199 569.400024 224.300537 1.442199 1.493922 4.234204 -18.009519 -14.781640 98.794021 1.549355 0.791544
Car -1 -1 -1.502031 902.263794 252.486618 975.068665 316.592560 1.325038 1.736021 4.236905 -0.020487 -7.626627 67.978041 -1.502332 1.062384
Car -1 -1 1.774952 376.628296 232.643921 453.137390 287.130920 1.283336 1.496798 4.241680 -17.939426 -9.277694 74.851727 1.539723 1.411859
Car -1 -1 1.819863 304.803101 243.319061 396.905396 317.076385 1.560552 1.466443 4.237211 -18.229079 -7.624198 67.699258 1.556836 1.234694
Car -1 -1 1.823190 329.018616 207.265717 401.759918 258.952454 1.378012 1.586319 4.234499 -22.001309 -11.373032 83.856178 1.566603 0.830805
Car -1 -1 1.888789 145.069061 228.000229 227.172867 287.073364 1.461007 1.171754 4.201865 -26.125034 -9.395825 75.998941 1.557688 0.264323
Car -1 -1 1.762571 456.668091 168.179443 514.813965 209.805847 1.504620 1.700961 4.268755 -22.541872 -16.899338 108.422243 1.557583 0.520554
Car -1 -1 1.725271 542.864868 166.854095 590.577087 207.349579 1.484509 1.580061 4.254390 -18.305975 -16.779983 107.190252 1.556123 0.557960
Car -1 -1 1.760031 459.608948 191.222260 520.770569 239.034500 1.412475 1.607447 4.226558 -18.661632 -13.046566 90.945677 1.557645 0.738474
Car -1 -1 1.853648 244.120178 233.383850 325.989288 292.051483 1.292345 1.371094 4.258173 -21.857579 -8.981387 73.439182 1.564369 1.173389
Car -1 -1 1.791083 383.011414 197.517700 445.914398 242.921371 1.332880 1.532223 4.243925 -22.314751 -13.229798 92.834501 1.555186 1.000259
Car -1 -1 1.868878 212.331772 210.074005 290.861237 262.448761 1.388845 1.520069 4.236472 -26.219171 -11.205577 83.447210 1.564445 0.987915
Car -1 -1 1.845557 290.533020 193.678055 360.933105 241.268509 1.437033 1.542559 4.219336 -25.375375 -12.878631 90.418126 1.571951 0.757862
Car -1 -1 1.805947 341.029968 184.215775 398.183411 222.299088 1.203635 1.448454 4.230641 -25.263475 -14.619455 97.393818 1.552146 0.646223
Car -1 -1 -1.731051 1150.400513 145.153503 1190.897095 175.302200 1.514182 1.796170 4.233866 13.760751 -22.142665 130.685575 -1.626141 0.338085
Car -1 -1 1.821401 280.270020 152.671036 332.101440 189.223969 1.538632 1.610251 4.239183 -36.016312 -20.421411 124.183395 1.539120 0.446620
Car -1 -1 1.716278 556.914368 145.891907 604.186523 187.492996 1.672105 1.819057 4.251469 -20.277960 -20.389935 122.850100 1.552691 0.287815
Car -1 -1 1.659783 644.578735 142.828842 680.851501 174.439438 1.443971 1.605403 4.222147 -16.676306 -22.332731 132.169932 1.534273 0.277424
