Car -1 -1 -1.531930 695.049316 824.293335 930.419067 1076.117676 0.655291 1.724523 4.252838 -1.477809 3.288203 23.785373 -1.593981 2.990307
Car -1 -1 -1.794098 1369.982910 833.009766 1656.296387 1075.592163 0.600811 1.471384 4.219496 4.452484 3.345293 24.218948 -1.612285 2.859154
Car -1 -1 -1.674399 1051.890015 836.746948 1314.320557 1079.381104 1.086349 1.693960 4.249959 1.506652 3.812614 23.513135 -1.610409 3.023042
Car -1 -1 1.727218 479.118286 256.936005 567.282837 322.972412 1.421863 1.769930 4.262587 -14.224001 -7.608634 83.931757 1.559342 1.118213
Car -1 -1 1.644795 668.660889 278.169769 735.630981 343.896484 1.280706 1.435444 4.246546 -8.147577 -6.505763 77.745329 1.540378 0.974467
Car -1 -1 -1.392414 150.591187 915.655518 520.533813 1078.921875 0.974268 1.819917 4.276509 -4.858996 4.119413 21.207539 -1.617643 2.745056
Car -1 -1 -1.561658 932.779724 167.693420 972.217041 207.967789 1.665283 1.838656 4.260251 -1.996079 -17.932700 139.879397 -1.575927 0.505321
Car -1 -1 -1.606573 1091.963501 138.516861 1122.894775 164.943787 1.551982 1.951713 4.258502 7.728170 -26.633421 186.877267 -1.565243 0.194443
Car -1 -1 1.643417 740.495483 162.387161 782.071350 196.193008 1.415715 1.787725 4.256267 -12.292638 -19.441376 147.059169 1.560021 0.337896
Car -1 -1 1.638998 733.336670 137.881927 765.995789 165.936783 1.567620 1.833662 4.225618 -16.608393 -26.822732 188.449461 1.551094 0.298473
