Car -1 -1 -1.622385 1008.697449 631.676331 1191.917847 820.970337 0.997892 1.741749 4.240366 1.162013 2.088795 32.202679 -1.586316 2.903827
Car -1 -1 -1.536036 820.380920 323.034363 907.502319 411.051392 1.353944 1.734726 4.230519 -2.999033 -4.054290 64.845018 -1.582252 1.245827
Car -1 -1 -1.524514 780.452576 516.484619 917.029358 662.580933 1.117480 1.690009 4.216297 -1.987198 0.679916 39.101065 -1.575293 2.976997
Car -1 -1 -1.945375 90.771629 527.008972 325.153229 671.423950 1.061003 1.676169 3.853726 -11.157357 0.772061 39.192163 -2.222721 0.419943
Car -1 -1 1.780762 281.929199 295.753387 385.921692 377.863953 1.505992 1.515415 4.254079 -16.837925 -5.143981 70.902452 1.547601 1.212020
Car -1 -1 -1.631038 1068.737915 294.094421 1146.310059 360.592194 1.215605 1.718431 4.232498 3.088894 -5.853227 74.799344 -1.589766 1.649505
Car -1 -1 1.644407 639.792969 300.548920 726.292053 389.241425 1.544211 1.711795 4.248836 -7.594253 -4.707001 68.103006 1.533355 1.197163
Car -1 -1 -1.589566 980.310730 371.561005 1076.338623 461.970306 1.158134 1.734699 4.256322 0.708001 -2.597215 56.930455 -1.577130 1.511063
Car -1 -1 -1.589546 957.290222 282.131226 1032.445068 348.142487 1.249568 1.861877 4.272309 0.060063 -6.336489 77.042363 -1.588766 1.248521
Car -1 -1 -1.554864 875.488098 179.137970 919.299744 222.635330 1.619223 1.792696 4.272420 -4.428786 -15.876924 128.587665 -1.589292 0.535147
Car -1 -1 1.304646 683.665527 287.729401 785.719788 360.506439 1.332536 1.535489 4.237542 -6.993587 -5.803416 74.011328 1.210433 0.634802
Car -1 -1 -1.577003 948.769653 190.099533 993.560669 234.550690 1.506194 1.801717 4.247841 -0.949551 -14.722688 123.059884 -1.584719 0.659359
Car -1 -1 -1.583403 1038.201660 216.926926 1090.255615 263.421265 1.360986 1.734524 4.248383 2.773929 -11.797917 107.430722 -1.557589 0.706536
Car -1 -1 -1.546555 854.205627 276.166504 926.267700 342.057220 1.266099 1.773054 4.257862 -2.910105 -6.725400 79.478080 -1.583154 1.218847
Car -1 -1 1.663237 693.601807 248.837875 764.456970 311.492828 1.369360 1.711034 4.251789 -8.121649 -8.085140 85.406981 1.568428 1.075544
Car -1 -1 -1.425256 1061.148071 170.154205 1105.515259 204.739960 1.356640 1.592595 4.231359 4.724909 -18.567182 143.344755 -1.392306 0.270797
Car -1 -1 -1.558252 882.458130 147.091782 914.458008 175.409821 1.372187 1.743024 4.236214 -5.842484 -23.913327 171.603872 -1.592285 0.371410
Car -1 -1 -1.612010 998.597168 141.625656 1028.765259 169.286133 1.485841 1.785753 4.247272 1.379541 -25.646317 181.713697 -1.604419 0.284619
Car -1 -1 -1.572670 939.204956 146.628677 972.054016 181.436752 1.709361 1.690454 4.371332 -2.256406 -22.999553 167.638312 -1.586129 0.201539
Car -1 -1 -1.577139 973.008484 158.403824 1011.488342 192.178772 1.551239 1.927809 4.256126 -0.009306 -21.348675 159.764553 -1.577198 0.242802
