Car -1 -1 1.222464 372.309601 327.451508 523.990845 437.911163 1.497029 1.604840 4.312573 -10.757243 -3.079473 47.622370 1.000307 0.518010
Car -1 -1 1.738440 316.549561 308.414856 411.633698 391.228424 1.233377 1.375337 4.253819 -14.243758 -4.491873 54.255960 1.481705 0.652736
Car -1 -1 -1.637396 1003.502136 194.036499 1056.812622 238.429092 1.329028 1.909122 4.261915 3.796215 -13.422173 93.320685 -1.596739 0.772372
Car -1 -1 -1.631428 1039.156616 245.784286 1103.982666 304.365479 1.279082 1.736555 4.250971 4.285077 -8.442032 72.064204 -1.572036 1.494032
Car -1 -1 -1.594261 931.507874 172.645111 974.463745 212.769562 1.510926 1.845413 4.256035 0.599113 -16.507599 107.211615 -1.588672 0.771016
Car -1 -1 1.748530 482.937622 157.440796 537.613403 201.327164 1.710073 1.700515 4.335529 -21.880221 -17.744843 111.521333 1.554793 0.457804
Car -1 -1 -1.569036 903.609436 144.216675 939.006775 176.905319 1.512636 1.825921 4.275393 -1.139130 -22.436894 132.700559 -1.577620 0.427441
Car -1 -1 -1.566304 874.225647 134.218887 906.354309 163.243607 1.416571 1.799696 4.274145 -3.343148 -25.470468 145.842181 -1.589223 0.457084
Car -1 -1 -1.646596 991.139954 164.620255 1033.341187 200.861191 1.359628 1.679321 4.259901 3.741174 -18.302423 114.867856 -1.614038 0.576518
Car -1 -1 -1.610540 964.243286 108.255989 988.274536 130.410339 1.647217 1.778103 4.290443 3.389931 -37.727550 200.644975 -1.593647 0.182947
Car -1 -1 -1.593970 936.473938 128.029572 967.484070 157.687286 1.600266 1.824797 4.257452 0.846921 -27.457648 154.892827 -1.588502 0.278331
Car -1 -1 1.677775 639.729248 118.308563 670.821411 144.874146 1.569444 1.824911 4.248393 -22.427525 -31.379248 171.741527 1.547921 0.244303
Car -1 -1 -1.648610 993.415649 148.223953 1028.266479 178.624207 1.544836 1.792775 4.267744 4.002646 -21.818378 129.329035 -1.617671 0.297605
Car -1 -1 1.719129 553.162903 132.410782 591.076904 159.607254 1.434965 1.721464 4.239241 -25.178614 -26.315772 149.534307 1.552313 0.294361
