Car -1 -1 -1.703733 1291.741943 579.352844 1511.592773 798.244385 1.159286 1.861442 4.542568 5.544852 1.839683 26.866129 -1.500202 2.504331
Car -1 -1 1.863316 164.460342 289.738586 292.171570 374.941406 1.287135 1.431025 4.633512 -17.745809 -4.929201 54.717700 1.549703 0.816897
Car -1 -1 -1.634731 950.174500 761.570374 1173.348877 1010.941650 0.625057 1.698194 4.249351 1.064483 3.103206 21.454188 -1.585155 3.730424
Car -1 -1 -1.471693 509.465363 803.657593 782.934937 1078.951050 0.864950 1.834592 4.222243 -2.520485 3.596641 19.846114 -1.598018 4.073948
Car -1 -1 -1.606074 936.870728 307.180481 1017.698425 385.075500 1.202574 1.770044 4.240355 0.916104 -4.752059 55.960613 -1.589705 1.800116
Car -1 -1 -1.725119 1368.618530 257.747772 1445.416260 315.351837 1.145451 1.497462 4.236805 15.181005 -8.061127 71.285513 -1.515293 0.991760
Car -1 -1 -1.590593 1383.584839 321.383545 1467.007080 399.477234 1.092688 1.549483 4.215450 11.827901 -4.239203 53.442423 -1.372784 1.350144
Car -1 -1 -1.589003 933.331116 169.500946 973.669678 207.025070 1.372190 1.862082 4.257900 0.647059 -17.364869 110.784420 -1.583162 0.765381
Car -1 -1 -1.604995 934.563354 114.886177 959.540710 137.782211 1.558817 1.861900 4.232904 0.520470 -35.081251 189.296577 -1.602246 0.327984
Car -1 -1 1.806536 323.140961 147.794724 370.697876 179.770279 1.379845 1.455791 4.248092 -35.623100 -22.064768 131.165356 1.541344 0.399408
Car -1 -1 1.860133 225.446213 162.151581 291.700287 207.897430 1.609092 1.636178 4.269934 -34.518419 -17.371741 110.732942 1.557952 0.504172
Car -1 -1 1.700250 597.844299 126.734261 634.145264 158.408752 1.781133 1.861747 4.253882 -22.803157 -27.147688 153.748556 1.553008 0.286662
