Car -1 -1 2.938709 638.914856 367.148254 883.516907 466.289215 1.321899 1.884293 4.436125 -3.669719 -2.271131 44.734999 2.856860 4.706373
Car -1 -1 -0.304636 1352.090332 391.170563 1616.848267 491.897064 1.373201 1.865040 4.206481 10.562085 -1.663752 42.866666 -0.063054 4.628431
Car -1 -1 1.862767 175.762558 256.189178 280.799988 322.451019 1.342735 1.623996 4.306406 -21.669626 -7.338459 66.793117 1.549051 1.255715
Car -1 -1 1.922076 62.780930 254.209534 166.031494 324.874237 1.432293 1.315822 4.224293 -25.012276 -7.249253 66.456855 1.562106 1.378648
Car -1 -1 1.893099 134.489273 228.067871 230.812057 295.117218 1.581150 1.484034 4.246889 -25.171604 -8.791014 72.788289 1.560154 1.018857
Car -1 -1 1.792057 371.595215 220.956543 455.628204 285.732178 1.606607 1.739101 4.238214 -18.129241 -9.404946 75.482599 1.556344 1.070479
Car -1 -1 1.711005 495.622864 228.471085 561.674072 287.171448 1.359986 1.435586 4.247218 -14.031680 -9.275127 74.630991 1.525161 1.182337
Car -1 -1 1.857784 265.051819 230.817810 355.255035 291.510864 1.427398 1.472797 4.236319 -21.372307 -9.073595 74.269184 1.577586 1.103551
Car -1 -1 1.826112 312.861450 253.460678 403.080383 317.465942 1.305408 1.390248 4.222826 -17.733482 -7.454710 66.778325 1.566545 1.174525
Car -1 -1 1.796168 378.199066 173.084167 444.503021 221.045959 1.597991 1.759395 4.264231 -24.669314 -15.461962 102.153532 1.559212 0.579385
Car -1 -1 1.776127 435.639587 208.286331 500.039215 257.127045 1.328145 1.471224 4.234479 -17.901497 -11.273698 82.920466 1.563503 0.832136
Car -1 -1 1.825343 327.372223 210.892624 402.298096 261.292999 1.280670 1.464458 4.240642 -21.418677 -11.015458 81.878007 1.569484 0.759234
Car -1 -1 -1.693790 990.301880 910.042786 1355.680298 1080.000000 0.586427 1.991178 4.551050 1.674963 4.097383 17.450008 -1.598097 2.875016
Car -1 -1 1.674966 638.059387 118.065826 668.262939 142.275314 1.527761 1.820395 4.244559 -23.078658 -32.105773 175.313318 1.544076 0.175535
