Car -1 -1 2.789877 1064.402100 332.953796 1296.199219 423.666565 1.347148 1.844865 4.144967 4.287605 -2.879752 57.755710 2.863978 2.975210
Car -1 -1 2.204720 399.734711 375.800995 656.080994 529.222961 1.531811 1.493547 4.566857 -7.292465 -0.942024 45.437836 2.045584 2.009706
Car -1 -1 -2.818117 92.969940 277.231995 300.414978 351.530670 1.310944 1.853912 4.157342 -18.940065 -4.953102 67.349623 -3.092257 2.240544
Car -1 -1 3.131345 1308.702881 273.656372 1495.385498 351.279602 1.549591 1.855267 4.393840 11.426548 -5.443315 74.053534 -2.998746 1.924199
Car -1 -1 3.085142 1001.360168 286.182526 1165.976929 361.292633 1.400485 1.854367 3.767845 2.653687 -4.755859 68.228667 3.124016 1.807468
Car -1 -1 -3.132170 666.751343 308.623260 869.035034 385.350037 1.328495 1.841312 4.225828 -4.772547 -3.898558 63.308936 3.075772 2.328900
Car -1 -1 2.871829 1509.829468 298.427887 1686.763550 370.585358 1.366132 1.834433 3.785445 15.581555 -4.599358 69.136163 3.093500 1.572081
Car -1 -1 -2.952583 430.973633 293.213196 648.367859 366.914520 1.344483 1.885557 4.480717 -10.226142 -4.423226 65.408636 -3.107670 1.681520
Car -1 -1 2.871041 1685.390869 296.020813 1916.853394 401.743439 1.789203 1.937788 4.748308 18.858709 -3.587226 62.630008 -3.119667 1.162782
Car -1 -1 -1.579807 761.719299 185.228210 809.042725 225.754944 1.254047 1.814988 4.267773 -8.089762 -13.518731 117.822690 -1.648359 0.557524
Car -1 -1 1.672716 548.945374 220.559570 614.743835 277.349335 1.294346 1.588125 4.265087 -12.704936 -8.787648 89.578344 1.531826 0.788470
Car -1 -1 -2.828932 422.656494 262.111053 614.319458 340.899445 1.494904 1.889422 4.223802 -11.582146 -5.424858 70.729961 -2.991243 1.133328
Car -1 -1 1.700799 448.886322 223.693344 517.412354 276.534424 1.249790 1.572824 4.260999 -16.154538 -8.915733 90.884061 1.524887 0.742154
Car -1 -1 1.682962 558.140198 155.654205 604.657715 196.493210 1.593545 1.663399 4.271765 -19.493971 -17.011017 136.807906 1.541423 0.399116
Car -1 -1 1.636990 597.546204 116.442535 633.738525 146.603058 1.615733 2.014617 4.270235 -25.345925 -27.517857 195.131644 1.507822 0.243358
Car -1 -1 -1.564867 746.406311 130.908264 775.121155 158.198044 1.376789 1.701640 4.239491 -14.047075 -24.816174 181.136572 -1.642262 0.257429
