Car -1 -1 -1.511990 688.002625 779.085144 908.584290 1010.918274 0.718905 1.715423 4.252909 -1.695788 3.068653 25.525908 -1.578326 1.872980
Car -1 -1 0.868286 707.606995 293.712677 866.072876 367.764893 1.355430 1.817199 3.903222 -5.387540 -5.473170 72.291165 0.793898 0.684230
Car -1 -1 -1.648635 1033.913330 743.919312 1261.486084 990.316406 0.916404 1.726700 4.292795 1.370705 2.968731 26.095455 -1.596157 2.011586
Car -1 -1 -1.778029 1386.727905 817.384094 1688.758423 1077.429932 0.791634 1.610537 4.239296 4.583304 3.355695 23.909838 -1.588635 2.699807
Car -1 -1 -1.275935 1015.225220 279.330933 1109.262451 342.723877 1.227606 1.467824 4.253793 2.005093 -6.565293 78.162373 -1.250287 0.711315
Car -1 -1 -1.371138 184.795746 850.850830 511.694946 1078.200806 1.046423 1.703986 4.245806 -5.243542 3.831577 23.123208 -1.594132 2.575633
Car -1 -1 1.680020 660.405273 264.242004 740.473633 337.303070 1.513958 1.713992 4.251077 -8.295158 -6.739164 78.543697 1.574798 1.137969
Car -1 -1 -1.598365 1008.221130 192.002258 1055.952271 233.188980 1.329254 1.856017 4.245588 1.714972 -14.583051 121.316499 -1.584229 0.643235
Car -1 -1 1.689826 563.516968 222.599777 627.876953 269.647705 1.273410 1.738020 4.259247 -14.657380 -11.031815 102.238025 1.547431 0.967801
Car -1 -1 1.665633 637.192566 229.210983 703.190247 285.042419 1.419930 1.782395 4.266093 -11.292027 -10.014802 97.057824 1.549810 0.887239
Car -1 -1 1.750100 414.051636 188.296875 471.405090 226.763290 1.367438 1.780903 4.251830 -25.330079 -15.542349 127.393112 1.553826 0.523785
Car -1 -1 1.653731 689.165710 196.361725 739.364136 237.435699 1.339294 1.669839 4.249914 -11.980397 -14.134936 119.130714 1.553503 0.741086
Car -1 -1 -1.415710 1064.776978 171.522141 1110.281250 204.432114 1.309724 1.593989 4.240685 4.913019 -18.527851 143.037104 -1.381375 0.357031
Car -1 -1 1.601658 808.258667 134.689850 839.341797 165.235168 1.717127 1.811601 4.285639 -11.404266 -26.667226 186.926898 1.540725 0.317525
Car -1 -1 -1.606508 1092.402954 136.800217 1127.947388 164.338058 1.596522 1.990390 4.248129 7.928469 -26.638289 186.926574 -1.564119 0.134508
Car -1 -1 -1.653341 1135.328735 159.965408 1177.329590 194.374191 1.537171 1.963926 4.254660 8.953112 -20.118049 151.450718 -1.594294 0.209975
Car -1 -1 1.646692 713.522644 179.987595 757.531372 216.757248 1.371957 1.704753 4.242906 -12.271927 -16.557098 132.208284 1.554135 0.394521
Car -1 -1 1.626722 729.201111 158.019135 766.162842 190.772217 1.438668 1.732328 4.256706 -13.889497 -21.106494 156.992560 1.538480 0.253006
