Car -1 -1 -1.609389 1449.724854 568.948120 1644.326050 763.664001 0.855960 1.797920 4.373082 6.927065 1.378598 26.513337 -1.353835 2.940502
Car -1 -1 0.115837 480.752014 309.080872 712.387756 412.205658 1.701640 1.949630 4.608089 -8.343772 -3.658230 49.095820 -0.052503 3.161768
Car -1 -1 -1.512750 739.263428 738.722717 967.501953 986.292480 0.572518 1.684384 4.258106 -0.969017 2.657411 20.010246 -1.561139 4.011505
Car -1 -1 2.891577 1392.541626 253.223297 1549.943848 326.017792 1.773445 1.844871 4.043841 15.437801 -7.378309 67.488746 3.116455 2.401140
Car -1 -1 -1.402498 468.163544 636.562866 712.823547 852.753723 0.795221 1.667708 4.252217 -3.890097 1.991038 23.111422 -1.569254 4.417665
Car -1 -1 -3.034210 631.147949 263.022614 791.900635 324.303467 1.357602 1.842249 4.403425 -7.861158 -7.355367 66.789858 3.131814 2.273685
Car -1 -1 -3.087207 823.346924 257.147308 976.434082 313.917633 1.377110 1.835239 4.455715 -2.192346 -7.875959 69.158670 -3.118897 2.152319
Car -1 -1 2.951705 1217.204712 265.189880 1387.302124 335.353333 1.621761 1.870995 4.333228 9.752585 -6.781549 64.475125 3.101828 2.523718
Car -1 -1 2.848393 1483.309082 258.438812 1617.761597 316.269592 1.396685 1.808584 3.330952 18.864645 -8.062676 71.093493 3.107765 0.774081
Car -1 -1 -1.626994 951.935486 178.262848 991.546021 212.541397 1.317606 1.829515 4.278214 0.085018 -19.083175 121.342607 -1.626293 0.572861
Car -1 -1 1.657855 688.390442 203.923447 744.319275 257.881439 1.624215 1.733225 4.499896 -10.466428 -12.487317 90.141931 1.542262 0.439011
Car -1 -1 1.694291 582.891113 165.260208 627.222900 206.904083 1.892026 1.700469 4.281679 -20.226118 -19.237443 121.161864 1.528881 0.684541
Car -1 -1 1.642242 711.246338 195.339294 756.943176 239.091965 1.438253 1.669282 4.247000 -11.006483 -14.937315 101.945560 1.534695 0.630242
Car -1 -1 0.157075 1295.974365 156.717194 1364.971069 187.619095 1.566733 1.838825 3.858758 23.123366 -23.270286 139.366815 0.321495 0.140222
Car -1 -1 1.608023 782.148926 131.966873 810.218750 158.808853 1.729026 1.945485 4.281830 -14.243383 -32.140721 179.090257 1.528658 0.194612
Car -1 -1 1.646985 737.160156 190.084702 777.541199 226.483582 1.295374 1.527245 4.243468 -10.384483 -16.219000 107.504072 1.550687 0.347029
