Car -1 -1 -1.526204 552.361633 634.486816 783.517517 880.374207 0.709517 1.717651 4.256964 -2.629147 1.980987 24.734308 -1.632102 2.389775
Car -1 -1 -1.678733 952.659790 659.506165 1228.783936 914.129883 0.638937 1.813734 4.536435 0.942558 2.160822 24.483892 -1.640255 1.774274
Car -1 -1 -1.388774 164.687881 620.649292 453.410370 849.685669 0.648381 1.610753 4.282518 -5.925806 1.807552 25.284240 -1.618986 2.676580
Car -1 -1 -1.790935 1319.195557 629.740234 1625.448486 871.435181 0.653595 1.545496 4.412560 4.390721 1.911297 24.961886 -1.616819 2.335749
Car -1 -1 1.811656 142.844864 116.161644 229.915009 182.603638 1.424609 1.375354 4.250206 -24.216130 -10.973338 85.634571 1.536067 1.136424
Car -1 -1 1.848688 0.000000 130.891525 93.166122 198.151001 1.345518 1.470267 4.253607 -27.461084 -10.137398 82.294112 1.526613 1.005219
Car -1 -1 -3.092632 1809.767578 128.416977 1920.543457 205.606689 1.632066 1.877548 4.556203 25.293935 -8.845667 73.935417 -2.763005 0.675615
Car -1 -1 1.745293 379.285828 118.427330 457.248444 179.170456 1.252260 1.469990 4.252191 -17.016218 -11.042854 85.364718 1.548537 1.069825
Car -1 -1 1.704092 463.016754 78.344040 522.843262 128.112595 1.337119 1.525202 4.245699 -17.915883 -15.118618 103.873936 1.533295 0.745822
Car -1 -1 1.780245 265.143768 111.903648 354.343719 178.006104 1.394451 1.550808 4.250638 -20.423629 -11.134170 85.705766 1.546309 1.102430
Car -1 -1 1.825153 70.043228 103.116882 165.385895 167.829727 1.505901 1.576005 4.286615 -28.090371 -12.119628 91.229893 1.526458 0.931637
Car -1 -1 1.791045 195.165909 105.100281 274.222626 162.418701 1.278945 1.355489 4.228040 -24.426356 -12.383639 92.046159 1.531653 1.035407
Car -1 -1 1.749912 325.007812 96.886459 394.270935 151.320541 1.237933 1.260274 4.262475 -20.892429 -13.089938 94.774097 1.532938 1.003520
Car -1 -1 1.785252 231.781784 85.294296 304.976654 140.917480 1.462745 1.509501 4.253996 -25.753475 -14.409536 101.780244 1.537424 0.633749
Car -1 -1 1.704754 411.514832 98.634285 480.583740 154.823700 1.270262 1.528979 4.260670 -17.586076 -12.762464 93.113809 1.518087 0.831428
Car -1 -1 -1.297531 0.000000 898.140930 289.889435 1080.000000 0.902421 1.860269 4.266596 -6.235539 3.981618 19.070263 -1.613550 3.868008
Car -1 -1 1.688632 496.438324 66.660362 544.867615 108.817909 1.258690 1.415455 4.246871 -18.644580 -17.428209 114.842216 1.527686 0.649793
Car -1 -1 1.735451 366.854675 82.481323 427.282867 132.753220 1.255924 1.413199 4.251286 -21.258790 -14.767279 102.503860 1.530955 0.561429
Car -1 -1 1.847058 22.321186 81.203300 98.120506 129.068161 1.355085 1.418776 4.273060 -35.845978 -15.775763 108.840177 1.528901 0.458424
Car -1 -1 1.812465 133.353226 94.271294 202.763260 146.454376 1.233236 1.207281 4.251638 -28.443168 -13.700776 98.137779 1.530365 0.442818
Car -1 -1 -1.692230 1156.963989 37.964767 1188.102051 70.345497 1.156726 1.383486 4.261064 9.892074 -22.267289 136.009528 -1.619627 0.203903
