Car -1 -1 -1.797484 1326.967041 690.562134 1599.160156 894.637451 0.752656 1.542198 4.283551 4.422704 2.517231 28.249792 -1.642187 2.894508
Car -1 -1 -1.527769 622.967773 789.005981 851.026917 1032.319702 0.579587 1.628943 4.262952 -2.346719 3.030278 23.834075 -1.625914 4.753124
Car -1 -1 -1.678636 1060.866699 782.113586 1323.496826 1036.329346 0.638044 1.603740 4.289076 1.380804 3.059844 23.971530 -1.621097 3.377652
Car -1 -1 -1.708765 1618.533203 861.472290 1911.741211 1079.462524 0.935841 1.874078 4.271111 6.043905 3.837538 22.240905 -1.443426 3.099478
Car -1 -1 -1.345967 4.457188 827.212891 382.577240 1079.587524 1.090158 1.871729 4.243895 -6.360513 3.689539 21.796996 -1.629890 3.218369
Car -1 -1 1.281298 305.266998 259.673187 426.144012 347.201569 1.407167 1.642349 4.269135 -15.964808 -5.188591 67.710090 1.049746 1.153124
Car -1 -1 1.799012 153.310425 214.018723 259.129517 283.168427 1.540977 1.782061 4.273323 -25.279740 -8.351556 86.749586 1.515454 0.876946
Car -1 -1 1.767283 252.527313 198.738403 323.724274 252.845688 1.350227 1.576729 4.258601 -25.074936 -10.104987 95.333214 1.510085 0.818607
Car -1 -1 1.586794 308.655518 216.208191 389.615021 278.137207 1.299625 1.679916 4.287268 -20.824365 -8.446476 86.430209 1.350362 0.671460
Car -1 -1 1.789988 218.364136 180.361786 282.981293 226.095566 1.390742 1.511639 4.263835 -30.399389 -12.563431 109.823876 1.519948 0.622170
Car -1 -1 1.753148 378.015564 188.860321 443.259705 243.151306 1.352145 1.498607 4.281564 -22.036378 -11.050172 101.038349 1.538411 0.390940
Car -1 -1 1.738021 324.958374 184.835754 388.441101 231.509796 1.257266 1.535428 4.244440 -26.024952 -12.328520 109.004286 1.503657 0.376525
Car -1 -1 1.808676 117.960381 209.288803 199.746719 263.365387 1.266993 1.541203 4.251596 -28.958532 -9.612850 93.530551 1.508421 0.625487
Car -1 -1 -1.556219 818.763184 152.140610 857.331238 186.328598 1.415766 1.771483 4.250571 -9.737873 -19.072993 149.867869 -1.621105 0.267948
Car -1 -1 1.750413 283.517639 163.263321 346.766571 206.575180 1.386743 1.575583 4.269068 -30.624002 -14.633976 121.141683 1.502806 0.368424
