Car -1 -1 2.726067 1095.025269 410.799286 1361.873657 522.202209 1.313022 1.894394 4.009089 5.282921 -1.125945 40.348109 2.856260 5.376581
Car -1 -1 3.058088 382.238373 421.540405 675.365417 536.330505 1.279574 1.873434 4.399759 -7.151150 -0.842408 37.869729 2.871450 4.854265
Car -1 -1 2.915040 1311.373901 341.037445 1540.053589 426.923218 1.413413 1.868066 4.413595 10.949538 -3.233276 49.752336 3.131668 3.495116
Car -1 -1 -0.713987 667.147278 326.453125 869.968384 414.906860 1.234554 1.824790 3.941504 -3.906462 -3.639493 49.957744 -0.792024 2.214523
Car -1 -1 -1.640513 965.359985 691.127319 1199.452271 967.480286 0.976715 1.853342 4.592541 1.310593 2.820022 22.274526 -1.581743 1.984936
Car -1 -1 0.273971 2.268674 396.271271 244.157654 506.799957 1.475516 1.858944 4.169061 -15.156529 -1.275895 39.968922 -0.088484 2.676560
Car -1 -1 0.031185 488.950134 374.243378 761.839478 488.215485 1.409144 1.891610 4.554628 -6.055162 -1.775558 42.011257 -0.111961 3.277579
Car -1 -1 0.233362 19.144712 341.710815 323.546967 459.670502 1.645865 2.031647 5.000788 -15.340722 -2.346916 43.585746 -0.105064 2.719017
Car -1 -1 -1.827587 1315.784424 722.448486 1624.945923 990.359436 0.895487 1.756428 4.262239 5.062704 2.986674 21.620671 -1.597571 4.164164
Car -1 -1 1.821976 309.209412 253.897049 400.501617 317.172180 1.299072 1.485718 4.243237 -17.952902 -7.520031 67.215676 1.560975 1.297039
Car -1 -1 1.789085 376.970154 213.173050 463.728821 283.776794 1.697449 1.769228 4.253279 -18.010959 -9.580975 75.966966 1.556294 1.114368
Car -1 -1 1.924349 76.518661 246.020279 176.784454 312.880676 1.463316 1.344795 4.237134 -25.500293 -7.800525 68.701119 1.568934 1.066965
Car -1 -1 1.859403 173.370544 256.788330 273.804230 319.774689 1.275368 1.478538 4.238938 -21.874820 -7.422942 66.984229 1.543755 1.357460
Car -1 -1 1.829674 265.613708 232.350937 349.517090 291.168274 1.343404 1.507643 4.239346 -21.545677 -9.172684 74.704736 1.548883 0.942935
Car -1 -1 1.804519 322.470154 205.081970 396.630646 257.039185 1.416727 1.554555 4.233960 -22.308830 -11.463314 84.082507 1.545174 0.921165
Car -1 -1 1.766046 482.289948 195.046463 540.586914 240.290039 1.351765 1.428960 4.249603 -18.204904 -13.304532 92.924954 1.572587 1.054052
Car -1 -1 1.874938 180.805038 227.668152 266.171600 280.527893 1.308951 1.534806 4.228840 -24.974416 -9.628257 76.494072 1.559360 0.921223
Car -1 -1 1.693209 617.211670 154.033295 660.513977 189.287216 1.467728 1.711543 4.253205 -16.696727 -19.937369 121.376903 1.556506 0.507952
Car -1 -1 1.803256 387.061401 196.569626 451.796570 239.407028 1.261007 1.571184 4.236636 -21.542769 -12.952974 90.415186 1.569353 0.810345
Car -1 -1 1.770796 435.256226 209.690338 498.963959 258.173981 1.366881 1.444797 4.216283 -18.231953 -11.417444 84.412564 1.558077 0.767445
Car -1 -1 -1.751314 1263.465942 203.026917 1319.908691 246.406631 1.271492 1.384168 4.205384 14.607458 -12.792412 91.127804 -1.592369 0.812513
Car -1 -1 1.843140 286.187897 204.093201 347.990692 244.337250 1.236587 1.376476 4.232020 -25.273313 -12.465152 88.872762 1.566078 0.782892
Car -1 -1 1.791798 341.426453 152.204483 391.908417 186.386871 1.447758 1.643567 4.251382 -32.766289 -20.693004 125.174552 1.535777 0.380530
Car -1 -1 1.659769 648.402527 129.210846 683.345947 158.986221 1.646665 1.779311 4.268288 -19.001723 -26.564254 150.646277 1.534297 0.192141
Car -1 -1 1.678771 628.622314 107.123482 657.794678 136.268204 1.988857 1.869764 4.545537 -25.499725 -34.891128 187.270737 1.543438 0.069623
