Car -1 -1 -1.862200 230.540207 554.132263 463.097076 712.091431 0.948169 1.588839 4.554454 -8.552051 1.102423 36.311697 -2.093503 1.837204
Car -1 -1 -1.589753 956.655273 362.522308 1050.243896 451.515167 1.169600 1.716201 4.238431 0.196909 -2.862041 58.426078 -1.586382 1.807425
Car -1 -1 1.705365 511.797607 293.209381 605.500366 378.828400 1.548772 1.672531 4.247813 -11.033308 -5.115810 70.574130 1.550284 1.097424
Car -1 -1 -1.499857 645.013245 848.389099 896.929749 1079.648926 0.992721 1.701954 4.233316 -1.775190 3.802047 23.247363 -1.576070 4.047095
Car -1 -1 -1.542936 809.473938 361.426086 907.859131 465.366547 1.386839 1.802040 4.244505 -2.682614 -2.510333 56.115051 -1.590705 1.816312
Car -1 -1 1.659947 651.106567 289.177795 738.880188 376.849060 1.604362 1.728529 4.247659 -7.539447 -5.164654 70.547273 1.553481 1.191408
Car -1 -1 -1.544124 853.838257 289.260651 930.163269 365.733093 1.482346 1.801575 4.260097 -2.636436 -5.566394 73.182500 -1.580134 1.304955
Car -1 -1 -1.393939 191.465683 843.945007 527.470642 1078.959473 1.051207 1.819707 4.253779 -5.116836 3.773971 23.079780 -1.612112 2.746449
Car -1 -1 1.688560 586.479370 259.591858 659.758789 323.381470 1.351977 1.642786 4.244806 -11.126673 -7.561886 83.512668 1.556107 1.146847
Car -1 -1 -1.580672 1021.106689 185.762787 1069.448242 231.359131 1.620454 1.992914 4.251967 2.330681 -14.785161 122.954910 -1.561718 0.674313
Car -1 -1 -1.580638 948.778076 210.873245 1001.566895 259.977844 1.379968 1.909337 4.252828 -0.667411 -12.101051 108.663022 -1.586780 0.774866
Car -1 -1 1.722650 550.581482 223.956451 617.262512 277.085541 1.374616 1.644328 4.264637 -14.553589 -10.404085 98.562459 1.576051 0.852312
Car -1 -1 1.705556 603.145447 200.205185 661.261414 243.886520 1.361233 1.673229 4.249420 -14.702617 -13.144347 112.918384 1.576078 0.673006
Car -1 -1 -1.572996 933.395935 192.798950 976.548279 231.254333 1.322030 1.710771 4.249723 -1.694476 -14.965873 124.032993 -1.586657 0.704068
Car -1 -1 -1.545292 879.902954 129.812042 907.897583 156.452393 1.558853 1.840449 4.251439 -7.199216 -29.397921 201.956268 -1.580924 0.320713
Car -1 -1 -1.558796 942.926331 138.825073 970.903198 163.669876 1.387947 1.763811 4.263959 -2.404561 -26.734312 186.802064 -1.571668 0.330775
Car -1 -1 -1.588983 995.505432 147.558243 1028.489258 178.882736 1.479433 1.785234 4.258115 1.195004 -23.492870 169.886612 -1.581949 0.344357
Car -1 -1 -1.502776 1047.190308 179.230179 1089.178101 214.511124 1.344075 1.666762 4.235017 3.670799 -16.907247 134.296717 -1.475449 0.557280
Car -1 -1 -1.552414 901.571167 163.749359 939.022095 197.232178 1.398303 1.825396 4.262494 -3.839629 -19.353177 146.781274 -1.578566 0.437968
Car -1 -1 -1.574161 985.715576 131.004105 1013.039490 157.814896 1.639494 1.758887 4.316748 0.519690 -28.502561 196.857232 -1.571521 0.126501
Car -1 -1 1.627312 730.560669 217.726807 791.423462 276.929779 1.625404 1.728189 4.241715 -8.129163 -10.238231 97.246757 1.543912 0.385733
