Car -1 -1 1.935589 18.265123 269.456757 135.229065 338.519989 1.283800 1.363748 4.266276 -24.809527 -6.517921 63.061835 1.560772 1.206261
Car -1 -1 1.814170 296.828522 254.568146 400.755341 323.139709 1.334462 1.816344 4.399491 -17.782818 -7.247304 65.944556 1.550772 1.264348
Car -1 -1 1.886831 167.678741 254.439438 267.318909 322.100128 1.389231 1.394831 4.228183 -22.008550 -7.349159 66.815054 1.568629 1.494412
Car -1 -1 1.743551 505.051422 185.336044 565.566223 228.452805 1.375509 1.730275 4.243824 -18.057789 -14.429093 97.596631 1.560596 0.691193
Car -1 -1 1.785157 436.932129 204.745789 510.338409 254.901245 1.383403 1.626554 4.240273 -18.186924 -11.705531 85.355641 1.575225 0.917560
Car -1 -1 1.866266 204.728241 219.586395 288.450073 273.669861 1.322140 1.527587 4.251867 -25.069593 -10.276309 79.223210 1.559793 0.835114
Car -1 -1 1.795845 358.373077 230.555679 439.242401 289.366913 1.330358 1.532092 4.242919 -18.292437 -9.133244 74.071303 1.553732 1.014781
Car -1 -1 1.801624 357.217133 199.588974 427.758759 248.167206 1.411176 1.632964 4.234771 -22.001911 -12.290316 87.901039 1.556360 0.893523
Car -1 -1 1.819799 282.401337 226.727264 367.611053 281.379333 1.365841 1.653298 4.242720 -21.412200 -9.596037 76.333490 1.546318 1.013738
Car -1 -1 1.715269 567.708374 144.455078 608.882996 175.602448 1.434404 1.616215 4.242391 -21.643230 -22.823643 134.390074 1.555593 0.511906
Car -1 -1 1.658876 637.415039 118.716652 668.555603 144.938217 1.538550 1.871579 4.219976 -22.890648 -31.708985 174.132213 1.528170 0.179488
