Car -1 -1 1.942617 53.058640 260.373016 157.905975 325.339417 1.292009 1.293015 4.231650 -25.130371 -7.162188 65.956720 1.578585 1.318571
Car -1 -1 1.828414 284.291840 254.429443 383.874207 321.948425 1.337951 1.653340 4.316802 -18.402100 -7.361444 66.692462 1.559188 1.341044
Car -1 -1 -1.639770 947.690247 789.732788 1188.472412 1061.249878 0.596186 1.755406 4.315104 1.048322 3.235860 20.114068 -1.587698 4.439568
Car -1 -1 1.879614 165.610901 249.186554 271.246399 325.723938 1.613909 1.504456 4.280698 -21.786457 -7.208184 66.288100 1.562073 1.242191
Car -1 -1 -1.852334 1365.427246 765.015625 1720.848755 1067.689087 0.785776 1.703760 4.559832 5.254551 3.198550 19.802862 -1.592968 3.983806
Car -1 -1 1.803313 364.552216 230.332474 440.066223 290.511963 1.431138 1.394039 4.238011 -18.330512 -9.152664 74.616202 1.562420 1.258859
Car -1 -1 1.758368 465.542114 182.527206 531.886475 241.399261 1.792725 1.609973 4.501233 -18.134956 -12.900444 90.326933 1.560232 0.544238
Car -1 -1 1.727701 540.262756 171.574081 586.703125 210.882431 1.436619 1.556363 4.222677 -18.196117 -16.338064 105.476701 1.556869 0.498210
Car -1 -1 -1.617485 1011.702454 176.983780 1057.248535 215.615860 1.345967 1.771065 4.234326 4.533583 -16.139992 105.478175 -1.574530 0.668178
Car -1 -1 1.836649 257.701843 227.447861 338.945221 286.683502 1.402078 1.401238 4.236594 -22.238082 -9.460144 75.976226 1.551904 0.982077
Car -1 -1 1.774057 418.592773 207.349991 489.434265 259.629364 1.453674 1.645006 4.234429 -18.614725 -11.304407 83.790136 1.555448 1.016082
Car -1 -1 1.820251 331.612671 212.312225 399.195282 260.386353 1.261662 1.301695 4.226741 -22.022972 -11.284714 83.664170 1.562859 0.702096
Car -1 -1 1.897050 141.462662 236.825409 223.836319 298.420074 1.456373 1.030212 4.212539 -25.375639 -8.779048 73.469898 1.564490 0.746819
Car -1 -1 -1.596420 931.774780 152.036179 968.142456 188.207764 1.553637 1.733381 4.253246 0.580902 -20.487960 124.518477 -1.591755 0.569773
Car -1 -1 1.745994 515.967590 181.538681 567.952209 221.317566 1.296956 1.477263 4.233005 -18.128271 -15.034045 99.853419 1.566401 0.701348
Car -1 -1 1.817287 326.714752 187.942352 383.857727 227.532303 1.228700 1.355808 4.239589 -25.501836 -14.110514 95.355250 1.555962 0.675221
Car -1 -1 1.871255 219.774368 212.758163 292.294678 262.461670 1.316548 1.241571 4.235197 -25.535408 -10.990862 81.920042 1.569089 0.702206
Car -1 -1 1.717841 570.604797 160.760956 615.507812 196.835922 1.338805 1.612892 4.236645 -18.185946 -18.423612 114.421584 1.560221 0.629487
Car -1 -1 1.762858 446.323792 174.675659 501.385193 217.758224 1.367652 1.545055 4.223822 -21.907566 -15.667266 102.584517 1.552462 0.654072
Car -1 -1 1.788288 377.609833 173.330109 433.728302 214.285706 1.466891 1.557847 4.236569 -25.839106 -16.246710 105.713743 1.548563 0.509840
Car -1 -1 -1.588165 925.696777 134.683456 957.176086 163.337540 1.447698 1.803564 4.248822 0.061230 -25.165837 144.216414 -1.587740 0.372416
Car -1 -1 1.846241 281.194733 201.694427 345.359680 242.647507 1.190593 1.308764 4.246913 -25.232968 -12.415565 88.187653 1.567559 0.701246
Car -1 -1 1.746672 476.908783 165.717941 528.328857 202.483002 1.307075 1.591672 4.234156 -22.312614 -17.719056 111.377577 1.548957 0.508774
Car -1 -1 1.727171 557.895508 138.442078 595.650269 166.199722 1.409336 1.699796 4.235037 -23.789217 -24.905614 143.467415 1.562850 0.275427
Car -1 -1 1.643726 661.475464 107.765671 687.384827 129.491577 1.767362 1.886151 4.228753 -24.738548 -38.367000 203.504549 1.522757 0.113098
