Car -1 -1 -0.234215 1610.639893 441.961578 1919.248291 593.316711 1.651973 1.843810 4.460977 12.442121 0.194760 42.825051 0.048535 2.714441
Car -1 -1 0.192617 427.776825 395.483398 734.259521 532.473328 1.605313 1.876593 4.289213 -6.325929 -0.655282 44.672108 0.051944 4.798248
Car -1 -1 -0.070817 1027.559082 377.150391 1352.692993 514.063965 1.689955 1.947114 4.840760 3.559365 -0.963571 46.737782 0.005192 4.014449
Car -1 -1 0.228585 28.475195 409.574554 346.438019 574.175781 1.843068 1.908956 3.994921 -11.729900 -0.059765 41.083362 -0.049530 4.045831
Car -1 -1 -1.519801 409.326447 729.567932 644.298035 980.600281 0.787321 1.708176 4.251709 -3.843791 2.739466 24.199775 -1.677320 3.991293
Car -1 -1 -1.635033 779.732361 739.115295 1053.902466 1057.907471 1.042093 1.774162 4.471619 -0.605869 3.047643 23.021570 -1.661345 2.350085
Car -1 -1 0.255399 186.824173 382.445709 456.549377 488.570404 1.270217 1.834476 4.034148 -11.377014 -1.391928 48.180378 0.023513 2.390660
Car -1 -1 1.692385 446.897552 223.357712 519.462158 279.073822 1.275615 1.729848 4.262370 -15.973630 -8.774345 89.846339 1.516435 0.751812
Car -1 -1 1.644621 548.339600 223.513992 618.203247 281.728577 1.334811 1.800671 4.269163 -12.652646 -8.643265 89.319260 1.503901 0.716390
Car -1 -1 1.656411 445.674408 198.430679 508.394653 249.552322 1.398686 1.695821 4.258432 -17.647721 -10.450798 97.964223 1.478178 0.644187
Car -1 -1 1.651919 599.124451 117.556015 632.555176 145.930389 1.617975 1.851359 4.279553 -25.429702 -27.654983 195.975816 1.522881 0.302186
