Car -1 -1 -1.663273 970.045715 766.361877 1208.647827 1027.691040 0.638548 1.632434 4.221776 1.260029 3.051396 20.377220 -1.601517 3.377685
Car -1 -1 1.820754 308.913300 243.682159 408.599426 319.936646 1.595505 1.681712 4.269757 -17.400245 -7.289820 65.639915 1.561627 1.312413
Car -1 -1 1.875865 162.443817 223.553406 249.211395 284.317230 1.522998 1.471512 4.234938 -25.055514 -9.337259 74.807879 1.552677 1.200043
Car -1 -1 1.807563 366.711609 182.154404 445.932709 251.056091 1.892147 1.656598 4.758614 -21.377268 -12.345034 87.792862 1.568714 0.443964
Car -1 -1 1.777301 422.122101 252.888031 508.135986 316.366180 1.291097 1.609823 4.248843 -14.369581 -7.429581 66.289145 1.563832 1.260516
Car -1 -1 1.834827 219.617645 238.527267 313.581635 306.328217 1.458193 1.582982 4.238159 -21.714377 -8.275754 70.675044 1.536739 1.613535
Car -1 -1 1.900987 106.523666 274.349731 224.943985 344.769623 1.202442 1.530330 4.328069 -21.498443 -6.162124 60.828679 1.561263 1.338173
Car -1 -1 1.897406 88.992477 251.726349 189.046753 315.325073 1.279483 1.408214 4.245241 -24.308465 -7.512527 66.608338 1.547478 1.012812
Car -1 -1 1.768238 470.927246 199.607620 532.679504 246.453094 1.311243 1.563555 4.236958 -17.732251 -12.479886 88.638170 1.570792 0.859437
Car -1 -1 1.829619 272.730133 221.357071 350.257446 278.745087 1.438812 1.338117 4.236932 -22.223899 -9.836499 77.423728 1.550092 1.009682
Car -1 -1 1.828257 368.700989 232.108398 449.489380 292.068115 1.306212 1.352893 4.226338 -17.948879 -9.039084 73.824729 1.589756 1.254024
Car -1 -1 1.726829 542.890869 147.700302 585.523315 183.160049 1.525186 1.812750 4.260694 -21.958267 -21.283612 127.733526 1.556586 0.415596
Car -1 -1 1.656347 668.212280 109.104408 697.225037 134.057205 1.738022 1.883227 4.263556 -22.772746 -36.076269 193.167162 1.538997 0.215206
Car -1 -1 1.710575 519.845886 137.897812 561.485229 171.856583 1.645223 1.768251 4.256166 -26.130118 -24.534559 142.857516 1.529664 0.180377
