Car -1 -1 1.860062 118.467499 425.029266 320.387207 590.327209 1.312489 1.386139 4.346050 -11.070488 -0.318380 32.494407 1.531706 3.702637
Car -1 -1 2.791291 1604.056519 278.773346 1787.504883 350.287964 1.502017 1.868530 3.930205 20.092267 -6.011162 60.597539 3.111453 2.429903
Car -1 -1 1.747928 450.519989 275.009552 548.622986 360.111053 1.516148 1.636826 4.317375 -12.338263 -5.604737 57.469984 1.536448 1.042253
Car -1 -1 -1.669705 1013.238892 370.451019 1118.184204 468.739532 1.058030 1.648399 4.274433 1.943577 -2.525440 45.560331 -1.627071 1.336650
Car -1 -1 -1.643478 635.692444 332.006195 735.466003 430.626678 1.228423 1.742438 4.258908 -6.347108 -3.412662 48.213929 -1.774370 1.590326
Car -1 -1 1.367208 696.011841 263.676605 791.071350 336.440399 1.465532 1.749538 4.350414 -6.646641 -6.741793 63.318039 1.262619 1.024926
Car -1 -1 1.706136 577.337402 223.258560 645.204346 276.986176 1.440809 1.714494 4.274388 -13.304284 -10.557142 80.965088 1.543270 0.818378
Car -1 -1 1.636928 749.044312 172.986130 787.767090 209.065796 1.456296 1.677337 4.245069 -10.897382 -18.677959 117.922856 1.544779 0.505261
Car -1 -1 1.660073 682.700134 218.817108 740.007812 269.584869 1.346362 1.618316 4.243999 -9.876925 -11.145763 83.364733 1.542144 0.687659
Car -1 -1 1.545514 673.476379 243.360626 734.959290 301.799774 1.364217 1.587893 4.275215 -8.779305 -8.626037 71.982183 1.424149 0.957755
Car -1 -1 1.666150 706.188721 208.037460 755.953613 254.532043 1.400644 1.523291 4.246749 -9.748977 -12.607758 89.939834 1.558177 0.598751
Car -1 -1 1.700729 646.986328 163.679825 687.961182 193.472626 1.380411 1.750639 4.268960 -18.871646 -22.435503 136.172613 1.563020 0.440922
Car -1 -1 1.654716 714.878845 193.186920 761.871155 235.595535 1.469954 1.622915 4.270926 -10.461177 -14.579773 99.068029 1.549510 0.522146
Car -1 -1 1.623554 771.274963 161.945007 804.657898 193.231583 1.484026 1.713432 4.278770 -10.890416 -21.528447 130.778392 1.540471 0.423773
Car -1 -1 0.184376 1300.026245 156.616074 1376.840698 187.902679 1.544819 1.826210 4.117263 23.324605 -23.146785 138.616760 0.351081 0.122822
