Car -1 -1 2.773153 1700.915771 230.280334 1866.413574 299.674347 1.572393 1.861027 3.857200 24.431621 -8.272111 64.957070 3.132905 2.553499
Car -1 -1 -1.545943 850.335938 324.395081 958.139648 434.299255 1.263597 1.865298 4.267025 -1.130390 -3.346779 43.614200 -1.571855 1.707924
Car -1 -1 -1.309588 1284.576782 632.878113 1553.530640 879.973450 0.915183 1.527221 4.275940 5.021275 2.004078 23.251913 -1.096903 2.930000
Car -1 -1 2.884689 1435.179321 232.331421 1618.436401 295.620087 1.370248 1.872206 4.479389 16.846437 -8.425821 65.133609 3.137787 2.912096
Car -1 -1 -0.019596 1236.674316 258.961975 1470.626953 358.331482 1.735308 2.047452 4.844603 9.411065 -5.449306 52.293046 0.158466 2.983906
Car -1 -1 0.376842 0.670051 260.169495 194.937302 337.617645 1.359228 1.860466 3.987231 -21.020082 -5.893315 52.605398 -0.003302 0.806236
Car -1 -1 -1.910985 1730.837524 159.037460 1802.423340 193.372971 1.033723 1.382085 4.246952 36.309777 -16.962540 98.371386 -1.557389 0.563431
Car -1 -1 -1.959174 1796.476685 153.113892 1871.310669 192.096268 1.268843 1.341244 4.267870 39.798434 -17.182910 99.533795 -1.578798 0.460063
Car -1 -1 -1.910532 1671.277588 159.266785 1741.431641 193.577530 1.017634 1.370769 4.260362 33.504794 -16.878965 97.966755 -1.581001 0.632510
Car -1 -1 -1.566664 977.712219 114.830429 1010.674377 143.103943 1.395216 1.916618 4.260550 2.137520 -27.884883 144.511215 -1.551874 0.416459
Car -1 -1 -1.063520 1818.267090 405.852356 1919.005737 562.058105 1.416020 1.716722 3.820108 15.349358 -0.855474 34.458564 -0.644461 0.908713
Car -1 -1 0.607141 2.116134 265.611023 78.766541 350.049042 1.451141 1.855212 3.882390 -23.226810 -5.664744 52.464359 0.190361 0.330830
Car -1 -1 1.611873 840.844910 84.349930 864.604370 106.572205 1.663337 1.770636 4.280381 -9.790237 -40.358745 193.963169 1.561441 0.098593
Car -1 -1 2.686080 1883.009521 138.178360 1918.711792 165.034973 1.079914 1.887356 2.585850 52.352448 -21.809512 119.038259 3.100415 0.075036
