Car -1 -1 -1.500377 377.798645 478.964417 525.482422 611.232666 0.967597 1.599298 4.211713 -7.662024 0.214889 39.571378 -1.691636 2.598169
Car -1 -1 -1.600177 945.500916 605.574585 1132.378540 792.850647 1.001202 1.753070 4.238279 0.478959 1.917452 31.771323 -1.585103 1.659274
Car -1 -1 -2.100070 95.280067 349.208710 293.268097 455.804260 1.396841 1.557862 4.263375 -15.555688 -2.232854 53.978388 -2.380652 0.965740
Car -1 -1 -1.696052 1106.109741 325.890686 1204.597290 414.790009 1.262916 1.522237 4.258438 3.588988 -3.324608 60.794831 -1.637086 1.722714
Car -1 -1 -1.233813 0.939347 848.948914 283.191071 1076.466553 1.180013 1.999660 4.312472 -6.934338 3.864792 20.577676 -1.558845 2.939705
Car -1 -1 -1.601627 939.795776 343.221710 1035.769409 436.027954 1.240677 1.810244 4.259729 -0.095384 -2.814072 58.712153 -1.603252 1.375650
Car -1 -1 1.729956 440.067688 226.537567 523.746521 300.708069 1.722941 1.711912 4.264218 -15.999934 -7.955331 87.347229 1.548788 0.714683
Car -1 -1 -1.610159 1043.063721 229.789490 1105.166504 282.392883 1.388297 1.821866 4.246414 2.901005 -9.381154 97.463953 -1.580403 1.003280
Car -1 -1 -1.575188 942.643799 207.725708 999.370178 274.227081 1.782975 1.787817 4.571446 -0.733360 -9.963216 100.008077 -1.582521 0.385175
Car -1 -1 -1.603207 1026.627563 185.181152 1078.808228 234.935059 1.736734 1.963422 4.302976 2.715405 -13.760091 123.032860 -1.581140 0.290633
Car -1 -1 -1.779411 1194.537354 174.154221 1244.005981 207.838516 1.319699 1.698390 4.259326 11.998056 -17.689506 146.353504 -1.697614 0.237393
Car -1 -1 -2.116219 1297.416626 188.032883 1365.490601 225.176041 1.282017 1.510236 4.104389 15.911136 -14.953138 129.809788 -1.994255 0.154168
Car -1 -1 -1.545304 877.211487 155.740585 912.070007 187.123566 1.414747 1.874972 4.259251 -5.608372 -20.603400 161.460192 -1.580026 0.392475
Car -1 -1 -1.569837 954.784119 131.008286 981.383423 157.124420 1.566255 1.782057 4.245071 -1.768988 -29.359931 213.428543 -1.578125 0.248659
Car -1 -1 -1.596978 998.797302 158.075760 1031.442383 186.108932 1.292966 1.776036 4.256845 1.448062 -21.143089 165.311333 -1.588219 0.276256
