Car -1 -1 -1.300908 278.484253 719.524536 584.124695 970.712769 0.513573 1.456664 4.487692 -4.800275 2.518777 20.280860 -1.533321 3.212347
Car -1 -1 -1.465875 688.693542 701.510925 914.082947 916.494568 0.508184 1.628735 4.257413 -1.507868 2.364152 21.709542 -1.535220 4.362568
Car -1 -1 -1.615234 1047.129639 713.560120 1275.849731 977.179688 0.670595 1.716666 4.250327 1.737972 2.592717 20.311183 -1.529874 3.693081
Car -1 -1 -1.781006 1345.688354 763.468384 1652.115479 1028.468384 0.507730 1.547455 4.363228 4.600715 2.833181 19.464670 -1.548903 3.762288
Car -1 -1 1.932994 220.656555 249.136017 329.550507 312.648285 1.226222 1.453617 4.263367 -20.957301 -7.764301 66.476862 1.627600 1.226200
Car -1 -1 1.800722 546.867004 242.831985 634.043762 306.083618 1.252799 1.436274 4.248414 -11.245939 -7.878334 66.064944 1.632112 1.287719
Car -1 -1 1.836619 439.858154 228.962006 541.521423 304.873718 1.576460 1.608278 4.715015 -14.522419 -8.094699 67.265448 1.623986 0.733219
Car -1 -1 -1.596272 1106.481201 156.337936 1146.392944 191.551422 1.272158 1.789862 4.277492 8.237236 -18.319104 110.321917 -1.521745 0.682947
Car -1 -1 1.796680 546.346252 180.633820 607.657166 227.974548 1.431752 1.529015 4.253145 -16.257298 -13.914565 91.972242 1.621724 0.795745
Car -1 -1 1.761520 616.250732 182.948517 677.832703 225.619690 1.271398 1.624426 4.246525 -13.484227 -14.161676 93.200099 1.617837 0.819339
Car -1 -1 1.854662 457.356781 181.283859 531.860046 231.762634 1.489902 1.588242 4.259577 -19.543126 -13.665350 91.227594 1.643628 0.611605
Car -1 -1 -1.590701 1116.329590 120.424965 1146.178345 146.258728 1.402553 1.774879 4.258532 11.374226 -27.324505 148.083770 -1.514042 0.323107
Car -1 -1 -1.577011 1022.242371 100.762901 1044.910645 122.519737 1.377757 1.614090 4.251623 5.749025 -35.032069 179.788751 -1.545045 0.264494
Car -1 -1 0.443208 116.722603 181.699921 232.611069 225.100174 1.417104 1.871022 3.982324 -34.433663 -14.462876 95.249174 0.096316 0.191430
Car -1 -1 1.496837 529.610474 129.152466 587.063904 160.353516 1.518395 1.718966 4.262898 -25.199264 -24.176561 135.409837 1.312845 0.147604
Car -1 -1 1.768542 476.676544 123.544670 520.693909 153.323853 1.457628 1.743782 4.237375 -32.309389 -27.513819 151.046613 1.557814 0.111098
