Car -1 -1 -0.145039 1215.779419 429.948029 1554.283691 551.619446 1.314663 1.925845 4.630065 6.436492 -0.357691 42.529687 0.005163 4.496113
Car -1 -1 -1.492546 495.700775 692.629028 733.826904 934.587463 0.674370 1.660887 4.453826 -3.058775 2.410629 25.258068 -1.613060 1.728167
Car -1 -1 -1.411849 71.833870 678.785400 381.241791 950.195435 0.866431 1.722117 4.351468 -6.316497 2.432242 24.422672 -1.664936 2.258421
Car -1 -1 1.826583 4.996090 264.392242 132.948563 346.568329 1.227259 1.623216 4.258313 -20.848467 -5.004099 65.015029 1.516271 1.354869
Car -1 -1 1.786560 112.346420 236.058884 215.959213 305.234711 1.234094 1.570811 4.258961 -21.255558 -6.662577 74.164712 1.507442 1.117440
Car -1 -1 -1.821676 1332.995728 797.113953 1727.678589 1072.942627 0.957629 1.915737 4.470611 4.518092 3.469764 22.940393 -1.627215 2.431573
Car -1 -1 -1.691758 945.683899 848.714050 1275.259888 1077.727417 0.967545 1.745481 4.269989 0.983051 3.682009 20.975098 -1.644924 2.901262
Car -1 -1 1.760241 190.237808 199.903870 281.945465 273.657867 1.550931 1.647688 4.269485 -21.777802 -8.372038 83.480420 1.505055 0.938084
Car -1 -1 1.738977 292.719055 170.637482 366.598602 227.557098 1.415162 1.585733 4.264715 -22.293997 -11.277632 98.084032 1.515479 0.750893
Car -1 -1 -1.601034 845.908875 177.369385 899.202820 225.176300 1.215180 1.803702 4.276122 -3.213437 -11.509729 99.816971 -1.633217 0.748518
Car -1 -1 1.834412 36.057350 225.046188 136.684219 288.863770 1.255416 1.404225 4.238091 -24.905866 -7.501883 79.136942 1.529507 1.298975
Car -1 -1 1.828707 0.000000 249.146210 59.545624 322.145844 1.247103 1.770287 4.265185 -24.300958 -5.996318 70.338618 1.496060 1.033159
Car -1 -1 1.759593 240.587845 188.309891 314.188995 248.380112 1.303725 1.340164 4.268390 -22.369161 -9.859859 90.865762 1.518214 0.752050
Car -1 -1 1.802311 92.776855 168.886154 171.684799 223.865860 1.481076 1.518468 4.277998 -29.878538 -11.602577 100.197219 1.512509 0.555450
Car -1 -1 1.808271 137.821869 190.429047 209.734741 241.476395 1.235814 1.341438 4.235967 -26.849381 -10.456797 94.864508 1.532456 0.472922
