Car -1 -1 -2.344604 1463.311646 319.653412 1651.124512 396.441162 1.221881 1.714826 4.299670 13.832112 -4.556317 67.946794 -2.143776 0.967713
Car -1 -1 -1.676214 1169.929688 480.563232 1329.652710 634.226929 1.257667 1.868577 4.487208 3.710737 0.289388 40.743135 -1.585388 1.819719
Car -1 -1 1.698673 518.218994 299.023621 611.784790 374.053589 1.304920 1.657034 4.237825 -10.998696 -5.288920 71.363414 1.545754 1.374969
Car -1 -1 -1.547926 830.869202 303.096741 915.980164 385.990387 1.449360 1.889065 4.286688 -2.977122 -4.885994 69.688006 -1.590621 1.433789
Car -1 -1 -1.615785 1002.568726 525.453857 1146.966797 663.529175 0.981206 1.797244 4.259924 1.105187 0.675718 39.151023 -1.587564 2.506373
Car -1 -1 1.745703 401.610168 290.447906 495.132935 371.674805 1.501562 1.515714 4.257287 -14.157420 -5.387716 72.110875 1.551840 1.095815
Car -1 -1 1.656826 648.787537 298.661713 730.530151 379.907990 1.440635 1.575334 4.247180 -7.625613 -5.034320 69.944701 1.548232 1.222098
Car -1 -1 -1.616461 1056.569092 280.521118 1135.140747 358.320099 1.464832 1.833040 4.259815 2.792986 -5.964587 75.159426 -1.579317 1.285523
Car -1 -1 1.742819 451.823334 238.607391 539.440613 333.998047 2.100003 1.624909 4.577263 -14.390452 -6.987176 80.219445 1.565318 0.655959
Car -1 -1 -1.573944 944.921875 231.924606 1006.747803 297.617310 1.620948 1.812937 4.251322 -0.566045 -9.152357 92.424433 -1.580069 0.766987
Car -1 -1 -1.539901 844.303833 257.528931 901.984253 310.321167 1.235508 1.665192 4.260035 -3.732323 -8.214770 87.309920 -1.582623 1.029554
Car -1 -1 1.692312 565.270386 217.212036 630.648682 265.030731 1.361075 1.760064 4.255602 -14.936504 -11.447469 104.730915 1.550650 0.932381
Car -1 -1 -1.556608 877.630310 146.584244 909.570679 174.832703 1.409667 1.779071 4.238863 -6.248242 -24.206775 173.528570 -1.592599 0.416675
Car -1 -1 -1.555629 895.704712 131.080978 923.559326 155.757324 1.483451 1.802273 4.239693 -6.116270 -29.943727 205.594601 -1.585369 0.330853
Car -1 -1 -1.563846 965.837952 162.057861 1001.439575 193.833282 1.383049 1.779190 4.243575 -0.490945 -20.248859 152.250826 -1.567070 0.426406
Car -1 -1 -1.577902 995.127808 146.368912 1025.759277 174.599594 1.383645 1.699287 4.244971 1.156397 -24.268747 174.112407 -1.571260 0.263701
Car -1 -1 -1.604244 1091.402710 135.626068 1123.640991 164.047745 1.588540 1.988880 4.249596 7.920604 -26.984317 188.730766 -1.562301 0.161081
Car -1 -1 -1.572821 981.324463 130.176987 1008.124512 153.135849 1.459141 1.792205 4.244327 0.118288 -31.058522 211.859797 -1.572263 0.194277
