Car -1 -1 -1.372931 0.254563 571.411072 396.759918 1079.790771 2.115098 2.018512 4.896149 -5.832829 2.859081 21.325548 -1.639915 1.890809
Car -1 -1 -1.631025 925.498718 249.395538 1037.078125 349.538757 1.020628 1.754256 4.262532 0.147801 -4.146759 54.091936 -1.628292 1.662711
Car -1 -1 -1.546801 738.397766 160.789276 816.013245 231.592880 1.124756 1.737679 4.270493 -4.949552 -8.063505 71.455964 -1.615958 1.454556
Car -1 -1 -1.603731 901.263245 152.413284 983.111511 236.410294 1.383105 1.730996 4.262658 -0.768968 -7.886835 70.580811 -1.614625 1.308018
Car -1 -1 -1.559319 786.593140 67.901871 843.524414 121.758774 1.507781 1.968031 4.266777 -6.016173 -15.877564 107.417754 -1.615267 0.745464
Car -1 -1 1.828122 1.341924 228.197922 101.394470 338.653076 1.320743 1.880619 4.413316 -19.542001 -4.554353 56.945414 1.497544 1.237856
Car -1 -1 1.764391 256.538757 120.651161 346.659515 180.026260 1.214284 1.653249 4.270052 -20.534493 -10.984865 85.103871 1.527629 0.889131
Car -1 -1 1.736161 366.362946 119.020691 448.747772 181.529663 1.243235 1.636930 4.256239 -17.175641 -10.894027 84.581436 1.535819 0.965946
Car -1 -1 1.868879 0.000000 174.239777 102.642601 260.015137 1.420043 1.812587 4.275413 -22.866193 -6.999793 67.734540 1.543307 0.887030
Car -1 -1 1.785457 155.086441 118.630699 241.269424 178.311020 1.251570 1.492113 4.257891 -24.235884 -11.289105 87.025562 1.513848 1.029544
Car -1 -1 -1.633970 980.839417 86.942291 1043.215820 137.756119 1.300753 1.894008 4.253457 1.488532 -14.319211 100.613108 -1.619176 0.799924
Car -1 -1 -1.603196 860.087708 103.594933 920.979675 157.784927 1.230730 1.778295 4.269615 -2.669846 -12.507994 92.063495 -1.632188 1.070475
Car -1 -1 1.731596 259.738739 85.184486 323.630310 135.749832 1.253032 1.402957 4.265738 -24.689476 -14.406841 100.610591 1.490955 0.707735
Car -1 -1 -1.586137 939.562805 36.890362 982.036377 72.582939 1.311574 1.847626 4.284266 -0.481217 -22.570551 138.114274 -1.589622 0.564632
Car -1 -1 1.684374 480.718262 35.162231 528.853882 75.378990 1.450714 1.629888 4.272192 -23.230206 -22.501579 138.036025 1.517645 0.362704
Car -1 -1 1.807117 10.209854 84.986435 81.653618 132.080902 1.325412 1.436555 4.254633 -36.148075 -15.578608 108.371527 1.485166 0.479583
Car -1 -1 -1.581592 965.446655 3.096028 1002.507690 32.366489 1.458321 1.925735 4.258615 0.810152 -29.980446 169.920202 -1.576824 0.230151
Car -1 -1 -1.556396 796.187134 25.831663 836.524292 63.306671 1.419360 1.859746 4.253858 -8.154223 -24.484089 146.799055 -1.611886 0.284757
Car -1 -1 1.768303 272.098572 54.949291 325.556030 102.071419 1.457715 1.296698 4.449056 -28.818722 -18.160548 118.416313 1.529576 0.108628
