Car -1 -1 -1.405401 319.189850 604.847473 532.256714 780.728821 0.760339 1.643901 4.222398 -6.075691 1.709663 26.348586 -1.632028 4.208700
Car -1 -1 -2.050196 279.476257 365.862518 490.581451 516.370789 1.736752 1.558400 4.202891 -10.104803 -1.366535 39.822348 -2.298698 0.857566
Car -1 -1 -1.610195 408.108185 480.770020 546.361328 618.025635 0.863205 1.701240 4.234738 -7.031070 0.104411 33.018045 -1.820007 2.770324
Car -1 -1 1.859874 206.590485 242.181412 299.394531 309.015106 1.451967 1.375506 4.253516 -21.757844 -7.997929 69.408115 1.556100 0.951880
Car -1 -1 -1.951047 1345.332153 246.753830 1451.152954 305.599518 1.279903 1.468532 4.321683 14.961058 -8.319988 71.430895 -1.744583 1.005280
Car -1 -1 1.777210 413.737152 243.936050 501.142853 318.707611 1.598095 1.600858 4.242239 -14.638111 -7.403321 66.535317 1.560655 1.275865
Car -1 -1 1.890028 85.457130 251.419174 190.060455 314.893494 1.292116 1.530023 4.347212 -24.917732 -7.693640 68.064402 1.539091 0.813498
Car -1 -1 1.768656 459.609741 217.615479 532.575989 294.498199 1.825280 1.234631 4.512918 -14.734287 -8.841242 72.836937 1.569058 0.562061
Car -1 -1 -1.726587 1174.526611 156.458893 1217.509766 188.494766 1.282053 1.687145 4.223046 14.211907 -20.100847 122.174118 -1.610783 0.364525
Car -1 -1 -1.753065 1218.122559 171.872330 1270.092163 213.087036 1.407236 1.618533 4.248590 14.439656 -16.147975 104.643927 -1.615942 0.479466
Car -1 -1 1.690225 674.593811 124.065247 708.976318 153.509399 1.671212 1.825628 4.265850 -17.728684 -27.943874 156.276267 1.577264 0.193794
