Car -1 -1 -1.040713 1715.651733 426.830322 1918.128052 577.438538 1.311089 1.822655 4.223456 13.949870 -0.684368 34.100459 -0.652403 1.581274
Car -1 -1 0.374731 0.000000 235.646332 133.052505 314.876556 1.515987 1.859554 4.230981 -23.955835 -6.803642 55.996452 -0.029518 1.286596
Car -1 -1 -1.722140 789.302307 270.875427 892.332825 351.425232 1.199825 1.753381 4.283389 -3.020689 -5.811978 53.407505 -1.778639 1.093483
Car -1 -1 2.739424 1638.359497 220.868698 1835.696533 297.643738 1.755118 1.998959 4.665064 23.203276 -8.404259 65.440054 3.080166 2.132820
Car -1 -1 0.415553 0.916921 282.052643 114.974823 364.668945 1.359583 1.913047 3.938080 -21.892779 -4.968287 49.678169 0.000466 0.738217
Car -1 -1 2.820827 1425.857178 228.243256 1594.493408 293.405640 1.445170 1.871547 3.990653 16.277356 -8.441330 65.033433 3.066081 2.199872
Car -1 -1 2.871333 1357.984497 203.412292 1513.824341 256.455017 1.399834 1.853284 4.535347 16.592987 -11.080187 76.229740 3.085660 0.405730
Car -1 -1 1.554325 821.460083 134.456146 866.744324 183.656311 1.829036 1.868014 4.302052 -5.548201 -18.143935 102.978950 1.500500 0.643793
Car -1 -1 2.805873 1571.093018 213.365601 1715.498657 262.614838 1.252781 1.853179 4.122056 23.589502 -10.817078 75.723581 3.107866 0.640159
Car -1 -1 -1.564980 898.335693 187.723160 972.270264 284.590973 2.066672 1.895162 4.784228 -0.849118 -9.068874 66.327252 -1.577782 0.346913
Car -1 -1 2.687876 1841.616333 214.130905 1919.282471 269.150726 1.390097 1.844715 3.765110 33.160821 -10.700714 76.257773 3.098061 0.224749
Car -1 -1 -1.942334 1731.399170 159.442886 1800.818848 193.463608 1.033058 1.289056 4.245806 36.153132 -16.878118 97.970898 -1.588817 0.601214
Car -1 -1 -1.556978 918.912964 139.554977 959.061646 177.780182 1.344925 1.866694 4.253312 -1.183126 -20.532768 114.711553 -1.567291 0.581090
Car -1 -1 -1.979428 1796.406616 151.694031 1872.675415 192.491074 1.329982 1.346250 4.255533 39.401201 -16.993207 98.499493 -1.598909 0.468490
Car -1 -1 -1.913984 1670.611084 161.102753 1738.820557 195.782654 1.051873 1.294478 4.242559 33.837739 -16.989133 98.976326 -1.584564 0.618518
Car -1 -1 0.325212 741.589783 101.951256 819.544983 135.581345 1.709419 1.842798 4.547643 -12.537064 -29.472598 150.084952 0.241872 0.399294
Car -1 -1 0.116110 970.063354 102.068184 1036.599976 130.955521 1.593996 1.845072 4.139006 2.929280 -31.277811 157.727251 0.134680 0.303230
Car -1 -1 2.887582 1404.567017 218.437866 1561.515625 276.951569 1.384965 1.877442 4.069483 16.398468 -9.357529 68.618842 3.122162 0.660017
Car -1 -1 -1.560855 921.161194 116.069778 955.177979 145.167175 1.388148 1.784570 4.219063 -1.504011 -27.795545 144.006760 -1.571299 0.344709
Car -1 -1 2.689827 1882.114258 137.520081 1918.485718 165.292175 1.081335 1.864374 2.290124 49.450536 -20.660837 112.797559 3.102994 0.062322
