Car -1 -1 2.859260 1222.492554 359.793182 1489.741699 490.649689 1.906969 1.938676 4.513400 7.560398 -1.564349 42.693709 3.034528 5.164989
Car -1 -1 -1.624694 1151.428101 665.149048 1342.486450 859.091187 0.619933 1.680412 4.247847 2.967108 2.299076 23.816682 -1.500752 4.309934
Car -1 -1 -1.752423 1399.922729 663.987976 1634.489502 864.536865 0.644852 1.545472 4.234831 5.916024 2.348394 23.887146 -1.509643 3.570859
Car -1 -1 -2.726289 295.062103 291.211884 503.690613 372.014496 1.562997 1.927486 4.487737 -15.069749 -4.916376 57.622354 -2.982086 2.453881
Car -1 -1 -2.909276 666.132019 299.359070 859.952637 365.828522 1.304426 1.886953 4.587633 -5.600342 -5.188139 59.361021 -3.003341 2.194887
Car -1 -1 -1.488438 826.016846 675.945190 1045.259888 897.542603 0.662703 1.826116 4.480314 -0.234523 2.468245 22.924067 -1.498668 1.687320
Car -1 -1 -1.489273 758.001404 908.602417 1055.917725 1078.769531 0.699402 1.811114 4.218268 -0.344255 4.080283 16.780117 -1.509785 4.395101
Car -1 -1 1.781301 618.728149 237.876053 692.487244 295.152740 1.458734 1.534238 4.256971 -11.223366 -9.170618 78.015878 1.638421 0.906801
Car -1 -1 1.825521 512.080200 238.093323 591.603333 297.114716 1.528614 1.522094 4.273097 -14.854438 -9.049081 77.578383 1.636334 0.937956
Car -1 -1 -1.278746 949.364685 249.120895 1031.631104 303.632141 1.263026 1.593816 4.260406 0.810030 -8.655879 75.783281 -1.268057 0.657066
Car -1 -1 -1.536794 1058.142456 215.391891 1106.673462 258.933411 1.296842 1.842763 4.239238 5.015090 -12.562100 94.774369 -1.483927 0.781156
Car -1 -1 -1.870672 1518.406860 885.981995 1927.612305 1080.000000 1.061339 2.126438 4.381929 5.705320 4.092411 15.861560 -1.525387 3.478470
Car -1 -1 -1.556003 1029.181885 182.976608 1065.091919 216.980652 1.346562 1.742098 4.256608 4.432173 -18.256013 121.740065 -1.519612 0.521313
Car -1 -1 -1.639958 1197.448853 150.793884 1228.056885 174.373825 1.477350 1.963045 4.250829 18.956540 -28.121682 168.080510 -1.527650 0.286042
Car -1 -1 -3.056491 1316.100830 154.567169 1390.542480 183.552170 1.564285 1.846725 4.352168 27.805103 -25.447516 155.387071 -2.879424 0.150768
Car -1 -1 -1.573181 1103.909668 134.968491 1126.565430 156.890366 1.623351 1.742699 4.393130 13.632096 -35.163019 200.739874 -1.505376 0.177250
