Car -1 -1 -1.147823 1459.999268 444.012665 1676.432373 573.137024 0.963203 1.405172 4.506632 9.742905 -0.108246 35.327540 -0.878724 1.618500
Car -1 -1 2.821901 307.259430 354.859650 576.486145 488.022827 1.720197 1.934002 4.454710 -10.525391 -1.475944 43.972027 2.586956 4.421195
Car -1 -1 2.798694 889.257446 337.731750 1112.479248 441.169739 1.394273 1.883874 3.993865 0.713781 -2.407369 46.791609 2.813947 3.952304
Car -1 -1 2.797931 1306.389771 316.371918 1527.933838 408.599396 1.353476 1.894560 4.062317 9.904961 -3.087691 48.469685 2.999509 4.332892
Car -1 -1 -0.433399 1633.974976 345.980835 1904.287598 438.289429 1.303212 1.870661 4.189721 16.084612 -2.215916 43.976336 -0.082757 3.625896
Car -1 -1 2.743297 1619.978882 303.338898 1849.515869 388.399658 1.344915 1.872998 4.134835 17.125269 -3.488218 49.143108 3.078615 2.379405
Car -1 -1 -1.588841 820.500427 175.912994 862.248108 213.842865 1.344724 1.894137 4.261622 -6.608268 -16.223990 113.498475 -1.646998 0.680381
Car -1 -1 -1.558120 753.224609 121.620865 777.344910 144.968002 1.605273 1.828807 4.310941 -17.706133 -32.604850 190.634895 -1.650735 0.349141
Car -1 -1 -1.590128 817.948669 122.088806 841.956848 144.623260 1.607482 1.834621 4.265555 -11.999802 -32.462849 189.621794 -1.653327 0.271560
Car -1 -1 1.697021 511.567993 132.642532 540.832397 155.269104 1.443203 1.622691 4.259151 -38.231786 -31.736097 189.612424 1.498057 0.220304
