Car -1 -1 -1.585900 848.444702 602.950134 1036.490234 807.249329 0.669947 1.665439 4.235071 -0.165357 1.398208 23.215144 -1.593022 3.723934
Car -1 -1 -0.144184 1044.839111 253.978073 1246.351929 330.024811 1.370140 1.865817 4.378139 4.659814 -6.175427 53.852484 -0.057870 2.864104
Car -1 -1 0.285015 143.879211 270.409332 375.827881 361.387848 1.510639 1.890361 4.178108 -15.285959 -4.903968 48.197625 -0.022102 4.010288
Car -1 -1 -0.384590 1506.211060 264.830170 1714.246948 351.360046 1.482211 1.880604 3.883137 14.786937 -5.250325 49.587421 -0.094786 2.905679
Car -1 -1 -1.712116 1117.182495 623.322937 1361.419189 848.799377 0.643437 1.692738 4.587972 2.787886 1.612406 22.266372 -1.587558 1.866696
Car -1 -1 0.270743 284.133423 239.292053 489.043365 313.670441 1.386508 1.887943 4.510265 -14.613374 -6.883671 56.475133 0.017539 2.523896
Car -1 -1 -0.338547 427.057983 199.097412 582.973511 263.042450 1.415566 1.835362 3.952508 -13.701936 -9.453249 66.171729 -0.542728 2.429827
Car -1 -1 2.799719 1607.023560 173.240616 1765.477295 230.489090 1.596473 1.871231 4.307236 25.297765 -11.698478 75.283563 3.123897 0.717845
Car -1 -1 2.759605 1708.728638 196.589081 1871.202759 252.202377 1.321632 1.822153 3.891211 26.072537 -10.044084 68.286781 3.124332 1.189318
Car -1 -1 1.703948 590.767883 130.780579 642.717773 171.727966 1.497003 1.816764 4.253282 -16.309551 -19.083981 105.515000 1.550591 0.674417
Car -1 -1 1.638279 724.031982 130.422699 772.398132 173.637329 1.523800 1.766424 4.252881 -9.455280 -18.037703 100.189464 1.544183 0.665445
Car -1 -1 -1.167878 841.466309 157.246124 924.643494 206.945633 1.391913 1.442526 4.134550 -2.832159 -14.360657 86.107115 -1.200757 0.527780
Car -1 -1 -1.539277 937.971558 147.645493 990.288574 190.551163 1.320146 1.887397 4.261385 0.429143 -16.602895 95.785970 -1.534796 0.760111
Car -1 -1 -1.612707 1058.972290 122.961021 1098.794312 155.765610 1.286483 1.711818 4.275896 6.619708 -21.786485 116.137444 -1.555770 0.537214
Car -1 -1 1.685145 650.561646 124.081215 701.775391 174.181961 1.811005 1.739548 4.447564 -13.021098 -18.363617 102.052015 1.558238 0.376072
Car -1 -1 -1.698939 1117.666748 121.491249 1164.885376 155.696442 1.429240 1.860106 4.284645 10.026685 -21.928709 117.100709 -1.613523 0.485785
Car -1 -1 2.700144 1776.864868 158.756638 1918.381470 217.746201 1.718585 1.932367 5.197031 33.049163 -12.847840 79.472081 3.094247 0.513538
Car -1 -1 2.753324 1687.069336 188.512192 1828.785278 243.098099 1.360675 1.810516 3.672898 26.179454 -10.734754 71.404883 3.104740 0.389445
Car -1 -1 2.714187 1804.519287 180.052414 1921.531616 232.598495 1.328349 1.881682 4.255037 32.953896 -12.034009 77.495875 3.116256 0.417002
Car -1 -1 0.462252 776.787231 126.009666 849.569763 166.709061 1.504330 1.782593 4.307688 -6.746369 -19.264265 105.532580 0.398412 0.348773
Car -1 -1 -1.245545 1728.872070 366.053741 1904.179810 496.265869 1.078116 1.186962 4.226924 14.369628 -1.969978 36.203018 -0.867698 2.738140
Car -1 -1 1.674924 699.341675 88.437744 733.471619 118.222946 1.570611 1.775902 4.253104 -16.529323 -30.738560 151.216445 1.566047 0.288485
Car -1 -1 -1.634001 1005.475525 72.288864 1035.695801 96.096420 1.652653 1.954815 4.253464 5.865806 -41.556244 195.509141 -1.604007 0.170560
Car -1 -1 1.692828 686.142517 124.049126 719.203735 158.871414 1.285182 1.393339 4.275401 -13.311364 -21.396683 114.740498 1.577332 0.378137
