Car -1 -1 -1.592408 750.286560 367.368042 866.327148 479.848907 0.974607 1.759140 4.254580 -3.178623 -1.377629 38.238932 -1.675343 2.305964
Car -1 -1 -1.525973 699.359680 634.465454 909.573364 858.856323 0.793093 1.723777 4.250900 -1.786388 2.309395 22.195956 -1.606283 3.091742
Car -1 -1 2.912636 1238.957764 193.115234 1381.945679 243.080322 1.337685 1.865688 4.299999 10.899701 -9.444563 74.373480 3.058153 2.197450
Car -1 -1 -1.597328 813.290527 236.956314 889.346069 304.035217 1.172681 1.823750 4.256008 -3.852424 -6.356289 60.915776 -1.660485 1.168000
Car -1 -1 -1.575060 889.749512 264.291412 971.489807 337.966248 1.133393 1.764234 4.245163 -1.527437 -5.078480 55.916546 -1.602369 1.571912
Car -1 -1 1.656541 710.812805 244.040817 794.588440 324.052612 1.260283 1.672595 4.246837 -5.983124 -5.329668 55.420570 1.548999 1.438555
Car -1 -1 -1.569527 843.729187 139.373825 885.778931 175.695267 1.367319 1.908360 4.253181 -6.338057 -17.394280 111.410868 -1.626354 0.632555
Car -1 -1 2.835888 1499.404663 206.767899 1674.798462 265.818207 1.362378 1.880773 4.498375 18.847580 -8.146927 68.746771 3.103473 1.815538
Car -1 -1 2.437664 424.479218 162.922638 544.756104 216.323242 1.571352 1.889359 4.253060 -20.576201 -12.416890 88.938681 2.210312 1.098189
Car -1 -1 2.811576 1631.395874 197.679947 1792.151733 250.124069 1.357452 1.866739 4.257855 23.674928 -8.851610 71.355745 3.131934 1.333876
Car -1 -1 2.718945 1758.879639 179.309891 1917.920166 238.263870 1.555633 1.893723 4.302280 29.783290 -9.938699 76.436223 3.090496 0.726997
Car -1 -1 1.590376 707.438660 183.996948 770.451721 245.504166 1.404540 1.839952 4.271134 -8.430019 -9.413163 73.485473 1.476158 0.655042
Car -1 -1 1.639377 729.938477 216.028442 798.322449 277.716339 1.141677 1.621633 4.250017 -6.834849 -7.617199 66.111516 1.536359 0.845449
Car -1 -1 -1.576114 856.038025 116.968025 887.407288 144.247269 1.242657 1.647927 4.222559 -7.433393 -23.559599 138.998384 -1.629542 0.357947
Car -1 -1 1.643693 721.993835 162.144699 772.813293 208.046295 1.294743 1.584978 4.271580 -9.976509 -12.930538 90.415856 1.533797 0.381148
