Car -1 -1 -3.076708 630.155090 396.214722 893.952576 494.391937 1.403452 1.856788 4.541803 -4.310731 -1.674291 51.977943 3.123733 3.665319
Car -1 -1 -1.509705 653.031433 770.381470 884.817810 1028.210571 0.878267 1.757802 4.241509 -1.939174 3.113527 25.122769 -1.586740 3.413784
Car -1 -1 -1.650418 1023.548950 829.072510 1296.773071 1079.123779 1.226980 1.778696 4.272901 1.287435 3.837263 23.194066 -1.594968 2.393971
Car -1 -1 -1.782223 1347.339600 789.776672 1652.600830 1062.980957 0.914863 1.622240 4.233509 4.322598 3.268871 24.265781 -1.605937 3.264754
Car -1 -1 -0.337430 260.447113 355.002686 517.577881 452.674042 1.336408 1.883457 4.518822 -12.205301 -2.676332 55.508678 -0.553867 1.685368
Car -1 -1 -2.909852 173.572311 394.407928 465.168365 496.087250 1.333261 1.869430 4.794781 -12.598203 -1.705601 51.906904 3.135230 3.058383
Car -1 -1 1.806051 261.845886 294.391479 368.642578 379.252106 1.519330 1.502366 4.245978 -17.244086 -5.101438 70.475643 1.566084 1.269503
Car -1 -1 -1.511719 924.999878 260.765167 1007.480774 333.968750 1.549482 2.012769 4.276972 -0.742008 -7.049723 81.079224 -1.520870 0.773826
Car -1 -1 1.661927 649.930847 288.702087 738.474487 376.217957 1.591339 1.716532 4.240697 -7.575236 -5.179752 70.616641 1.555063 1.195440
Car -1 -1 1.711168 512.279541 295.167267 605.944885 378.435455 1.518841 1.630574 4.239617 -11.040286 -5.111407 70.590624 1.556026 1.209983
Car -1 -1 1.731066 463.204956 261.661682 552.169861 332.126526 1.499647 1.808570 4.245464 -14.351182 -7.191949 82.083634 1.557979 1.131729
Car -1 -1 1.760473 394.451019 297.057281 487.901306 372.536194 1.371490 1.544152 4.247846 -14.209138 -5.305034 71.483264 1.564255 1.109541
Car -1 -1 -1.577483 931.329895 218.354675 987.213806 274.162415 1.618426 1.815115 4.426466 -1.206826 -10.516395 99.398583 -1.589623 0.501783
Car -1 -1 -1.533295 1041.129028 184.072327 1088.226929 225.161499 1.499437 1.788227 4.255407 3.395576 -15.775661 128.642542 -1.506906 0.552569
Car -1 -1 1.772310 340.301361 273.219360 430.682495 347.815582 1.500231 1.459960 4.249170 -16.821972 -6.334176 76.827167 1.556753 1.182625
Car -1 -1 1.693964 563.840393 277.650879 639.591064 344.568665 1.308383 1.453269 4.244860 -10.970844 -6.484805 77.742492 1.553772 0.623293
Car -1 -1 -1.562740 935.214600 157.264221 969.320862 188.562866 1.401566 1.728574 4.246964 -2.252804 -21.163618 157.037026 -1.577085 0.454876
Car -1 -1 1.626593 731.102234 216.820328 791.789246 279.885712 1.739653 1.776581 4.243803 -8.103917 -10.144437 97.085145 1.543314 0.469862
Car -1 -1 1.659493 715.759094 240.611740 776.838379 297.138641 1.322936 1.542338 4.234168 -8.122737 -9.029087 91.173042 1.570636 0.365745
