Car -1 -1 -1.746381 1271.585815 634.320374 1481.838867 810.422302 0.914681 1.625007 4.241973 4.464805 2.016144 32.729367 -1.610802 2.816197
Car -1 -1 -1.613032 973.918762 376.165009 1078.964355 486.043823 1.473361 1.726468 4.234187 0.625371 -1.989235 53.430569 -1.601328 2.281571
Car -1 -1 -1.517570 704.645325 684.386353 903.114929 889.666138 0.904932 1.767627 4.243322 -1.913683 2.457108 28.964493 -1.583544 3.451700
Car -1 -1 -1.532004 809.702881 454.880249 937.320801 586.798340 1.259036 1.800704 4.252232 -1.878512 -0.271314 44.240583 -1.574440 2.149598
Car -1 -1 -1.650413 1026.251709 638.025208 1240.951782 905.369934 1.393072 1.704397 4.754363 1.341312 2.508824 28.899303 -1.604033 1.345929
Car -1 -1 -1.644938 1086.515137 342.186951 1185.243408 423.145660 1.161782 1.787168 4.267715 3.227684 -3.642241 62.793075 -1.593581 1.082265
Car -1 -1 1.644322 639.386963 299.465485 726.531067 388.704193 1.565074 1.713522 4.245369 -7.620523 -4.739126 68.348016 1.533285 1.197018
Car -1 -1 -1.554042 852.324707 258.696625 915.312378 319.591949 1.335743 1.721253 4.267807 -3.314096 -7.785670 85.052865 -1.592987 1.120457
Car -1 -1 -1.590642 955.908813 283.130066 1025.317993 348.279633 1.245834 1.750657 4.257722 -0.076525 -6.387331 77.578066 -1.591628 1.209643
Car -1 -1 -1.382427 189.937286 835.291077 532.740540 1079.095337 1.226011 1.839246 4.241368 -5.082688 3.855272 22.971695 -1.600177 3.792730
Car -1 -1 -1.610795 1028.730225 214.514236 1080.360840 261.242462 1.341318 1.723244 4.236994 2.395051 -11.983098 108.242310 -1.588672 0.773300
Car -1 -1 1.297952 681.856445 287.423309 783.695862 361.040100 1.336755 1.563987 4.225810 -6.990283 -5.765838 73.624932 1.203291 0.583018
Car -1 -1 -1.576042 942.627136 232.959534 997.752502 284.315247 1.306305 1.720477 4.255050 -0.803306 -10.144796 98.359059 -1.584209 0.983154
Car -1 -1 -1.548574 854.548645 215.709183 905.000732 261.843628 1.269867 1.766414 4.260937 -4.357276 -11.972702 108.011082 -1.588894 0.794804
Car -1 -1 -1.589257 1015.186340 185.284668 1059.063110 223.693466 1.371738 1.836916 4.241081 2.078884 -15.887670 128.909259 -1.573131 0.696311
Car -1 -1 -1.564708 936.027466 199.587296 981.390320 241.736176 1.366974 1.728445 4.252022 -1.398891 -13.584001 116.205873 -1.576745 0.770504
Car -1 -1 1.663358 693.801453 248.361893 764.654602 311.429718 1.359773 1.672858 4.247917 -8.070129 -8.034027 84.869607 1.568554 1.054767
Car -1 -1 -1.441468 1061.036255 169.714005 1105.624878 204.070084 1.356630 1.732169 4.233751 4.784547 -18.657734 143.767127 -1.408201 0.307083
Car -1 -1 -1.680585 1195.379028 193.083649 1247.993408 234.810654 1.389304 1.782941 4.258567 10.061930 -14.446525 121.046415 -1.597651 0.564625
Car -1 -1 -1.564663 942.917480 165.128708 979.798462 198.827835 1.387295 1.802508 4.254735 -1.646410 -19.135052 145.754028 -1.575958 0.492267
Car -1 -1 -1.585527 997.107849 144.571213 1029.514893 175.266678 1.565947 1.818578 4.254399 1.345507 -24.522828 176.071242 -1.577885 0.286607
Car -1 -1 -1.574332 988.013123 129.231339 1014.836548 154.071030 1.626015 1.872755 4.255519 0.642792 -29.558814 202.350537 -1.571156 0.224908
Car -1 -1 -1.559630 941.396301 141.166260 971.477661 170.011581 1.548953 1.766109 4.252360 -2.352879 -24.700279 176.215056 -1.572981 0.202846
