Car -1 -1 2.965369 1107.509033 195.391342 1257.631104 254.100815 1.569819 1.895367 4.189238 6.306753 -8.712487 71.268684 3.053631 1.992163
Car -1 -1 -1.550485 715.691711 688.806885 924.478699 925.436951 0.587063 1.612445 4.244695 -1.545133 2.573153 20.497687 -1.625724 3.140391
Car -1 -1 -3.109250 770.253723 190.071655 941.247925 268.012268 1.881905 2.059199 4.959423 -4.291395 -8.225748 69.682790 3.112428 1.729881
Car -1 -1 2.861313 1426.192627 203.923981 1592.676392 261.694366 1.387776 1.863693 4.304927 16.351435 -8.173751 68.490200 3.095667 2.252322
Car -1 -1 2.730564 968.405762 219.279510 1140.557861 282.065399 1.374738 1.896386 4.539466 2.001295 -7.311979 65.434941 2.761139 1.683577
Car -1 -1 3.102755 658.213989 193.156006 807.734985 257.962067 1.611316 1.888527 4.512057 -8.313941 -8.703122 71.463164 2.986936 1.217054
Car -1 -1 -2.550618 483.190186 221.709229 645.273560 282.613098 1.225212 1.871139 4.006707 -12.602405 -7.239372 64.674310 -2.743066 1.732882
Car -1 -1 -2.844153 0.000000 197.675064 120.324577 251.385529 1.376800 1.820584 4.501401 -32.877622 -9.369972 75.255568 3.027143 0.457879
Car -1 -1 -2.984345 327.477692 208.923874 473.673065 263.095795 1.351022 1.884451 4.017255 -19.163751 -8.450536 71.097288 3.035555 1.477085
Car -1 -1 -1.616997 902.501648 131.267838 947.246948 171.404053 1.546711 1.934784 4.283357 -3.247054 -17.521473 111.010004 -1.646239 0.502594
Car -1 -1 2.928912 1319.581299 162.804337 1448.792603 214.804596 1.615148 1.874614 4.211224 15.644880 -12.068609 86.345311 3.108157 1.247728
Car -1 -1 -2.247966 991.604858 156.408981 1077.825317 200.139633 1.361358 1.704343 3.856122 1.912435 -13.843123 94.603941 -2.227753 0.601850
Car -1 -1 -2.896770 240.391556 201.140427 380.421112 256.549438 1.369870 1.862137 3.703673 -22.772582 -8.952838 73.146426 3.084597 1.034126
Car -1 -1 2.873382 1482.607666 186.043640 1624.319458 237.983871 1.310043 1.844361 3.871763 20.449614 -10.234578 78.091499 3.129498 0.392764
Car -1 -1 2.466764 576.082764 160.626251 660.738953 202.021393 1.321718 1.809598 3.573033 -16.224622 -13.850980 95.392642 2.298294 0.275716
Car -1 -1 1.607416 790.619629 94.940910 820.739502 125.066109 1.612725 1.807522 4.294212 -13.267599 -28.033887 157.804825 1.523537 0.198921
