Car -1 -1 -1.604786 1720.372925 484.306183 1891.533813 661.120972 1.082109 1.788875 4.213224 10.774994 0.980475 28.809333 -1.246883 2.917469
Car -1 -1 -1.311718 973.109192 430.684448 1128.768433 547.046265 0.864210 1.374711 4.316423 1.291546 -0.320079 37.913629 -1.277666 2.363002
Car -1 -1 -1.493050 1460.762573 446.857697 1615.442383 586.394226 0.944126 1.855839 4.295264 8.617601 0.196561 33.556999 -1.241677 2.183982
Car -1 -1 -1.308810 963.396912 722.126831 1230.421387 944.805237 0.651068 1.359754 4.217628 1.340504 3.145519 22.647380 -1.249688 2.620757
Car -1 -1 1.929641 791.654236 407.750946 954.533936 528.865723 1.017899 1.132436 4.514963 -1.862758 -0.616778 39.639298 1.882683 1.986778
Car -1 -1 -1.604044 1692.079224 352.702148 1811.162109 463.258118 1.027902 1.749390 4.239277 13.895486 -1.631361 39.639084 -1.266879 2.694106
Car -1 -1 -1.523512 1533.460815 315.489777 1635.841919 407.492340 1.059850 1.787215 4.245512 13.028492 -2.939664 47.175176 -1.254056 2.095551
Car -1 -1 1.810435 1000.215759 279.737549 1102.593628 371.938110 1.593240 1.487261 4.252023 1.875494 -4.212476 56.510623 1.843611 1.387789
Car -1 -1 -1.154790 537.699707 675.723572 884.933533 949.369385 1.061213 1.409007 4.460381 -2.551606 3.093383 22.344913 -1.268489 3.904580
Car -1 -1 -1.420293 1310.177979 361.323395 1447.347656 471.629852 0.995318 1.690804 4.410720 8.131800 -1.726209 44.377201 -1.239061 0.987512
Car -1 -1 1.416018 1279.450317 263.135590 1359.614990 333.338348 1.147810 1.254634 4.238281 9.173132 -5.399787 59.684685 1.568518 1.054294
Car -1 -1 0.734263 0.375689 376.148193 163.830719 460.830292 1.605939 1.836245 3.963967 -25.159937 -2.172826 61.068502 0.343459 0.517199
Car -1 -1 -1.460272 1417.365845 275.376129 1513.450317 351.334534 1.135642 1.714303 4.266223 12.444345 -4.692933 56.114664 -1.242038 1.130200
Car -1 -1 -1.991937 855.250488 252.938385 960.929993 310.579071 1.412184 1.498149 4.246673 -2.673481 -7.386396 75.776569 -2.027204 0.254907
Car -1 -1 -1.633277 1674.090454 207.582214 1752.023560 269.964111 1.164384 1.808416 4.251350 22.039899 -7.725789 66.062832 -1.311268 1.205494
Car -1 -1 1.759265 1157.206909 210.670807 1239.646606 282.486115 1.629364 1.671455 4.367753 7.375172 -8.187913 73.673620 1.859038 0.604273
Car -1 -1 0.677611 123.871544 351.958191 295.758881 428.049805 1.477326 1.856400 3.967843 -22.105286 -3.076849 63.093207 0.340616 0.997153
Car -1 -1 1.626874 1382.456543 215.600052 1448.405640 279.345093 1.298292 1.669681 4.288576 13.453801 -7.612970 67.791099 1.822788 0.803676
Car -1 -1 -1.556308 1553.370117 231.055664 1632.616333 300.351257 1.199495 1.833352 4.248966 17.248919 -6.447243 61.664538 -1.283558 1.404597
Car -1 -1 0.603639 243.576904 326.181244 409.636627 387.897827 1.219248 1.801054 4.131022 -20.497381 -4.560897 69.106062 0.315298 0.850748
Car -1 -1 1.831229 1054.238037 237.836685 1128.626465 292.321655 1.182390 1.428707 4.247274 3.852781 -8.107913 76.127952 1.881795 0.897630
Car -1 -1 1.704342 1278.651001 215.167557 1346.789307 271.065643 1.090434 1.460108 4.259817 11.203843 -8.598370 73.799978 1.855005 0.770336
Car -1 -1 1.705930 1320.756592 177.890350 1382.489624 231.406601 1.379881 1.656149 4.297050 14.557757 -11.312801 85.793622 1.874012 0.639678
Car -1 -1 -1.518700 1483.995117 215.652786 1552.218994 276.169373 1.144531 1.726920 4.251966 17.145840 -7.975750 69.791428 -1.277799 1.076421
Car -1 -1 -1.571247 1666.834839 164.604965 1728.955322 220.887131 1.418091 1.893409 4.309323 26.236830 -10.954587 80.292127 -1.255418 0.717501
Car -1 -1 1.746019 1239.535889 189.004578 1300.607178 237.339661 1.290969 1.577749 4.250360 12.005622 -11.744902 91.013947 1.877171 0.757276
Car -1 -1 1.809130 1080.191650 259.506531 1163.710693 324.113098 1.165642 1.363666 4.246896 4.251061 -6.135976 65.259732 1.874179 1.085117
Car -1 -1 2.394362 1009.901306 191.552246 1099.750732 232.832764 1.317331 1.706412 3.752103 3.487203 -13.573522 103.983925 2.427886 0.193808
Car -1 -1 -1.616299 898.104492 297.431030 971.683350 364.941772 1.093706 1.524910 4.237335 -1.334640 -4.858532 62.567656 -1.637627 0.962832
Car -1 -1 0.696203 106.884949 335.037048 250.104294 393.571320 1.201748 1.814020 3.584963 -26.668929 -4.628951 72.541834 0.343905 0.479834
Car -1 -1 -1.800891 912.912476 271.723267 990.685486 330.252686 1.111531 1.400401 4.255075 -0.976005 -6.173093 68.266371 -1.815187 0.760359
Car -1 -1 1.842513 1121.596558 165.793671 1180.328491 208.561874 1.451608 1.485145 4.263645 9.137764 -16.590187 117.650995 1.920026 0.411349
Car -1 -1 1.686949 1359.694702 161.893753 1410.370483 204.703476 1.389180 1.680025 4.248889 18.728473 -14.444131 101.482073 1.869445 0.582748
Car -1 -1 -1.570680 1681.012329 128.913773 1723.615723 166.512802 1.305878 1.739153 4.267766 36.002211 -17.377128 109.709367 -1.253593 0.482083
Car -1 -1 1.662421 1425.868164 169.420731 1475.043701 213.189911 1.280972 1.465858 4.262088 19.727538 -12.774834 92.133073 1.873356 0.480151
Car -1 -1 1.782708 1252.027954 161.439835 1302.764160 201.443542 1.335989 1.481310 4.254614 14.611839 -15.455087 107.808427 1.917422 0.345217
Car -1 -1 1.761222 1306.753784 164.466949 1360.664429 204.977585 1.375476 1.522653 4.247520 16.831964 -14.811135 104.134421 1.921473 0.414922
Car -1 -1 -1.527355 1586.331421 124.834068 1628.501099 164.135345 1.467176 1.732415 4.316278 32.667411 -18.178051 114.154559 -1.248636 0.406370
Car -1 -1 1.806431 1198.015503 184.855957 1253.850098 226.205292 1.230769 1.435957 4.261716 11.061062 -13.128150 98.475707 1.918285 0.415259
Car -1 -1 -1.519487 1527.345459 138.165588 1590.832764 205.871460 2.033751 2.031642 4.872002 23.923711 -12.911496 90.486970 -1.261013 0.160861
Car -1 -1 -1.562335 1640.085693 102.761467 1673.522827 131.027603 1.259585 1.707163 4.221198 43.778444 -24.578683 142.271951 -1.263820 0.230385
Car -1 -1 1.672300 1394.714478 126.866356 1433.244995 159.773392 1.372986 1.476905 4.258013 26.167515 -21.286659 132.659072 1.867054 0.228902
Car -1 -1 1.666244 1439.511963 154.825928 1485.100464 193.842026 1.278681 1.552788 4.255755 22.411241 -14.977067 102.063839 1.882394 0.344431
Car -1 -1 -1.555234 1643.107910 77.381805 1670.729370 103.522659 1.364662 1.655084 4.243044 51.561420 -30.797256 167.077824 -1.255899 0.053247
Car -1 -1 -1.567653 1695.674561 102.372292 1727.813599 133.581512 1.335227 1.619293 4.239966 44.967407 -23.211666 134.964581 -1.246041 0.165985
Car -1 -1 0.722992 0.072733 365.532166 108.569923 421.485596 1.307678 1.802911 3.748049 -30.486008 -3.462861 70.767942 0.316228 0.102872
