Car -1 -1 1.811019 411.782562 291.183197 515.868652 369.074493 1.191095 1.431630 4.279297 -12.934333 -5.297306 55.954428 1.583851 1.320982
Car -1 -1 -1.046878 1738.981934 420.195648 1920.439941 549.935242 1.238426 1.892104 4.396788 15.523605 -0.873125 37.628175 -0.655598 2.015714
Car -1 -1 1.840223 214.389648 361.437958 354.813324 462.895294 1.088990 1.306796 4.371124 -13.419980 -2.470794 42.919523 1.537176 2.084922
Car -1 -1 -1.738245 595.947937 327.778076 696.379883 410.586823 1.103929 1.462439 4.242984 -7.593090 -3.929227 50.696186 -1.886916 1.579227
Car -1 -1 -1.559595 898.606262 389.180542 1004.648438 490.862915 1.032383 1.745935 4.242654 -0.350881 -1.972867 42.306832 -1.567888 2.357663
Car -1 -1 1.391268 749.447754 272.638153 836.494995 342.557678 1.266894 1.580979 4.273027 -5.106344 -6.526514 62.331615 1.309528 1.071477
Car -1 -1 1.479722 680.745667 237.794739 753.535461 303.609192 1.544378 1.811225 4.493134 -8.444733 -8.673007 72.332058 1.363499 0.452934
Car -1 -1 1.645241 724.493530 186.388504 770.289673 231.051849 1.586867 1.716251 4.301410 -10.404628 -15.218397 102.050957 1.543637 0.590094
Car -1 -1 1.672927 686.258850 203.352417 740.276550 254.166351 1.545682 1.720201 4.503451 -10.642462 -12.734786 90.980008 1.556481 0.485996
Car -1 -1 1.627563 755.687683 173.345901 793.899231 209.936905 1.468229 1.582321 4.252701 -10.568872 -18.794165 118.818437 1.538847 0.419928
Car -1 -1 0.194394 1297.020264 156.958450 1365.308228 188.504639 1.564961 1.854805 3.831847 23.015954 -23.080259 138.383050 0.359206 0.163033
Car -1 -1 1.629660 770.847900 160.419449 805.755432 193.397873 1.551815 1.836396 4.268078 -11.335610 -22.396660 135.772647 1.546364 0.234797
