Car -1 -1 1.877991 187.606354 245.246567 286.986816 319.919678 1.585631 1.469796 4.205613 -21.399690 -7.412832 66.785363 1.567903 1.315789
Car -1 -1 -1.634581 954.555481 784.334534 1199.073364 1063.050293 0.634217 1.758733 4.582427 1.133356 3.254178 20.230336 -1.578617 2.913572
Car -1 -1 1.790213 369.603424 195.889923 464.864197 287.701935 2.248690 1.770693 5.081050 -17.890517 -9.449692 75.291831 1.556923 0.470890
Car -1 -1 1.916765 59.836094 257.753571 160.095215 323.765961 1.337012 1.324123 4.222570 -25.243681 -7.279106 66.657842 1.554750 1.167569
Car -1 -1 1.814355 305.796082 252.191208 400.855499 319.511871 1.372612 1.574761 4.229039 -17.936732 -7.446793 67.014967 1.552832 1.512776
Car -1 -1 1.892125 140.024399 233.152420 228.830551 294.083252 1.372605 1.264681 4.224401 -25.356013 -8.937786 73.609375 1.560388 1.041143
Car -1 -1 1.840280 258.660187 220.565918 338.239655 287.658417 1.654935 1.263277 4.278438 -21.862655 -9.238788 74.612773 1.555244 1.056760
Car -1 -1 1.691955 585.846008 136.274307 623.629883 164.828476 1.432612 1.724406 4.242439 -22.160299 -25.121573 144.278718 1.539552 0.465750
Car -1 -1 1.805875 344.996124 206.063553 411.333160 255.600906 1.427937 1.446188 4.246035 -21.944057 -11.727991 85.778338 1.555424 0.676305
Car -1 -1 1.664639 656.910522 113.770653 685.983337 138.476700 1.584197 1.772621 4.232790 -22.635330 -34.033452 183.854215 1.542139 0.199500
