Car -1 -1 2.747763 221.722366 397.208740 502.709930 505.935150 1.115478 1.901503 4.242606 -10.666528 -1.509249 40.469548 2.490054 4.351257
Car -1 -1 -1.304943 142.816727 710.711487 448.863892 968.905212 0.844365 1.621100 4.217041 -6.173405 2.803304 21.573251 -1.583654 4.748465
Car -1 -1 1.785023 371.134155 198.004608 463.594818 286.213959 2.265422 1.850300 4.891719 -17.942251 -9.434421 75.463501 1.551597 0.428900
Car -1 -1 1.878813 186.210983 243.718491 288.202454 321.567810 1.631040 1.530734 4.216504 -21.331807 -7.360815 66.580151 1.568754 1.302843
Car -1 -1 -1.629456 955.277771 783.520935 1199.210571 1065.802368 0.658075 1.762218 4.588224 1.128728 3.246148 20.052676 -1.573228 2.829522
Car -1 -1 -1.848240 1339.494873 770.253906 1682.654541 1060.695801 0.812962 1.725277 4.324557 5.091352 3.283522 20.270005 -1.602154 3.960613
Car -1 -1 1.919893 59.273560 256.805969 160.553940 323.314117 1.348399 1.296768 4.213751 -25.302135 -7.316664 66.821904 1.557926 1.097036
Car -1 -1 1.808884 306.003571 252.712631 400.234467 319.832703 1.349991 1.568516 4.236213 -17.924231 -7.439332 66.955602 1.547314 1.486105
Car -1 -1 1.760104 448.278900 202.733826 516.242310 255.268387 1.506166 1.580660 4.224165 -17.772673 -11.652060 85.071467 1.554152 1.117084
Car -1 -1 -1.444093 448.243469 814.509705 765.816833 1080.000000 1.139516 1.946369 4.361221 -2.660724 3.855811 18.808586 -1.584624 2.590170
Car -1 -1 1.707088 571.066040 160.741547 618.899170 199.554977 1.515579 1.709867 4.247566 -17.825456 -18.048225 112.984755 1.550609 0.650732
Car -1 -1 1.843319 258.733307 220.619553 337.544556 288.271576 1.653961 1.243256 4.282676 -21.854017 -9.219611 74.547647 1.558154 1.081343
Car -1 -1 1.898543 125.733391 240.240143 215.736618 301.020325 1.384699 1.199233 4.212353 -25.233167 -8.490974 71.785456 1.560525 1.219657
Car -1 -1 1.739574 490.246277 140.290787 534.635010 174.907257 1.649415 1.812756 4.245867 -25.991295 -22.569176 132.906701 1.546451 0.370188
Car -1 -1 1.811701 339.031616 207.556808 406.046295 256.469635 1.338255 1.433495 4.228429 -22.326666 -11.815869 86.367776 1.558732 0.832669
Car -1 -1 1.742973 481.096100 192.182419 538.167603 237.172058 1.372804 1.466431 4.223176 -18.375095 -13.465117 93.460511 1.548841 0.771556
Car -1 -1 1.756231 449.582397 176.365540 504.185974 216.034409 1.244032 1.485060 4.231199 -21.672353 -15.662440 102.077090 1.547024 0.700681
Car -1 -1 1.682661 615.877075 138.116669 658.301575 175.757309 1.778239 1.859268 4.241926 -18.429725 -22.542857 132.853417 1.544819 0.441473
Car -1 -1 1.756640 440.586273 162.064377 490.645111 196.404755 1.358115 1.647955 4.224646 -25.374921 -18.795204 116.497858 1.542175 0.370033
Car -1 -1 1.711412 549.713379 145.939575 591.352295 179.525223 1.468022 1.694593 4.246299 -22.123105 -22.027704 130.936426 1.544032 0.430801
Car -1 -1 1.660376 688.321594 117.301773 716.739197 141.527130 1.600991 1.789773 4.250249 -19.392136 -32.692420 178.290459 1.552034 0.094758
