Car -1 -1 2.799346 1625.180908 263.718231 1781.187378 326.693451 1.492767 1.824481 3.810332 22.605717 -7.323035 67.378152 3.123050 2.484405
Car -1 -1 0.780095 840.158325 297.517517 997.423035 371.400940 1.256958 1.891711 3.605752 -1.400869 -5.338118 57.713304 0.755827 1.534948
Car -1 -1 1.259534 721.844604 265.380890 819.875793 335.138092 1.361328 1.455180 4.251249 -5.932974 -6.924610 64.429937 1.167709 1.193459
Car -1 -1 -2.493166 168.018036 273.524200 348.655853 341.244690 1.303016 1.843249 4.146935 -20.380762 -6.516031 62.417568 -2.808775 1.868207
Car -1 -1 -1.622069 931.025024 259.382812 999.003601 318.251801 1.212728 1.677012 4.245493 -0.179221 -7.988212 69.974758 -1.624630 1.176861
Car -1 -1 -1.600757 888.296875 212.762695 940.907654 259.947174 1.317231 1.818206 4.280978 -2.330086 -12.493364 90.710874 -1.626439 0.731347
Car -1 -1 -1.591123 928.903748 194.497971 970.328430 230.935059 1.300318 1.736646 4.276969 -1.031281 -16.362155 109.578669 -1.600534 0.779176
Car -1 -1 1.618564 669.934937 221.362106 727.950256 273.375580 1.351730 1.739470 4.280415 -10.304039 -11.006604 83.249170 1.495417 0.950433
Car -1 -1 1.472420 685.900513 245.513855 749.683960 300.892670 1.252792 1.511504 4.243777 -8.580352 -8.938869 74.085092 1.357116 1.013359
Car -1 -1 0.200239 1296.724731 157.304443 1365.316528 188.600967 1.576490 1.865558 3.857339 23.196923 -23.258293 139.512538 0.365003 0.170977
