Car -1 -1 -1.482475 536.422913 664.288025 766.571777 876.280212 0.867477 1.794819 4.272295 -3.325252 2.328290 27.918897 -1.601021 2.175325
Car -1 -1 -1.350564 155.176941 643.190735 443.010223 875.877563 1.055537 1.683537 4.261519 -6.669073 2.272688 27.270875 -1.590406 3.086787
Car -1 -1 -1.596610 929.888794 668.346863 1136.296753 868.687012 0.824296 1.813625 4.277931 0.363792 2.326870 28.352873 -1.583780 2.682161
Car -1 -1 0.777365 821.648499 320.381042 1018.515381 409.409363 1.336818 1.888860 3.857248 -1.572779 -3.438284 61.433008 0.751769 1.639777
Car -1 -1 -1.836674 1370.906738 691.768677 1885.146118 1080.000000 2.077197 2.238925 5.776642 4.804280 3.669795 22.350152 -1.624940 1.800446
Car -1 -1 -1.734516 1287.364990 606.779175 1527.381836 834.904907 1.101062 1.564685 4.663443 4.393384 2.072940 29.896604 -1.588608 1.857166
Car -1 -1 1.780045 190.401123 242.731049 280.529572 308.751038 1.523885 1.627135 4.260536 -23.122402 -7.459602 84.912192 1.514182 0.872924
Car -1 -1 -1.608633 879.351318 862.429993 1165.522461 1078.927856 0.959648 1.802840 4.264518 0.140329 3.778055 21.112568 -1.601987 3.058370
Car -1 -1 -1.438009 351.555298 882.291565 683.796448 1078.488647 0.927987 1.721478 4.267419 -3.360938 3.849878 20.539780 -1.600202 2.374811
Car -1 -1 1.745651 386.404541 226.662811 461.946289 281.528137 1.345321 1.644384 4.247240 -19.458747 -9.247497 95.290832 1.544217 0.730520
Car -1 -1 1.703846 483.415222 192.935364 546.191528 240.660431 1.592675 1.801681 4.245461 -19.768205 -12.621277 115.124471 1.533793 0.703819
Car -1 -1 1.872103 1.466735 223.805374 86.765060 286.587769 1.476910 1.529381 4.253236 -32.201032 -9.040358 94.247708 1.542873 0.439712
Car -1 -1 1.759819 369.210999 208.243561 434.048126 255.486786 1.331775 1.524509 4.240338 -23.075055 -11.450702 108.575527 1.550409 0.489515
Car -1 -1 1.781750 219.660538 201.360733 301.384552 269.356110 1.889320 1.637649 4.870373 -26.993878 -10.446381 102.660029 1.524626 0.262608
Car -1 -1 1.743958 434.317902 191.391693 490.247040 230.690521 1.305646 1.589704 4.262420 -23.776811 -14.129270 124.748441 1.555619 0.543930
Car -1 -1 1.775213 314.374329 199.480927 383.573456 241.787552 1.317497 1.731612 4.252551 -27.133783 -12.890741 117.234869 1.547770 0.546173
Car -1 -1 -1.810446 1194.077515 171.601654 1246.853882 208.487930 1.489164 1.742948 4.264035 12.102542 -17.725825 146.988922 -1.728295 0.244267
Car -1 -1 1.691587 548.285461 160.867828 588.885376 194.618835 1.434337 1.602933 4.244018 -24.011833 -19.781321 157.939687 1.540711 0.236304
