Car -1 -1 -1.775432 1224.680176 586.515747 1446.271729 766.285156 0.718880 1.493826 4.373901 4.065456 1.507178 30.898537 -1.644609 1.808980
Car -1 -1 -1.635521 898.099060 595.415894 1087.244019 782.694153 0.807145 1.678016 4.258382 0.244102 1.650340 30.241325 -1.627450 3.111624
Car -1 -1 -1.645949 860.126160 442.817291 1001.980774 575.901367 0.908722 1.629569 4.266430 -0.489206 -0.275544 40.116980 -1.658143 1.746288
Car -1 -1 -1.607277 837.446045 303.816895 934.390747 388.544861 1.104009 1.761176 4.250546 -1.663385 -3.816266 60.016391 -1.634985 1.424537
Car -1 -1 1.802333 78.548393 202.736374 174.941269 272.298798 1.534190 1.667554 4.264178 -25.336663 -8.446313 84.393287 1.510674 0.960170
Car -1 -1 -1.662548 975.569824 286.540009 1071.388794 367.084442 1.118170 1.682866 4.227113 1.397063 -4.476344 63.518603 -1.640557 1.130955
Car -1 -1 1.736885 285.153809 202.716110 376.538055 277.332458 1.572605 1.801577 4.277760 -18.541034 -8.086552 81.793102 1.513970 0.835995
Car -1 -1 1.748117 156.875137 270.441498 280.832581 356.484161 1.259422 1.791960 4.320891 -16.965588 -4.703496 63.551360 1.487242 1.015669
Car -1 -1 -1.609406 922.680420 213.250763 993.104736 274.497986 1.232509 1.680552 4.254072 -0.150392 -8.286897 83.112602 -1.611215 0.969151
Car -1 -1 1.759097 185.097015 183.380081 263.089081 231.179520 1.214075 1.635938 4.264390 -26.261421 -11.191987 98.853663 1.499435 0.912293
Car -1 -1 1.767875 253.217102 193.415817 337.888000 247.972076 1.271490 1.730398 4.267016 -22.210747 -10.049162 92.625268 1.532527 0.724026
Car -1 -1 1.716063 317.065247 142.727081 374.333801 182.708557 1.319259 1.703126 4.263134 -27.217959 -15.819051 122.656649 1.497697 0.590522
Car -1 -1 1.775679 114.801567 170.295425 191.415466 222.200546 1.364129 1.645281 4.256778 -29.864230 -11.948913 102.546642 1.492291 0.787735
Car -1 -1 1.746528 241.529846 140.159866 301.511200 180.822922 1.358671 1.732847 4.253866 -31.425166 -16.435106 126.533716 1.503099 0.447749
