Car -1 -1 -2.579627 978.898865 253.644669 1164.817383 335.339508 1.572807 1.858506 4.238995 2.594849 -5.973973 74.962883 -2.545025 1.806027
Car -1 -1 2.911083 1611.938599 321.413116 1832.820190 400.658875 1.319279 1.851818 4.161056 17.017968 -3.581813 63.015317 -3.108334 2.599062
Car -1 -1 -1.632940 773.463684 751.044312 1030.264160 1025.677734 0.892088 1.712548 4.234581 -0.737437 2.994818 23.624408 -1.664145 2.941915
Car -1 -1 2.992216 1388.409180 308.366516 1596.446533 380.067047 1.288507 1.849268 4.325258 12.370430 -4.174572 66.110646 -3.105991 2.747180
Car -1 -1 -1.525032 396.917389 717.025269 634.804077 981.078003 0.924723 1.801367 4.244333 -4.022576 2.792215 24.671890 -1.686653 3.278824
Car -1 -1 -2.886919 209.880463 291.513611 420.385376 378.114105 1.422950 1.852491 3.951645 -14.998003 -4.092522 63.061306 -3.120413 2.513777
Car -1 -1 -2.831218 63.185345 250.618240 288.690674 344.712555 1.792211 1.983389 4.476013 -20.179455 -5.336498 70.000850 -3.111883 1.840897
Car -1 -1 1.698425 447.435760 196.415787 517.835693 282.669708 2.000346 1.478439 4.596364 -16.038794 -8.792468 90.028041 1.522121 0.350815
Car -1 -1 1.662823 542.755432 227.715790 616.254883 286.511841 1.310297 1.786239 4.262917 -12.650099 -8.432782 88.526407 1.520888 0.680906
Car -1 -1 1.664488 612.516663 169.640915 660.454834 212.502228 1.425111 1.729518 4.240034 -15.330596 -14.935969 125.221524 1.542667 0.385224
Car -1 -1 1.661566 667.625977 135.349457 703.015808 165.499451 1.560390 1.711412 4.258317 -17.968633 -22.992268 171.225538 1.557007 0.279600
Car -1 -1 1.647318 554.337524 209.047653 622.439941 266.414032 1.401880 1.793395 4.267863 -13.441631 -9.990326 96.762370 1.509288 0.437015
Car -1 -1 -1.812999 1516.283081 163.385361 1589.873901 205.208282 1.505780 1.925287 4.287105 27.795851 -16.060587 132.318012 -1.605941 0.169242
