Car -1 -1 -1.464066 435.605804 648.104126 627.472839 833.801514 0.865673 1.616126 4.231678 -5.127952 2.124345 31.335059 -1.626278 2.079902
Car -1 -1 1.664340 641.635193 296.272675 727.247070 370.467468 1.325753 1.654490 4.244896 -7.966642 -5.389313 71.769517 1.553789 1.152018
Car -1 -1 1.699946 534.632935 239.005783 602.347717 289.001770 1.250955 1.672910 4.257019 -14.546622 -9.640886 95.073981 1.548120 0.860981
Car -1 -1 -1.555489 868.349670 247.680237 926.394775 303.691193 1.306278 1.697808 4.248640 -3.127142 -8.777423 90.715603 -1.589947 1.088171
Car -1 -1 -1.610164 1035.074585 266.921387 1107.732544 337.226959 1.464952 1.854580 4.249273 2.257183 -6.893732 80.248684 -1.582044 1.015374
Car -1 -1 -1.604913 1025.418579 205.554535 1078.861206 256.218567 1.544097 1.902936 4.238876 2.358375 -12.367251 110.006065 -1.583477 0.708782
Car -1 -1 1.696461 568.149292 187.531693 619.518555 228.814468 1.415625 1.715094 4.254632 -17.779056 -14.957166 123.258364 1.553207 0.600340
Car -1 -1 -1.496524 1046.220581 153.006119 1096.768921 211.081390 2.291498 2.006974 4.728681 3.839843 -16.862387 132.398683 -1.467530 0.176006
Car -1 -1 -1.574158 941.064453 133.677856 969.163879 161.182159 1.597032 1.813925 4.247255 -2.583658 -27.517811 191.191160 -1.587671 0.324027
Car -1 -1 1.645887 740.954529 211.117355 795.894470 263.078217 1.492174 1.709463 4.243412 -8.478074 -11.538165 104.755194 1.565130 0.670020
Car -1 -1 1.646373 682.050476 263.875366 755.476013 337.853455 1.534307 1.609536 4.238867 -8.023403 -7.009054 81.416277 1.548142 1.037780
Car -1 -1 -1.587477 997.336548 149.669998 1029.833496 176.563980 1.335893 1.782289 4.258534 1.296393 -23.668018 170.582428 -1.579878 0.335789
Car -1 -1 1.635239 738.620239 142.672821 770.749756 170.114319 1.414775 1.657166 4.245972 -15.434384 -25.257221 179.149407 1.549297 0.240336
Car -1 -1 1.734364 501.731995 154.576920 549.073669 191.247070 1.612757 1.636614 4.268273 -26.152029 -20.721373 154.830814 1.567036 0.236817
Car -1 -1 1.645779 707.557129 254.263763 768.775085 312.797577 1.264751 1.503706 4.238210 -7.990069 -8.232251 87.378632 1.554591 0.554615
Car -1 -1 -1.666856 1137.069214 158.261215 1183.163940 193.845230 1.578675 1.917158 4.261339 9.417515 -20.780466 155.986987 -1.606556 0.179347
Car -1 -1 1.687035 630.898682 153.880142 670.920410 183.194870 1.433705 1.735634 4.262016 -20.606576 -22.730270 166.621987 1.563987 0.184377
Car -1 -1 -1.579410 1090.948853 133.779160 1127.246460 162.576294 1.676125 2.066858 4.250935 7.900084 -27.055097 189.313450 -1.537704 0.078675
Car -1 -1 -1.600797 1115.684570 139.935135 1153.410522 168.047562 1.532711 1.945549 4.228320 9.387937 -25.786268 182.246952 -1.549330 0.062843
