Car -1 -1 -1.676861 1122.155273 403.952362 1239.798584 505.681824 1.105687 1.646728 4.250897 3.436440 -1.638396 50.995007 -1.609575 1.926656
Car -1 -1 -2.168815 1433.849243 301.569580 1587.553955 379.171143 1.372609 1.514726 4.225286 13.231734 -5.087006 70.497673 -1.983283 1.089019
Car -1 -1 2.010185 0.000000 284.447754 122.683273 373.887695 1.686758 1.777539 4.538274 -25.222821 -5.505621 73.920147 1.681356 0.691553
Car -1 -1 1.825619 182.862274 256.564178 272.837860 313.925903 1.321824 1.542512 4.256274 -24.611051 -8.306359 89.094481 1.556105 1.111514
Car -1 -1 1.650649 644.896484 301.595703 726.867554 382.119659 1.406956 1.601965 4.256517 -7.677603 -4.946411 69.423282 1.540506 1.143162
Car -1 -1 -1.689151 1323.466309 263.511444 1404.531860 330.441772 1.409764 1.667306 4.246307 11.128063 -7.322875 82.991356 -1.555859 0.967843
Car -1 -1 -1.600838 1044.953247 235.586288 1105.085571 287.207916 1.312049 1.868876 4.257935 2.888786 -9.943694 97.298785 -1.571157 1.158478
Car -1 -1 -1.570498 1025.991577 181.490936 1069.742798 223.348465 1.598585 1.852319 4.256936 2.662879 -16.190374 131.642901 -1.550272 0.485714
Car -1 -1 -1.571526 940.942627 186.235779 981.755798 225.519928 1.378561 1.708178 4.264649 -1.463268 -15.719836 128.242026 -1.582936 0.743389
Car -1 -1 1.807254 264.704010 230.049530 343.459503 281.712921 1.384831 1.652617 4.251525 -25.052687 -10.432721 100.554122 1.563079 0.834352
Car -1 -1 -1.574393 991.505127 136.768814 1020.153992 161.631790 1.340461 1.800739 4.253569 0.869946 -27.530115 191.471037 -1.569849 0.364633
Car -1 -1 -1.687413 1198.750854 204.141678 1251.727051 246.949188 1.364621 1.686781 4.244486 9.706201 -13.259846 114.891752 -1.603132 0.540920
Car -1 -1 -1.373119 1067.163940 169.370651 1111.963379 203.414429 1.398609 1.570005 4.249414 5.134321 -18.797134 144.738927 -1.337660 0.309384
Car -1 -1 1.653418 704.906250 222.604279 775.291443 296.746979 1.904784 1.882067 4.451284 -8.514596 -9.334805 93.770449 1.562864 0.518310
Car -1 -1 1.552320 661.594849 279.929657 743.265564 351.882599 1.353814 1.620270 4.265169 -8.018828 -6.212549 76.501312 1.447882 0.600491
Car -1 -1 -1.607639 1091.558716 137.614792 1123.761230 165.404999 1.418433 1.791493 4.245717 7.827961 -26.946809 189.051769 -1.566256 0.152093
Car -1 -1 1.652310 694.715027 259.589325 762.371033 319.980286 1.311679 1.623229 4.239273 -8.139603 -7.751747 84.780862 1.556596 0.831305
