Car -1 -1 -1.646630 747.299683 724.985107 999.248291 988.606079 0.898785 1.691899 4.260984 -1.012525 2.821519 24.358877 -1.688173 2.636919
Car -1 -1 -1.531345 381.793213 737.684570 605.848694 962.116211 0.643760 1.646974 4.263892 -4.283837 2.729475 25.088737 -1.700462 3.487406
Car -1 -1 2.884923 1514.777588 317.295990 1728.705811 397.942505 1.359580 1.847061 4.104381 14.607571 -3.599113 62.504861 3.114506 2.215873
Car -1 -1 2.905690 1315.747681 320.155701 1543.478760 414.847229 1.537334 1.843313 4.062138 9.577572 -3.048765 58.468196 3.068057 2.835250
Car -1 -1 1.692890 447.685516 223.200699 519.056580 278.907623 1.280599 1.605577 4.247958 -15.946693 -8.760503 89.713061 1.516975 0.701148
Car -1 -1 -1.550061 717.605652 151.064270 750.462952 193.175262 1.647805 1.453352 4.513731 -12.562528 -18.126819 144.022418 -1.637067 0.262624
Car -1 -1 1.655358 539.466919 206.812851 604.961731 282.815521 1.814355 1.603993 4.579539 -12.911642 -8.580728 88.696570 1.510802 0.302113
Car -1 -1 -1.588134 766.376587 127.328773 796.829163 153.355515 1.366902 1.790476 4.233590 -13.335125 -26.353653 190.111712 -1.658163 0.248098
Car -1 -1 1.656504 602.593506 118.157936 635.602966 145.985565 1.573716 1.866690 4.286946 -25.488283 -27.875803 197.520872 1.528172 0.173260
Car -1 -1 1.666876 677.207275 122.104126 708.956726 151.175919 1.569649 1.698821 4.291731 -18.618965 -25.354087 182.225043 1.565054 0.146522
Car -1 -1 1.656819 636.806519 143.461624 678.645752 181.160843 1.657842 1.806070 4.269928 -17.256532 -19.441455 150.209416 1.542437 0.170975
