Car -1 -1 -1.699907 1115.682495 629.839172 1348.181641 844.632263 0.631606 1.637036 4.279216 2.689695 1.621274 21.963444 -1.578051 3.325250
Car -1 -1 -1.582325 853.081543 564.528137 1045.498535 778.907166 0.912946 1.789671 4.226929 -0.090498 1.215162 23.787689 -1.586130 3.854450
Car -1 -1 -1.444314 561.333374 574.763245 756.017700 764.790100 0.703841 1.472023 4.227319 -3.162752 1.104534 23.986933 -1.575411 2.227800
Car -1 -1 -2.996164 513.337463 185.794540 661.958923 236.972412 1.330817 1.850077 4.387671 -12.517424 -11.435694 74.707561 3.121011 2.140395
Car -1 -1 2.772460 1708.120483 186.229416 1866.067383 241.188904 1.344238 1.846027 4.170610 27.782620 -11.102627 73.052047 3.135881 2.122562
Car -1 -1 1.714030 584.089050 129.802216 636.913025 173.684601 1.579310 1.812539 4.252320 -16.550599 -18.960280 105.167108 1.557936 0.659910
Car -1 -1 1.669983 722.210327 122.217194 770.057007 174.783722 1.887801 1.598943 4.577069 -9.788452 -18.451808 102.367218 1.574652 0.327141
Car -1 -1 1.677443 641.903564 137.573807 691.769775 176.443787 1.295850 1.631091 4.251370 -13.293179 -18.079551 100.922834 1.546481 0.672684
Car -1 -1 1.667161 754.390076 115.793282 793.178833 151.779480 1.437026 1.477508 4.252731 -9.824488 -22.533481 119.180841 1.584913 0.428803
Car -1 -1 -1.633328 1014.461792 68.542503 1047.357544 91.976021 1.658792 1.972932 4.290359 6.968345 -42.441947 198.350753 -1.598211 0.160267
Car -1 -1 1.685253 682.877319 124.802345 724.618225 157.856903 1.212399 1.546575 4.263787 -13.145571 -21.292148 114.025918 1.570474 0.548559
Car -1 -1 1.687694 624.725708 111.400162 667.668030 146.970474 1.409640 1.597556 4.278349 -16.949380 -22.926776 119.828985 1.547180 0.332130
Car -1 -1 3.004541 0.438622 119.514221 76.303726 149.125519 1.271121 1.842150 3.600941 -50.351839 -22.469714 118.312690 2.602177 0.024398
