Car -1 -1 2.614827 1161.482910 369.402435 1411.826172 473.094299 1.225233 1.875279 3.979325 6.170259 -2.125581 41.569012 2.762185 4.588966
Car -1 -1 1.802590 548.765381 242.382980 636.239136 305.984558 1.222684 1.450018 4.252051 -11.280557 -7.961211 66.576438 1.634747 1.233947
Car -1 -1 2.199038 0.000000 384.803558 146.446335 602.276978 2.092332 2.021727 5.039037 -15.476608 -0.248110 34.469100 1.777016 2.618332
Car -1 -1 1.827975 511.578033 177.818100 567.311707 215.914536 1.227497 1.384092 4.237898 -19.405635 -15.571204 99.843237 1.636007 0.511197
Car -1 -1 1.752570 635.000244 138.484970 678.230713 168.989822 1.292755 1.552358 4.248739 -18.064138 -22.498770 128.303940 1.612698 0.455072
Car -1 -1 -1.594605 1086.710571 124.944954 1116.622070 150.678802 1.269698 1.730742 4.240993 9.097021 -26.213324 143.317662 -1.531215 0.392006
Car -1 -1 1.881016 410.957825 194.761246 481.946075 244.283020 1.265923 1.377807 4.267700 -20.033893 -12.262020 84.713138 1.648792 0.549498
Car -1 -1 1.729396 690.880005 121.474609 730.411987 151.054459 1.546039 1.798860 4.248051 -16.604893 -26.237436 143.571977 1.614253 0.335555
Car -1 -1 1.389717 12.633832 287.460358 121.311409 368.475464 1.258394 1.199558 4.050124 -23.280970 -5.273139 56.041921 0.995989 0.346350
Car -1 -1 0.425012 121.367889 177.752502 237.002335 223.040604 1.476975 1.869907 3.777317 -34.169693 -14.516097 95.027004 0.079829 0.163396
Car -1 -1 1.473921 488.403564 129.059525 540.597473 160.142822 1.591617 1.779071 4.245014 -29.592141 -25.698980 143.279728 1.270250 0.135931
