Car -1 -1 0.435785 0.296132 320.100983 170.631195 406.914185 1.511117 1.856397 4.036174 -21.098635 -3.827980 50.718476 0.041566 0.907804
Car -1 -1 2.789068 1611.158081 276.144653 1818.544067 351.796997 1.601168 1.916917 4.627668 20.705403 -6.009595 60.955975 3.116518 2.674052
Car -1 -1 -1.523386 758.070251 712.518982 987.758850 949.602356 0.567986 1.815145 4.471973 -0.854845 2.500455 21.087492 -1.563901 2.083754
Car -1 -1 3.003990 1128.288208 243.851974 1281.587036 314.664215 1.754946 1.887321 4.144473 7.468135 -7.988150 70.035801 3.110222 2.163689
Car -1 -1 -3.042677 707.073914 257.602448 861.822021 317.841766 1.385814 1.841032 4.335331 -5.808988 -7.752922 68.647216 -3.127097 2.578615
Car -1 -1 -0.038774 1015.259949 303.412842 1249.067139 419.312622 1.973856 1.967240 4.858078 3.642277 -3.563963 49.683148 0.034405 3.299162
Car -1 -1 -2.866446 433.814880 257.506500 619.078552 332.133026 1.678130 1.923034 4.589482 -12.877135 -6.771346 63.532505 -3.066422 2.352516
Car -1 -1 1.716222 614.993652 213.197144 671.991577 258.048035 1.350737 1.653967 4.251195 -13.562543 -12.539140 90.822181 1.567987 0.855377
Car -1 -1 -1.688643 1139.328247 866.312256 1469.276245 1079.866699 0.951548 1.840325 4.240407 2.494969 4.006210 17.523271 -1.547213 2.951946
Car -1 -1 1.643915 755.261108 172.603134 793.829468 207.699081 1.406892 1.649053 4.258382 -11.071658 -19.740993 123.858599 1.554763 0.536996
Car -1 -1 -1.555773 897.876831 127.605408 921.761963 156.499725 1.876253 1.701571 4.534546 -5.168963 -33.805769 187.306598 -1.583363 0.252038
Car -1 -1 0.177410 1299.070923 155.641388 1375.987671 187.538544 1.603123 1.856363 4.164158 23.404165 -23.244028 139.113048 0.344088 0.126173
