Car -1 -1 -1.379252 212.488861 746.915466 496.192474 992.819153 0.707768 1.517921 4.233446 -5.717334 2.826253 24.404669 -1.609374 3.573611
Car -1 -1 -1.665392 1030.439087 751.311707 1295.515625 1014.039734 0.841705 1.682471 4.260826 1.136783 2.964930 24.239576 -1.618529 3.115598
Car -1 -1 -2.730125 1400.453979 307.195709 1603.364380 380.551727 1.197890 1.825781 4.329754 12.249217 -4.547774 70.508108 -2.558114 1.953135
Car -1 -1 -1.532192 660.939148 670.348755 855.135010 870.248047 0.704230 1.649201 4.259517 -2.580771 2.263696 28.112482 -1.623737 4.237087
Car -1 -1 -1.530004 617.095276 848.152283 897.548279 1080.000000 1.155750 1.823321 4.284929 -1.868397 3.817393 20.792777 -1.619622 3.474806
Car -1 -1 -1.749203 986.623047 228.730484 1077.026367 294.348541 1.503577 1.860523 4.314576 0.414243 -8.345710 90.225229 -1.744612 0.729694
Car -1 -1 1.078154 390.026672 264.727875 523.685913 346.245941 1.381418 1.786673 3.196004 -14.213532 -5.364955 70.135505 0.878204 0.425447
Car -1 -1 1.759200 267.615662 192.224167 343.398590 252.723740 1.548856 1.749602 4.251525 -25.483935 -10.560926 99.338160 1.508079 0.779720
Car -1 -1 1.787051 198.945480 195.067291 273.587128 246.149979 1.314063 1.581634 4.260821 -28.649446 -11.046050 101.942282 1.513082 0.855806
Car -1 -1 1.786031 280.785309 165.200668 345.637268 210.397278 1.396455 1.714585 4.262680 -30.728160 -14.547343 121.246443 1.537821 0.573986
Car -1 -1 1.721925 388.494171 167.406265 447.803955 209.116638 1.347791 1.700336 4.268559 -25.781708 -14.324528 119.468557 1.509381 0.603313
Car -1 -1 1.838070 175.606567 168.996017 249.571686 213.433746 1.344812 1.543665 4.264226 -33.391810 -13.682706 115.204724 1.555953 0.363969
