Car -1 -1 -0.316726 1668.571411 447.395142 1920.039917 565.577209 1.426170 1.844503 5.085369 13.960567 -0.405222 45.034802 -0.016125 0.900918
Car -1 -1 -1.772920 1355.528320 781.526062 1632.557373 1012.991516 0.700632 1.537472 4.252589 4.481106 3.050979 25.307622 -1.597671 2.542618
Car -1 -1 -1.531892 702.129639 754.624939 910.368225 975.626526 0.712847 1.669955 4.244201 -1.689020 2.862233 26.153920 -1.596383 2.866945
Car -1 -1 -0.452424 443.445892 380.982635 752.294495 517.733948 1.581414 1.924593 4.835911 -7.113224 -1.473425 50.229892 -0.593102 2.725117
Car -1 -1 0.017458 768.824890 434.662292 1090.545410 567.161133 1.612080 1.943619 4.781716 -1.011156 -0.392579 44.550975 -0.005235 4.883916
Car -1 -1 0.164297 0.349352 409.650146 247.594360 545.461670 1.731985 1.864031 4.365330 -15.035889 -0.749196 46.534040 -0.148230 1.987026
Car -1 -1 -1.646393 1038.854614 730.569458 1288.849121 991.860779 0.903508 1.826249 4.614059 1.482595 2.863078 25.720261 -1.588814 1.547499
Car -1 -1 -1.395982 298.379120 779.257568 563.442444 1003.713806 0.671939 1.526818 4.242254 -5.042283 2.995552 25.380981 -1.592092 2.455576
Car -1 -1 1.787385 260.169739 313.919617 371.023041 389.646179 1.280460 1.603331 4.248561 -16.901133 -4.757020 69.173157 1.547749 1.325770
Car -1 -1 1.708990 524.055176 306.295197 614.498840 378.484955 1.265678 1.639814 4.242695 -10.770399 -5.097194 70.590633 1.557583 1.225950
Car -1 -1 1.748864 382.811920 310.220123 488.776093 387.787567 1.301023 1.720967 4.265691 -13.880192 -4.806398 69.172295 1.550833 1.088699
Car -1 -1 1.667874 641.127258 289.212433 726.425354 366.385254 1.410746 1.642324 4.244661 -8.118645 -5.600252 73.062334 1.557208 1.209790
Car -1 -1 1.755286 426.494598 236.637527 504.789886 296.076843 1.463853 1.671386 4.253879 -17.444960 -9.089149 91.560633 1.567014 0.894040
Car -1 -1 1.678303 595.026917 243.617050 667.911804 318.933990 1.743099 1.576759 4.428578 -11.110556 -7.838296 85.381726 1.548902 0.667013
Car -1 -1 1.693378 553.293213 261.752075 633.371216 340.677216 1.661176 1.511234 4.542545 -11.392990 -6.748386 79.323153 1.550726 0.572597
Car -1 -1 1.724441 506.574707 235.419418 582.163574 304.269867 1.692940 1.626404 4.430109 -14.562969 -8.704600 90.015061 1.564047 0.509422
Car -1 -1 1.802616 326.770416 286.552765 407.460052 353.457703 1.303223 1.196601 4.240394 -17.493244 -6.219364 77.416911 1.580387 0.642738
Car -1 -1 1.742359 446.989014 277.780273 534.646423 341.264832 1.249904 1.588045 4.244871 -14.347589 -6.693432 79.235101 1.563224 1.207888
Car -1 -1 1.768708 365.129089 263.394012 439.320679 325.097534 1.294381 1.279703 4.241609 -17.802633 -7.496858 83.483540 1.558608 0.978977
Car -1 -1 1.664204 682.843689 277.503815 752.751099 342.219421 1.294572 1.498541 4.250450 -7.764987 -6.621079 78.652498 1.565798 0.958575
Car -1 -1 1.595160 805.783325 137.181534 837.289307 166.106369 1.693211 1.871952 4.273436 -11.363803 -26.014800 183.427819 1.533287 0.372199
Car -1 -1 1.658743 699.756165 156.372681 738.083557 187.464661 1.404109 1.671047 4.247985 -15.416404 -21.047326 155.786479 1.560106 0.263625
Car -1 -1 1.652260 704.839905 242.528152 771.898987 308.631409 1.586403 1.757252 4.244274 -8.072541 -8.347438 87.948475 1.560729 0.488853
Car -1 -1 1.730469 549.549011 229.824432 606.651245 276.993835 1.207613 1.321556 4.260685 -14.954106 -10.542078 100.105022 1.582181 0.336686
