Car -1 -1 -1.383264 164.882629 774.830444 461.983734 1034.607422 0.725134 1.542151 4.242565 -5.836485 2.998999 23.420263 -1.627496 3.687584
Car -1 -1 -1.787906 1014.963562 231.726349 1105.325317 296.355133 1.468204 1.786828 4.260579 1.284344 -8.203472 89.386432 -1.773538 0.694556
Car -1 -1 -1.299541 0.000000 694.640442 163.472122 993.420044 1.234883 1.894873 4.255637 -9.384144 2.893431 25.181385 -1.656260 3.909342
Car -1 -1 -1.537472 809.039185 221.724365 867.851379 274.134705 1.260464 1.776406 4.254849 -6.108812 -9.341866 94.770769 -1.601842 0.836609
Car -1 -1 1.777786 192.091568 212.814285 274.575836 273.506592 1.316541 1.422433 4.257184 -25.479103 -9.004351 90.257704 1.502653 0.840166
Car -1 -1 1.765981 234.029388 181.202713 302.073303 230.563232 1.342646 1.640945 4.272237 -28.994269 -12.127261 107.225491 1.501892 0.642817
Car -1 -1 1.828479 131.469635 168.519012 211.019501 227.696518 1.809256 1.582965 4.438312 -33.129581 -12.382505 108.545819 1.532247 0.349997
Car -1 -1 1.762319 292.322601 168.276321 343.909546 207.220032 1.258272 1.452407 4.258734 -30.853812 -14.706950 122.206166 1.515014 0.605389
Car -1 -1 1.680505 489.550415 142.835190 536.690735 186.225983 1.654570 1.784004 4.249958 -25.275320 -17.778949 139.145278 1.500817 0.314492
Car -1 -1 2.884656 1837.380371 327.136597 1917.277588 396.819092 1.236619 1.804069 3.312821 22.482738 -3.958987 68.680130 -3.082170 0.198934
Car -1 -1 1.816121 203.953094 163.178314 267.893280 204.320236 1.384172 1.390134 4.345538 -34.890092 -15.040746 123.794543 1.541409 0.372841
