Car -1 -1 -1.643165 1020.952820 635.920288 1219.437012 844.327942 1.068976 1.797621 4.246866 1.345456 2.195924 31.266977 -1.600160 3.195864
Car -1 -1 -1.554640 821.508667 356.970581 918.171875 447.347351 1.174330 1.765278 4.243917 -2.588300 -2.965336 58.496769 -1.598858 1.697087
Car -1 -1 1.750161 407.565338 292.794342 503.296112 378.751434 1.558345 1.524429 4.241492 -13.716925 -5.135340 70.857062 1.558941 1.078020
Car -1 -1 -1.762005 1329.800293 268.514984 1420.435669 340.858978 1.496836 1.794716 4.295647 11.261901 -6.906168 81.464037 -1.624632 0.843421
Car -1 -1 1.357242 665.568665 279.763641 771.672485 368.124390 1.616765 1.680068 4.551549 -7.243710 -5.540761 72.420083 1.257550 0.645367
Car -1 -1 1.789294 269.216614 289.636627 381.080383 381.590271 1.652750 1.653851 4.473600 -17.039982 -5.101969 70.794071 1.553089 0.794276
Car -1 -1 1.686666 519.570129 291.892059 607.669861 377.610840 1.538466 1.615734 4.235246 -10.934558 -5.168803 70.770994 1.533372 1.220462
Car -1 -1 -1.544526 841.192810 258.051575 903.825195 317.757812 1.305088 1.710618 4.241304 -3.725385 -7.933339 85.942577 -1.587846 1.094848
Car -1 -1 -1.570905 968.873474 208.705627 1021.485901 258.861450 1.427217 1.821835 4.253708 0.096844 -12.092736 108.293791 -1.570011 0.589421
Car -1 -1 -1.589187 894.463074 299.798492 963.942688 370.669586 1.299206 1.639608 4.261049 -1.685637 -5.418463 72.791292 -1.612340 1.287207
Car -1 -1 -1.584087 970.775757 276.872864 1038.401611 341.702209 1.263412 1.740532 4.227318 0.322914 -6.691615 79.083293 -1.580004 1.225245
Car -1 -1 1.684561 590.396179 233.981857 665.894226 312.155151 1.830933 1.723127 4.232154 -11.397346 -8.173337 86.702085 1.553856 1.108997
Car -1 -1 -1.550281 870.094666 192.783600 914.586853 236.273880 1.401391 1.711491 4.238783 -4.398207 -14.512563 121.749442 -1.586391 0.796165
Car -1 -1 1.718833 496.392639 255.834595 568.058289 315.864807 1.288791 1.380077 4.253607 -14.298813 -8.013253 86.162122 1.554379 0.997222
Car -1 -1 -1.549359 1043.249634 182.895111 1086.420166 220.174515 1.336543 1.769127 4.250542 3.495081 -16.482568 132.676864 -1.523022 0.533845
Car -1 -1 1.714783 534.099915 218.324829 601.523132 284.359894 1.754060 1.488649 4.588302 -14.493258 -9.738908 94.512357 1.562620 0.432604
Car -1 -1 -1.561344 947.380920 190.187897 990.160156 230.847046 1.387564 1.681123 4.247654 -1.060996 -15.028032 124.289301 -1.569880 0.598381
Car -1 -1 -1.579714 964.330200 249.817719 1021.370850 301.987915 1.186093 1.751452 4.239892 0.026295 -8.902098 91.437182 -1.579426 1.162549
Car -1 -1 1.772912 326.270081 275.899506 410.448151 348.544830 1.494757 1.349080 4.244114 -17.672278 -6.414607 78.396747 1.551197 1.068662
Car -1 -1 1.698466 592.429199 205.289383 645.256775 250.753632 1.317866 1.569192 4.259039 -14.784880 -12.501704 109.608033 1.564386 0.662087
Car -1 -1 -1.578576 949.236328 136.986801 980.282166 164.804764 1.545639 1.881709 4.238184 -1.928272 -27.028710 189.547758 -1.588749 0.318931
Car -1 -1 -1.553450 875.195862 150.130096 907.839661 178.752304 1.484287 1.819342 4.247173 -6.204903 -23.382864 169.760822 -1.589984 0.253376
Car -1 -1 1.701914 556.691956 275.335938 632.838257 345.003143 1.369174 1.505683 4.251587 -11.241876 -6.535048 78.361525 1.559425 0.893041
Car -1 -1 1.660648 684.003357 168.143036 727.110901 203.925674 1.456080 1.743004 4.229139 -14.730278 -18.411811 142.085488 1.557345 0.475501
Car -1 -1 1.731933 457.966003 278.706573 532.690063 341.422394 1.320477 1.337010 4.264442 -14.312772 -6.680950 79.684321 1.554210 0.876766
Car -1 -1 -1.637937 1150.294800 164.409729 1193.094604 201.145767 1.629582 1.951937 4.273754 9.585022 -19.344592 148.258544 -1.573376 0.300542
Car -1 -1 -1.568649 903.925842 138.172119 933.153625 163.906830 1.398404 1.796820 4.258225 -5.042471 -27.415913 191.414327 -1.594986 0.284203
Car -1 -1 -1.615636 1086.456177 138.819946 1118.956299 166.822205 1.520219 1.822670 4.269053 7.464405 -26.747901 188.477683 -1.576053 0.136881
Car -1 -1 -1.563057 885.569153 134.886108 913.258301 159.346176 1.376962 1.720050 4.224871 -6.392194 -27.707061 191.886732 -1.596357 0.195349
