Car -1 -1 -0.247410 199.780014 389.871246 473.141571 506.464813 1.451950 1.845786 4.205122 -12.148998 -1.575871 51.262378 -0.480113 4.027940
Car -1 -1 -0.743213 648.057678 361.399872 865.404419 449.219360 1.186476 1.801377 4.047475 -4.946406 -2.887180 58.380893 -0.827737 1.750282
Car -1 -1 1.716164 514.991577 303.907501 605.803650 378.748596 1.301547 1.580295 4.240668 -11.012470 -5.108741 70.648987 1.561533 1.324877
Car -1 -1 -1.518638 673.695129 713.206726 885.015381 938.987671 0.923368 1.750017 4.230058 -2.013654 2.699790 27.117972 -1.592758 3.531698
Car -1 -1 -2.545524 1613.912598 340.899414 1812.888062 418.175476 1.210125 1.834858 4.018230 16.952113 -3.837721 65.029591 -2.290516 1.883471
Car -1 -1 2.929642 1075.791870 395.197388 1386.793091 536.926758 1.811446 1.984577 4.781248 4.135548 -0.983427 48.469194 3.014759 3.966938
Car -1 -1 0.105347 535.112183 453.670532 835.749878 573.916199 1.459888 1.854899 4.312541 -4.916690 -0.257984 44.482460 -0.004737 4.494972
Car -1 -1 -1.632376 1045.125000 749.435730 1260.439697 972.086060 0.712729 1.634529 4.431775 1.446339 2.841685 26.464027 -1.577778 1.295304
Car -1 -1 -1.772967 1371.202515 821.810913 1670.708130 1070.297485 0.629092 1.574359 4.317707 4.451476 3.267275 23.995030 -1.589536 3.448592
Car -1 -1 1.780907 291.651337 299.926025 391.808655 372.972198 1.273189 1.508686 4.241710 -16.945124 -5.367723 72.135266 1.550182 1.282344
Car -1 -1 -1.581034 945.954834 250.417526 1012.976685 315.095703 1.524907 1.943197 4.243787 -0.413565 -8.183700 87.932969 -1.585738 1.059986
Car -1 -1 -1.370500 125.403320 916.994629 508.913513 1078.888306 0.984699 1.841892 4.230328 -4.954737 4.127649 21.036802 -1.601811 3.750115
Car -1 -1 1.725560 483.573975 260.414795 559.062683 320.283081 1.318164 1.525070 4.249620 -14.477566 -7.775054 85.151095 1.557149 1.005701
Car -1 -1 1.746980 396.981201 294.564819 498.686890 368.015900 1.341251 1.732294 4.250216 -14.335701 -5.526839 72.988490 1.553039 1.212626
Car -1 -1 1.770337 344.559906 266.680267 432.564362 337.268921 1.459971 1.527701 4.234962 -17.357691 -6.836321 79.648004 1.555762 1.203255
Car -1 -1 1.639665 650.623291 315.041046 735.517395 390.219757 1.274122 1.672047 4.237710 -7.317168 -4.623937 67.797749 1.532155 1.475258
Car -1 -1 -1.565330 924.213318 226.476135 976.904053 273.429962 1.299831 1.714755 4.237779 -1.514794 -10.881304 102.194095 -1.580152 0.786742
Car -1 -1 1.709020 548.118408 256.223236 631.623962 341.514069 1.794155 1.537619 4.596240 -11.367380 -6.627777 78.229089 1.564721 0.537959
Car -1 -1 -1.584084 990.923950 171.039398 1033.415405 212.361206 1.612661 1.843726 4.267515 0.950098 -16.970126 134.013648 -1.576994 0.511633
Car -1 -1 1.695129 611.735413 242.856308 678.353149 310.855408 1.588737 1.531501 4.269336 -10.843383 -8.187344 86.592865 1.570555 0.937136
Car -1 -1 1.714181 517.339539 235.765213 585.989624 294.899872 1.499780 1.507382 4.250869 -14.768616 -9.208643 92.680639 1.556160 0.886831
Car -1 -1 1.638804 708.119568 223.312119 778.682556 298.299530 1.876626 1.847715 4.346372 -8.150540 -8.918604 90.563717 1.549048 0.637855
Car -1 -1 1.653922 741.770752 222.399719 796.661316 273.946503 1.338398 1.574391 4.224041 -8.037982 -10.602304 99.422731 1.573251 0.642106
Car -1 -1 -1.505758 1092.568237 164.487473 1136.733276 199.302979 1.579437 1.840264 4.249794 6.731544 -19.707486 150.424136 -1.461037 0.148277
Car -1 -1 1.661475 686.369385 160.282425 726.415466 193.631256 1.499040 1.736794 4.255816 -15.735472 -20.225015 152.104386 1.558390 0.356240
Car -1 -1 -1.619520 1094.532227 136.903336 1127.750488 165.274353 1.562553 1.959290 4.246490 8.109178 -27.018107 189.856835 -1.576834 0.086196
