Car -1 -1 2.987477 1272.551147 431.056519 1555.812012 533.650574 1.284476 1.857258 4.349785 7.262775 -0.945025 47.949702 3.137801 4.255741
Car -1 -1 -2.230424 1484.531982 319.929260 1652.811646 404.364258 1.368505 1.658454 4.113752 13.928303 -4.308032 67.021550 -2.025523 0.967942
Car -1 -1 -1.520067 695.483337 742.058716 917.775818 976.514160 0.848834 1.770352 4.252283 -1.691065 2.894035 26.409377 -1.584012 3.337208
Car -1 -1 -1.646641 1034.416138 782.941162 1268.256714 1023.928711 0.723385 1.623572 4.258802 1.344373 3.065937 24.920335 -1.592746 2.422227
Car -1 -1 0.208127 206.000610 429.400848 529.634094 576.476135 1.772262 1.955406 4.421504 -9.981089 -0.277810 44.461515 -0.012700 3.749685
Car -1 -1 -2.885545 0.000000 409.179840 148.555496 517.091858 1.396078 1.861222 4.170059 -18.184184 -1.316714 50.854863 3.054237 1.297044
Car -1 -1 -1.788631 1364.599854 841.245300 1710.513672 1079.672241 0.976368 1.858053 4.262488 4.514095 3.723359 23.627485 -1.599854 4.167217
Car -1 -1 -0.189894 231.959641 381.273743 507.225098 481.962036 1.237383 1.880420 4.687515 -12.045780 -2.077857 53.337200 -0.412010 2.151091
Car -1 -1 1.757777 388.597626 305.828918 495.717560 382.647766 1.290252 1.737018 4.259604 -14.040672 -5.053080 70.690659 1.561707 1.102712
Car -1 -1 -1.666553 1327.106201 261.861481 1410.155273 330.525726 1.502573 1.981393 4.277790 11.244539 -7.257687 82.640781 -1.531319 1.040916
Car -1 -1 2.803293 1807.196899 399.574219 1919.395508 495.293945 1.324872 1.821248 3.634192 18.121547 -1.738295 53.334252 3.130828 0.679638
Car -1 -1 1.774038 282.241058 290.778625 383.040131 369.251526 1.463330 1.569394 4.241568 -17.222848 -5.436243 72.261570 1.540063 1.327405
Car -1 -1 1.710380 524.313232 276.161072 614.530823 368.740112 1.734811 1.634375 4.611788 -11.108221 -5.572600 73.006697 1.559385 0.473452
Car -1 -1 1.724058 449.187653 282.678741 531.733643 350.099518 1.293556 1.534762 4.247248 -14.095318 -6.334993 77.600459 1.544377 1.297075
Car -1 -1 -1.578463 945.863647 132.803177 975.356812 156.505417 1.473776 1.851038 4.234834 -2.343437 -29.325974 201.843127 -1.590072 0.323554
Car -1 -1 1.688037 582.041199 268.610474 651.709412 327.918427 1.318383 1.442107 4.254257 -11.205163 -7.267602 82.376846 1.552843 0.868733
Car -1 -1 1.717959 494.294800 256.826080 570.893311 314.663391 1.303682 1.518592 4.245434 -14.433350 -8.082386 86.678688 1.552957 0.601210
