Car -1 -1 -1.635687 995.424744 643.778564 1177.150146 815.868530 0.840831 1.666851 4.224517 0.971989 2.002310 31.431164 -1.604773 3.108406
Car -1 -1 -1.543208 772.582336 492.167938 905.160522 618.982361 1.002012 1.791859 4.268174 -2.298041 0.144275 42.038432 -1.597819 2.151397
Car -1 -1 -1.586504 945.002747 400.144165 1049.616333 511.732544 1.394744 1.682596 4.219244 0.069853 -1.472969 50.960826 -1.585133 2.481689
Car -1 -1 -1.714342 1191.039673 526.839844 1350.432129 663.339661 1.022107 1.535149 4.239161 3.919498 0.709226 39.416661 -1.615230 2.368294
Car -1 -1 -1.659185 1107.574707 392.888458 1227.273193 511.287689 1.414430 1.746184 4.239136 3.154400 -1.522951 50.709277 -1.597060 1.886380
Car -1 -1 1.786143 275.101135 303.264374 378.757019 375.663086 1.305234 1.598831 4.238889 -17.307313 -5.264798 72.042319 1.550372 1.245934
Car -1 -1 -1.521411 670.228699 855.297668 916.207275 1080.000000 0.910177 1.711241 4.226625 -1.606644 3.794010 23.539433 -1.589559 4.593187
Car -1 -1 2.050069 0.511114 285.630341 91.061279 377.399628 1.734607 1.645971 4.412127 -25.970456 -5.402452 73.707988 1.711309 0.905850
Car -1 -1 1.706346 524.720764 287.881927 621.596558 371.402313 1.544439 1.775357 4.249344 -10.915006 -5.415478 72.189582 1.556284 1.163487
Car -1 -1 1.750123 387.575714 302.850006 492.499359 379.521301 1.366505 1.682654 4.248187 -14.109966 -5.106794 70.902266 1.553684 1.326876
Car -1 -1 1.303464 675.911987 283.536896 780.168701 362.890442 1.475230 1.639275 4.290861 -7.168437 -5.774818 74.202714 1.207157 0.595015
Car -1 -1 -1.587119 960.271912 284.153961 1030.556274 349.168762 1.239142 1.794059 4.263144 0.081493 -6.331512 77.401184 -1.586066 1.187093
Car -1 -1 1.783868 350.592285 277.344849 431.826477 343.432373 1.302970 1.329947 4.237617 -17.241336 -6.665658 79.370033 1.569964 1.160296
Car -1 -1 -1.575478 948.562073 192.618790 989.726990 234.026413 1.377895 1.657475 4.240124 -1.040379 -14.789903 123.473160 -1.583903 0.739448
Car -1 -1 -1.552859 870.135925 235.054337 925.665894 288.356293 1.327344 1.697697 4.263162 -3.323805 -9.942186 97.552600 -1.586918 1.012320
Car -1 -1 -1.551148 862.758972 185.433884 907.998535 227.651413 1.471422 1.850942 4.232016 -4.813439 -15.160944 124.605948 -1.589758 0.618966
Car -1 -1 -1.610879 1039.717651 203.650833 1085.934814 242.049759 1.268636 1.725987 4.253520 3.006693 -13.651588 117.183178 -1.585227 0.657159
Car -1 -1 -1.581104 983.684570 137.115540 1012.636353 162.942764 1.419861 1.816712 4.233259 0.388250 -27.758802 193.458979 -1.579097 0.375032
Car -1 -1 -1.556960 886.193848 149.563919 918.260010 179.921936 1.594225 1.771361 4.257565 -5.582248 -23.502301 171.108428 -1.589572 0.292840
Car -1 -1 -1.593444 1005.302917 162.370941 1042.327637 196.886978 1.472636 1.869942 4.248389 1.702732 -20.022312 151.731237 -1.582223 0.393219
Car -1 -1 -1.566429 929.882141 165.485992 964.543518 196.910187 1.336828 1.771049 4.244730 -2.532464 -20.349312 154.072748 -1.582864 0.478469
Car -1 -1 1.619712 792.211975 140.442856 823.770020 167.315018 1.483859 1.789526 4.260348 -12.191372 -25.837237 182.255518 1.552920 0.284469
Car -1 -1 -1.572329 941.516541 142.257645 971.720459 171.743927 1.537423 1.750179 4.249635 -2.369674 -25.708190 183.035089 -1.585275 0.259610
Car -1 -1 1.627337 758.964783 127.732185 790.334106 157.318588 1.721951 1.965345 4.257530 -16.006232 -29.590561 203.505612 1.548846 0.190940
