Car -1 -1 2.694808 1146.659668 358.022247 1406.281738 466.456848 1.329812 1.897004 4.104368 5.973951 -2.250094 41.760474 2.836897 4.651869
Car -1 -1 2.743462 363.280334 394.881256 636.059082 532.963684 1.404776 1.876767 3.642616 -7.759932 -1.053722 36.479153 2.533863 5.524505
Car -1 -1 3.034410 992.798645 293.520081 1230.035400 412.248688 1.979675 1.918559 4.638808 3.264507 -3.510178 47.438371 3.103117 3.149895
Car -1 -1 -0.605936 719.029541 286.784302 903.662048 361.887329 1.197677 1.863385 3.969229 -3.845930 -5.328211 55.213874 -0.675479 2.716837
Car -1 -1 -1.487888 691.642395 705.434387 937.390869 975.249512 0.779446 1.722693 4.229776 -1.281898 2.628723 20.533606 -1.550237 3.695826
Car -1 -1 -1.764843 1320.499756 705.373291 1595.519409 963.249634 0.704001 1.584872 4.244474 4.596393 2.573554 20.871417 -1.548079 3.781426
Car -1 -1 -0.184733 201.925095 330.310822 418.002594 423.463928 1.266114 1.844683 3.935213 -14.045905 -3.335507 46.838470 -0.476079 3.811034
Car -1 -1 -1.632041 1079.091431 797.468506 1326.281006 1079.090088 0.593328 1.677887 4.241256 1.907081 3.123902 18.696133 -1.530389 3.920636
Car -1 -1 -1.555923 996.994995 220.333969 1055.437378 275.239136 1.247398 1.805326 4.264692 2.230412 -10.046911 76.149037 -1.526641 0.919487
Car -1 -1 1.898372 257.171967 238.997086 354.634918 305.845245 1.327363 1.373005 4.255979 -19.998052 -7.967846 66.495097 1.606232 1.397212
Car -1 -1 1.796188 503.753937 198.763184 595.220398 276.748596 1.855345 1.795402 4.540174 -13.747682 -9.564292 72.631223 1.609121 0.649910
Car -1 -1 1.828294 434.337738 251.039062 530.061646 313.202484 1.165861 1.535058 4.275111 -14.240360 -7.536024 64.664875 1.611536 1.266167
Car -1 -1 1.872859 323.271149 251.371658 429.326294 314.713623 1.194509 1.584494 4.310649 -17.315344 -7.467194 64.513532 1.610641 1.343922
Car -1 -1 -1.567989 1051.789551 162.359222 1094.873291 203.846313 1.475919 1.748005 4.310153 5.346314 -17.040486 105.782776 -1.517491 0.531915
Car -1 -1 1.851864 400.986450 221.311661 482.138214 280.144257 1.310986 1.324446 4.230073 -17.327347 -9.368096 72.517416 1.617321 0.972981
Car -1 -1 1.801432 505.153870 152.071686 561.650635 200.287262 1.677588 1.484031 4.293653 -20.950640 -17.390179 106.593550 1.607359 0.552773
Car -1 -1 -1.586882 1077.784424 104.951042 1104.049438 129.291306 1.459236 1.806254 4.221542 10.062952 -33.212739 172.750831 -1.528696 0.310078
Car -1 -1 -1.619349 1134.145752 126.503654 1165.207520 153.737106 1.373225 1.774980 4.226768 12.333404 -26.257968 144.676234 -1.534306 0.340739
Car -1 -1 1.842556 432.194550 202.040085 492.391754 242.744537 1.185308 1.297226 4.245097 -19.896389 -12.447197 86.454159 1.616356 0.630604
Car -1 -1 1.694208 738.278931 99.678368 766.609497 122.677078 1.542062 1.682310 4.255020 -17.656628 -35.453057 182.126826 1.597564 0.134101
Car -1 -1 1.861471 370.111176 214.300613 439.268921 260.510437 1.140726 1.336627 4.235267 -20.403872 -10.968061 79.588431 1.610508 0.316187
