Car -1 -1 -1.651264 1020.646973 757.066528 1267.252686 1015.046021 0.932929 1.805518 4.268128 1.294898 3.048580 25.278358 -1.600083 2.393669
Car -1 -1 -1.509336 610.654541 817.972900 847.379883 1078.561523 0.712628 1.661321 4.251859 -2.183356 3.310828 23.873704 -1.600537 2.613653
Car -1 -1 1.751151 401.142883 290.386627 495.503876 371.289093 1.526538 1.535272 4.256198 -14.158930 -5.378312 72.107670 1.557260 1.084908
Car -1 -1 1.700843 518.282654 300.438965 611.593567 374.030609 1.308569 1.664650 4.242047 -11.021235 -5.282371 71.491095 1.547885 1.279928
Car -1 -1 1.658183 648.301392 299.061829 729.826477 379.898041 1.423272 1.557971 4.244937 -7.639542 -5.043227 69.943741 1.549390 1.294986
Car -1 -1 -1.804169 1388.505127 854.562195 1779.824341 1079.772095 1.025321 1.929993 4.500675 4.668628 3.855906 22.676288 -1.601125 2.534785
Car -1 -1 1.744801 449.235443 241.631897 537.388672 334.906219 2.086803 1.647421 4.532175 -14.375363 -6.911034 79.746444 1.566453 0.619080
Car -1 -1 -1.599008 1013.502563 179.447021 1053.623901 213.556656 1.354955 1.766542 4.265440 2.042035 -17.033189 134.986424 -1.583882 0.639155
Car -1 -1 -1.584948 1020.877197 208.187881 1068.721802 250.149872 1.299687 1.725763 4.253592 2.131506 -12.902175 113.049319 -1.566095 0.801466
Car -1 -1 -1.548023 868.847168 197.575378 911.782959 239.528366 1.363546 1.703917 4.250370 -4.334391 -13.823609 117.351255 -1.584941 0.860822
Car -1 -1 1.690717 609.122131 193.430298 663.564087 238.970474 1.480606 1.732689 4.249044 -15.064066 -13.829981 117.048168 1.562721 0.712288
Car -1 -1 -1.568022 939.718933 175.328613 978.385620 209.695084 1.358447 1.770328 4.255369 -1.653520 -17.589389 137.844482 -1.580017 0.729251
Car -1 -1 1.720454 521.136414 244.276321 588.250610 300.036285 1.294216 1.537066 4.247178 -14.485185 -8.970015 91.477857 1.563412 1.303865
Car -1 -1 -1.550656 884.617126 170.606857 922.752197 206.721222 1.406181 1.728669 4.249729 -4.576460 -18.353566 142.415344 -1.582780 0.530846
Car -1 -1 -1.589275 987.964905 149.616592 1020.841980 178.230042 1.382632 1.784698 4.264461 0.798988 -23.691033 171.249723 -1.584610 0.389359
Car -1 -1 1.648137 723.344421 143.288483 758.584778 176.035095 1.621966 1.782951 4.251699 -15.476762 -23.652106 170.211388 1.557460 0.320446
