Car -1 -1 1.745526 407.138153 292.924622 502.929596 378.684937 1.562865 1.531108 4.238966 -13.721522 -5.131646 70.814063 1.554130 1.119531
Car -1 -1 -1.531415 785.310242 478.833099 918.722046 604.923096 1.031536 1.812791 4.280966 -2.118080 -0.053081 42.622747 -1.581067 1.898442
Car -1 -1 -1.917426 1369.550903 287.472961 1490.549805 364.016418 1.417853 1.603277 4.320682 11.873536 -5.830256 75.168601 -1.760761 0.808577
Car -1 -1 -1.605244 924.686462 378.605255 1019.841614 472.826447 1.209018 1.659612 4.236406 -0.450071 -2.349377 56.020323 -1.613278 1.703272
Car -1 -1 1.788699 268.913239 289.947754 381.114685 381.617432 1.651231 1.659957 4.487690 -17.045778 -5.102106 70.829716 1.552531 0.768221
Car -1 -1 1.350873 664.869751 280.614532 772.169128 368.226349 1.621626 1.673338 4.551688 -7.244103 -5.519899 72.334846 1.251059 0.631778
Car -1 -1 -1.581857 962.182190 234.239792 1020.121277 289.251404 1.387660 1.762799 4.246367 -0.055990 -9.687753 95.383487 -1.582444 0.830286
Car -1 -1 1.683366 519.470093 292.368774 607.260071 377.622192 1.535629 1.608808 4.237735 -10.958143 -5.168671 70.835277 1.529884 1.187409
Car -1 -1 -1.538178 822.864136 309.457764 901.585266 383.720398 1.249895 1.716707 4.246808 -3.269523 -4.952892 70.000841 -1.584851 1.508591
Car -1 -1 1.688757 601.660156 230.693100 674.130798 302.532104 1.761652 1.770242 4.247638 -11.707240 -8.917958 91.396356 1.561357 0.773951
Car -1 -1 -1.597576 974.153076 324.107697 1059.121216 404.471161 1.328787 1.724951 4.228110 0.540762 -4.197462 65.879869 -1.589368 1.173414
Car -1 -1 -1.547738 862.649414 227.274353 913.080139 274.652039 1.321569 1.680848 4.266639 -3.895679 -10.899187 102.783661 -1.585622 0.892040
Car -1 -1 -1.580856 1037.875366 193.499527 1082.829346 232.699966 1.310923 1.825434 4.244669 3.039645 -14.974767 124.662602 -1.556477 0.639024
Car -1 -1 -1.601125 968.833252 286.657684 1042.156250 351.599762 1.232310 1.760437 4.240771 0.352598 -6.228366 76.582168 -1.596520 1.151733
Car -1 -1 -1.536589 861.167725 203.851257 905.430603 241.315323 1.207841 1.701806 4.237525 -4.618390 -13.726476 117.227047 -1.575966 0.711414
Car -1 -1 1.709584 534.374084 218.727386 602.950012 284.237000 1.733222 1.521932 4.566215 -14.468359 -9.768882 94.703697 1.557981 0.491572
Car -1 -1 1.713111 499.112488 255.134201 568.405273 314.199127 1.288108 1.355266 4.252554 -14.399971 -8.126685 86.972745 1.549031 0.868788
Car -1 -1 -1.562732 947.085876 209.976257 993.809998 255.030289 1.361953 1.633809 4.235713 -0.910339 -12.490449 110.909343 -1.570939 0.748764
Car -1 -1 1.767710 325.766357 275.499359 410.934753 349.523376 1.499600 1.360426 4.247270 -17.704693 -6.416056 78.503642 1.545894 1.004030
Car -1 -1 1.665105 614.172180 196.373169 667.026428 236.797073 1.325733 1.709498 4.250968 -15.050064 -14.037316 118.378406 1.538648 0.605007
Car -1 -1 1.698843 555.207825 276.413208 633.100708 344.199005 1.342792 1.529919 4.246437 -11.221854 -6.512335 77.975035 1.555909 0.925246
Car -1 -1 -1.568393 952.104797 144.420044 983.147034 173.054611 1.453611 1.807241 4.240988 -1.589635 -24.311906 173.892804 -1.577534 0.309313
Car -1 -1 -1.550357 876.209106 159.751633 910.466980 190.987778 1.486489 1.723146 4.245498 -5.627977 -20.995746 157.064808 -1.586174 0.356246
Car -1 -1 1.654597 703.741577 157.760803 741.547119 189.506744 1.358493 1.670282 4.244141 -15.210844 -21.025508 156.051709 1.557431 0.411471
Car -1 -1 -1.650660 1155.278931 168.202545 1200.648560 208.686508 1.663983 1.891293 4.270551 9.604201 -18.327228 142.739024 -1.583476 0.261055
Car -1 -1 1.728614 459.138824 277.876678 532.278137 340.565399 1.309571 1.326622 4.259107 -14.282469 -6.701404 79.539327 1.550942 0.819579
