Car -1 -1 -1.711253 1083.249146 568.109436 1297.650513 761.280640 0.791226 1.639590 4.222734 2.551194 1.110735 24.647126 -1.608112 3.166887
Car -1 -1 0.467690 1326.862061 223.005768 1519.782837 297.712372 1.317104 1.900540 4.366442 12.671104 -7.689793 59.037800 0.679110 2.514466
Car -1 -1 -1.599415 1547.818604 584.587463 1738.065063 783.181030 0.665106 1.634409 4.257297 7.507381 1.224727 24.085084 -1.297257 2.875688
Car -1 -1 -1.827208 577.314331 321.902863 712.996826 421.357330 1.098877 1.407782 4.261801 -6.167299 -3.507692 43.159487 -1.969143 1.842047
Car -1 -1 -1.585134 891.377441 340.292633 1004.277283 455.006500 1.153985 1.711720 4.228275 -0.146975 -2.758041 40.194823 -1.588791 2.705850
Car -1 -1 2.776636 1591.098999 186.882034 1753.536011 241.043427 1.330076 1.883566 4.298518 23.814489 -10.990626 72.637532 3.093447 0.531452
Car -1 -1 2.769526 1671.572876 159.728836 1810.974976 213.953537 1.580329 1.909359 3.971811 28.673764 -12.989052 79.786017 3.114536 0.855853
Car -1 -1 2.686659 1829.447754 188.166199 1917.943481 243.863632 1.369581 1.886427 4.507298 31.999826 -10.949760 72.652851 3.101541 0.643767
Car -1 -1 2.748871 1662.778442 199.419907 1836.841064 253.139725 1.300447 1.863740 4.404149 24.927432 -10.040956 68.596149 3.097428 1.711853
Car -1 -1 2.838241 1516.628052 152.929916 1626.134766 207.273773 1.724077 1.868768 3.318680 24.221987 -14.179960 85.809432 3.113359 1.227343
Car -1 -1 1.646462 705.007996 140.637802 752.654480 182.608109 1.301651 1.659478 4.262834 -9.930671 -16.898026 95.709084 1.543073 0.742100
Car -1 -1 -2.725893 0.000000 185.365753 104.701492 252.023239 1.638237 1.923228 4.585196 -30.786850 -10.560150 71.470827 -3.132633 0.454246
Car -1 -1 -1.614129 1090.078613 114.907692 1131.316528 144.912033 1.296077 1.883253 4.279704 9.197132 -24.844323 129.337734 -1.543139 0.374215
Car -1 -1 -1.577201 1121.793701 128.779907 1166.162354 158.902176 1.179157 1.652893 4.263517 9.878179 -21.250550 114.328356 -1.491013 0.290296
Car -1 -1 -1.631791 1056.394165 93.708748 1088.110474 120.062729 1.409791 1.881589 4.259098 8.636810 -32.360358 159.725073 -1.577770 0.251680
Car -1 -1 1.616335 785.174927 96.549812 816.680786 125.476974 1.508812 1.802298 4.257474 -10.325544 -29.259810 146.379879 1.545912 0.365056
Car -1 -1 -1.603924 1022.867310 76.235451 1049.390503 99.748520 1.636256 1.838433 4.333564 6.914145 -39.230302 186.148440 -1.566798 0.107798
