Car -1 -1 -1.592132 971.411804 424.975861 1087.235840 550.280151 1.323304 1.716391 4.224632 0.587482 -0.824877 46.700742 -1.579553 2.505515
Car -1 -1 1.789490 268.778534 290.579803 380.656830 381.753876 1.670247 1.621536 4.393161 -16.988331 -5.053716 70.579052 1.553284 0.868395
Car -1 -1 1.745415 406.979736 292.435181 502.495331 379.116486 1.572225 1.548333 4.248944 -13.688843 -5.113131 70.620574 1.553953 1.109242
Car -1 -1 -1.536506 905.825500 335.521851 998.106812 427.205383 1.375541 1.785479 4.243563 -0.878515 -3.519874 61.880767 -1.550702 1.416095
Car -1 -1 1.683412 524.742554 286.549377 613.047852 371.476379 1.557809 1.689631 4.238424 -10.988596 -5.394135 71.856216 1.531662 1.155465
Car -1 -1 1.356427 664.124329 280.031403 769.983276 367.831635 1.622468 1.657395 4.530292 -7.267232 -5.526300 72.255606 1.256188 0.682827
Car -1 -1 -1.627136 1037.184082 267.246063 1110.353027 330.427094 1.306709 1.912652 4.261060 2.380247 -7.239240 82.227330 -1.598197 1.095835
Car -1 -1 -1.546336 862.132080 258.698608 919.155457 318.682343 1.317316 1.590561 4.233279 -3.141380 -7.902838 86.009154 -1.582844 0.577589
Car -1 -1 -1.574321 1034.458130 189.835526 1082.122192 236.190826 1.602891 1.837779 4.239779 2.888225 -14.410032 121.167052 -1.550489 0.548236
Car -1 -1 -1.564873 932.213440 184.959946 972.885315 226.275742 1.417686 1.659468 4.244302 -1.838357 -15.638793 127.651686 -1.579273 0.661744
Car -1 -1 1.710860 516.798340 238.837250 591.383240 299.599823 1.503730 1.630425 4.244088 -14.675005 -9.100915 92.763785 1.553963 0.930474
Car -1 -1 1.672245 615.806946 181.029633 674.167419 239.542969 1.927361 1.774187 4.458283 -14.965707 -14.087333 118.937504 1.547075 0.357300
Car -1 -1 -1.555933 892.300659 143.309647 922.095093 171.345993 1.460328 1.753563 4.260779 -5.629820 -25.679887 182.611305 -1.586753 0.392795
Car -1 -1 1.668031 578.177734 254.497055 652.800354 315.047546 1.353227 1.705956 4.252960 -11.746459 -7.999567 85.941369 1.532193 1.146804
Car -1 -1 -1.567664 982.522156 133.739059 1009.716553 158.080078 1.418709 1.803772 4.242914 0.237080 -28.738302 198.126549 -1.566467 0.314587
Car -1 -1 1.688953 568.441040 181.043579 617.793762 221.664200 1.405576 1.682692 4.258901 -18.911571 -16.238158 130.956218 1.545533 0.574871
Car -1 -1 -1.575959 935.766846 150.869019 967.945679 180.379959 1.446838 1.772068 4.256449 -2.496113 -23.445936 170.462481 -1.590601 0.369157
Car -1 -1 1.730723 454.755768 278.199951 533.861572 341.484161 1.316007 1.465481 4.255511 -14.433691 -6.731584 80.131635 1.552509 0.945092
Car -1 -1 -1.665735 1126.608398 156.933838 1165.798706 190.368576 1.603635 1.880015 4.255390 9.254777 -22.156098 165.447468 -1.609855 0.100141
