Car -1 -1 -1.364745 231.337753 586.842285 500.689453 813.060730 1.239647 1.676777 4.309951 -6.572089 1.933599 29.699925 -1.582519 2.802690
Car -1 -1 -1.549319 829.902954 219.127914 883.665222 271.086151 1.413635 1.771969 4.258060 -4.825179 -10.018421 100.140521 -1.597466 0.704961
Car -1 -1 -1.616935 1064.256714 262.805634 1148.669556 335.288330 1.434947 1.956203 4.276201 3.234130 -6.281484 78.613831 -1.575818 0.944612
Car -1 -1 -1.584507 931.851318 243.822647 992.874512 303.102661 1.273023 1.708709 4.257728 -0.901493 -7.825606 86.843869 -1.594887 0.986271
Car -1 -1 1.761401 309.637054 221.697540 384.549286 272.879913 1.307236 1.640511 4.259573 -23.113897 -9.933768 99.591086 1.533350 0.614054
Car -1 -1 -1.550943 870.229919 194.837845 915.061890 233.392517 1.249206 1.726233 4.253496 -4.228935 -13.489399 119.972293 -1.586177 0.612550
Car -1 -1 -1.565114 937.521912 199.224411 985.252441 240.945435 1.315916 1.853787 4.271056 -1.231253 -12.721329 115.804126 -1.575745 0.740265
Car -1 -1 -1.592232 856.846375 915.067078 1162.689941 1077.919800 0.737650 1.870732 4.355402 0.072563 3.868022 20.277587 -1.588653 2.783597
Car -1 -1 -2.405521 1336.045044 192.214615 1434.643066 232.200745 1.357459 1.805442 4.135120 18.268107 -14.537848 128.571017 -2.264380 0.417849
Car -1 -1 -1.568536 942.304138 163.328430 981.104736 199.655060 1.568367 1.887194 4.257733 -1.552978 -18.318966 148.509934 -1.578992 0.313833
Car -1 -1 -1.599794 995.088806 146.033813 1025.169312 173.146896 1.355540 1.779434 4.280334 1.256156 -24.575711 185.466692 -1.593021 0.331999
Car -1 -1 -1.553408 893.287598 156.207489 929.468323 186.732849 1.387869 1.864587 4.257467 -4.620475 -20.724698 162.369819 -1.581856 0.199354
Car -1 -1 1.659132 589.053650 137.299088 619.904541 161.986496 1.422266 1.660220 4.252562 -28.815822 -28.111581 207.109608 1.520886 0.155421
