Car -1 -1 -1.523818 812.424500 489.290070 952.098877 639.512878 1.257270 1.808710 4.234306 -1.592972 0.393180 40.847339 -1.562797 2.678645
Car -1 -1 -0.813671 925.058838 289.441345 1077.825073 356.818512 1.251380 1.870017 3.792788 0.295565 -5.971259 75.310327 -0.809746 1.448868
Car -1 -1 -1.409981 314.335968 752.049866 551.098572 974.540771 0.727089 1.452753 4.238494 -5.224604 2.873421 26.301255 -1.606073 3.053198
Car -1 -1 1.652264 641.916931 315.593231 723.328857 395.416351 1.302719 1.486250 4.241279 -7.500773 -4.513822 67.301586 1.541272 1.003318
Car -1 -1 -1.702008 1298.010742 260.542603 1375.721558 318.574310 1.296746 1.731643 4.253079 10.787002 -7.974991 86.731889 -1.578272 0.761204
Car -1 -1 -1.628235 1001.747742 233.984329 1068.495850 296.710297 1.487432 1.943632 4.263961 1.387906 -9.145211 92.009244 -1.613152 0.775685
Car -1 -1 1.633746 655.993958 267.610565 732.614075 341.283295 1.538709 1.766804 4.270142 -8.399547 -6.590403 78.174051 1.526710 0.978371
Car -1 -1 -1.580606 985.949280 123.006737 1012.736450 155.690247 2.106437 1.715557 4.608077 0.507800 -30.111290 206.686392 -1.578149 0.174049
Car -1 -1 -1.601933 1087.714966 136.134552 1119.295898 163.763565 1.514459 1.920578 4.231553 7.662928 -27.326149 190.748173 -1.561782 0.236213
Car -1 -1 1.643544 700.404724 249.243637 762.998840 307.326630 1.364054 1.525082 4.247642 -8.140344 -8.218296 86.546394 1.549762 0.877457
Car -1 -1 1.620405 765.309448 185.309753 808.576599 222.839859 1.320735 1.720695 4.263585 -9.316646 -15.448171 125.310874 1.546193 0.307001
