Car -1 -1 -1.533848 441.622772 447.735260 594.546570 636.968872 1.568660 1.841381 4.230347 -6.097816 0.343837 32.036794 -1.721936 3.290360
Car -1 -1 -1.960322 282.655823 392.997467 466.893738 525.654236 1.314640 1.373947 4.208251 -9.975961 -1.189528 38.363745 -2.214724 1.363045
Car -1 -1 -1.364500 212.702667 738.013306 493.716583 965.601135 0.655478 1.632390 4.232650 -5.692096 2.866121 21.773008 -1.620206 3.658657
Car -1 -1 1.209977 387.633118 329.905884 535.426941 442.977997 1.516761 1.406751 4.314790 -10.259645 -2.925971 46.759161 0.993985 0.874928
Car -1 -1 1.736892 525.367188 170.108551 582.267639 218.522980 1.687259 1.720376 4.269578 -17.811799 -15.358678 100.963647 1.562270 0.535093
Car -1 -1 1.812046 350.372925 203.338898 422.172211 252.571899 1.385253 1.559665 4.247396 -21.614350 -11.775357 85.421631 1.564216 0.826695
Car -1 -1 1.701418 344.477417 303.893890 441.358124 389.753845 1.268349 1.545869 4.241536 -13.231225 -4.411473 52.844795 1.456083 0.845820
Car -1 -1 1.732084 382.159088 274.399414 470.665466 342.163361 1.232862 1.557744 4.248096 -14.327113 -6.199048 60.981110 1.501325 1.464988
Car -1 -1 1.675303 630.499146 133.377151 667.847839 164.867371 1.588401 1.848701 4.244789 -18.940427 -24.753924 142.252029 1.542935 0.429894
Car -1 -1 1.669880 674.045776 109.942078 700.927246 132.532455 1.699314 1.914090 4.236279 -22.788534 -36.974752 197.578337 1.555048 0.139324
