Car -1 -1 1.901487 79.622505 255.389450 189.751175 318.363251 1.261852 1.607654 4.379501 -25.236079 -7.665969 68.636227 1.549150 1.066344
Car -1 -1 1.829390 288.855835 260.838013 385.408020 327.176208 1.288728 1.479433 4.235942 -17.946360 -7.044159 65.232995 1.560920 1.671131
Car -1 -1 1.869425 187.694962 245.762115 286.357513 318.027771 1.559171 1.434253 4.225347 -21.574833 -7.492514 67.289302 1.559152 1.362278
Car -1 -1 1.782114 402.313538 257.137604 493.179657 322.788483 1.283474 1.639962 4.265537 -14.773504 -7.246264 65.869193 1.561480 1.422725
Car -1 -1 1.777486 428.471893 207.884644 500.572968 263.268188 1.408151 1.610279 4.235975 -17.894190 -11.077158 82.394896 1.563631 0.922990
Car -1 -1 1.835987 269.817932 227.444992 351.549988 285.578003 1.319399 1.380214 4.241199 -21.802008 -9.465122 75.733427 1.555688 1.145242
Car -1 -1 1.808649 339.316925 223.949570 433.139130 293.245972 1.683882 1.765001 4.248093 -18.671287 -9.001513 74.031246 1.561594 1.123566
Car -1 -1 1.893431 153.288910 226.490234 233.883514 286.741211 1.500342 1.167357 4.231318 -25.627752 -9.282346 75.177557 1.564889 1.014608
Car -1 -1 1.772777 435.978180 167.182877 495.545990 218.367630 1.840179 1.614567 4.581329 -21.957724 -15.413057 101.352988 1.559428 0.447415
Car -1 -1 1.757654 477.755188 190.557175 538.753174 240.100632 1.514504 1.489803 4.255991 -18.095604 -13.131545 91.640031 1.562698 0.867426
Car -1 -1 1.854770 239.125290 204.895355 317.321838 258.684875 1.467111 1.619713 4.217955 -25.394538 -11.376863 83.973666 1.561103 0.885466
Car -1 -1 1.730458 518.139954 170.027512 574.018127 217.654053 1.628284 1.621951 4.252726 -18.322350 -15.546649 101.870759 1.552502 0.654156
