Car -1 -1 -1.735124 1254.535645 641.982422 1487.423584 852.552917 0.978127 1.558694 4.259826 3.849277 2.219605 28.858892 -1.602524 3.054602
Car -1 -1 -1.604474 926.383972 654.379272 1140.593384 864.500427 0.888797 1.837853 4.625735 0.352746 2.262181 28.342753 -1.592029 1.314713
Car -1 -1 -1.476384 539.770569 644.561768 764.936218 838.043213 0.833182 1.799479 4.263695 -3.461081 2.129996 29.153787 -1.594549 3.367302
Car -1 -1 -1.342870 152.089005 668.563477 450.494446 888.960205 0.850943 1.698888 4.359434 -6.626408 2.348437 27.214791 -1.581708 1.951059
Car -1 -1 1.751275 353.547028 230.969589 435.571594 296.514954 1.556394 1.676324 4.259952 -19.314541 -8.288267 89.909924 1.539670 0.736451
Car -1 -1 -1.430758 367.746429 851.365967 713.637329 1079.022217 1.220737 1.763538 4.271034 -3.202981 3.884306 20.763932 -1.583809 3.350354
Car -1 -1 -1.820202 1390.838013 888.966675 1816.592896 1079.841675 1.034023 1.909833 4.222874 4.500348 4.039178 21.302564 -1.612005 3.248432
Car -1 -1 1.838853 114.716614 241.928696 205.708160 301.959747 1.410256 1.473911 4.240274 -26.900750 -8.106968 89.901238 1.548107 0.911249
Car -1 -1 1.802447 235.850357 232.675797 322.719788 298.092499 1.569530 1.637177 4.260029 -23.193162 -8.303649 90.503411 1.551577 0.806538
Car -1 -1 1.704294 476.629181 224.920029 549.952942 282.628845 1.436551 1.760762 4.244956 -16.100747 -9.024147 93.499817 1.533766 0.536540
Car -1 -1 -1.561739 868.467102 186.935730 917.369019 233.807053 1.592597 1.934604 4.274177 -4.283805 -13.603483 121.106583 -1.597097 0.576115
Car -1 -1 -1.577738 942.236084 175.151154 980.700928 210.147003 1.375028 1.713156 4.250260 -1.522885 -16.826913 140.137906 -1.588605 0.488979
Car -1 -1 1.762616 321.586365 209.471680 395.279999 267.492767 1.662878 1.706196 4.292423 -23.418311 -10.441727 103.000925 1.539057 0.407993
Car -1 -1 -1.580047 986.991577 139.651459 1014.171265 164.808655 1.432936 1.759856 4.258706 0.728173 -26.901118 199.327455 -1.576394 0.297583
Car -1 -1 1.731135 372.862152 190.226334 446.406860 249.711838 1.857523 1.803692 4.623394 -23.479340 -12.082110 112.190064 1.524831 0.258859
Car -1 -1 -1.559815 935.021057 152.256332 965.659485 179.249222 1.356497 1.741181 4.253831 -2.670330 -23.503054 180.448143 -1.574613 0.304586
