Car -1 -1 -1.526021 596.466797 548.360413 751.212341 715.320557 0.900249 1.730497 4.227803 -3.989423 1.305538 29.818490 -1.659021 2.679530
Car -1 -1 -1.537462 942.431885 386.414307 1047.152100 487.940002 1.124630 1.884046 4.289161 0.606626 -1.888800 45.567743 -1.524150 1.385638
Car -1 -1 2.783047 1801.070435 324.230347 1919.500732 392.591797 1.249691 1.898764 4.074225 24.024917 -4.232621 55.831218 -3.093776 0.813964
Car -1 -1 1.759675 627.394348 229.762115 701.683655 294.897888 1.672552 1.607924 4.534674 -11.086646 -9.370660 79.224763 1.620639 0.546936
Car -1 -1 -1.585785 1142.424927 267.103180 1210.753296 340.908295 1.537583 1.833749 4.318281 6.507784 -6.742973 67.872240 -1.490195 0.819163
Car -1 -1 -1.553575 1010.801819 195.224243 1057.783936 240.350250 1.647175 2.010163 4.273438 3.251662 -14.798109 105.576989 -1.522786 0.626009
Car -1 -1 -1.541813 980.690552 275.053894 1051.238647 336.724457 1.232754 1.882331 4.274200 1.558333 -6.969646 68.985550 -1.519228 1.096024
Car -1 -1 -1.626092 1259.235107 221.149246 1307.701782 262.046906 1.285450 1.638253 4.253558 14.009587 -12.629310 96.335403 -1.481679 0.713182
Car -1 -1 1.716324 762.048706 182.468155 814.843201 232.802536 1.825151 1.747990 4.427525 -8.893536 -15.441899 107.367437 1.633680 0.422421
Car -1 -1 1.876684 422.189728 238.261627 506.227936 290.970276 1.364334 1.516460 4.242595 -18.341323 -9.427328 79.166171 1.649019 0.990782
Car -1 -1 1.802600 600.632385 220.966721 662.202209 267.249481 1.318666 1.365672 4.258509 -14.044661 -11.629316 90.084871 1.647940 0.705670
Car -1 -1 1.739819 693.073242 184.878723 744.512085 229.051102 1.751868 1.630238 4.553130 -12.563857 -15.834458 109.450773 1.625530 0.312080
Car -1 -1 -1.600098 1147.263306 177.879837 1185.047607 219.995392 1.687646 1.837441 4.414346 11.194745 -18.275081 122.395492 -1.508889 0.302673
Car -1 -1 -1.570799 1097.000488 197.781723 1136.964111 235.798370 1.325672 1.769683 4.243096 7.622848 -15.756838 110.738344 -1.502071 0.749327
Car -1 -1 1.769308 641.564392 187.924911 690.749390 224.390808 1.408971 1.589628 4.240384 -15.771832 -16.642407 113.444453 1.631167 0.464585
Car -1 -1 -0.623387 1266.581299 147.408020 1345.797241 187.691528 2.225603 2.294232 4.790569 23.587985 -24.712989 152.253773 -0.469683 0.230749
Car -1 -1 1.663738 846.935913 168.982422 881.314941 195.868774 1.304791 1.621506 4.249824 -6.566560 -21.652588 136.731784 1.615750 0.462961
Car -1 -1 1.739423 664.228760 229.735947 729.104004 278.874390 1.320953 1.735536 4.262931 -10.608111 -10.531644 84.630004 1.614726 0.735900
Car -1 -1 -1.588766 1099.349976 165.692825 1130.006470 194.290833 1.397537 1.851156 4.266487 10.027033 -23.730189 148.700426 -1.521436 0.283758
Car -1 -1 -1.630538 1203.248291 160.191132 1237.792236 188.879517 1.442533 1.833809 4.245851 17.046346 -23.646290 146.391929 -1.514617 0.366609
Car -1 -1 -1.569777 1128.187866 157.905029 1156.584595 183.884628 1.394051 1.825012 4.255333 12.996521 -26.591497 162.056167 -1.489750 0.241588
Car -1 -1 -1.560354 1071.358887 150.542404 1098.771973 176.395767 1.470883 1.794502 4.256243 8.890294 -27.524094 164.957205 -1.506511 0.298495
Car -1 -1 1.719621 731.644653 169.529938 770.714600 197.794800 1.324802 1.528206 4.252053 -13.777058 -21.787930 138.289236 1.620324 0.273158
