Car -1 -1 -1.145542 1417.168945 515.790955 1690.532227 680.980408 0.857404 1.420047 4.767155 7.933772 0.464588 28.987115 -0.878385 2.058939
Car -1 -1 -1.543725 790.363708 529.177673 957.897705 702.631836 0.850079 1.812868 4.302468 -1.079402 0.668981 27.848610 -1.582466 2.892079
Car -1 -1 2.869169 1436.241211 233.297531 1616.436768 294.959259 1.356434 1.878671 4.486316 16.817066 -8.409899 64.958845 3.122496 2.861033
Car -1 -1 -1.556591 866.934082 311.267609 958.031555 401.707458 1.096882 1.724851 4.256651 -1.038557 -4.112275 46.345133 -1.578996 1.548530
Car -1 -1 -1.857038 758.689880 235.241928 863.487366 316.015320 1.452572 1.478848 4.259841 -4.050037 -7.034613 57.372764 -1.927513 1.157130
Car -1 -1 -1.512626 1208.816528 715.487732 1436.806396 976.939758 0.702120 1.746811 4.370541 3.524069 2.511226 20.746073 -1.344365 3.126912
Car -1 -1 0.422660 0.000000 243.049713 133.320816 314.892731 1.337509 1.876640 4.039301 -23.662254 -6.738195 55.498509 0.019639 0.348365
Car -1 -1 -1.907914 1730.099976 158.684509 1802.239502 193.824097 1.034760 1.409946 4.257053 36.364180 -16.984114 98.510489 -1.554291 0.594473
Car -1 -1 1.617951 802.586121 158.861145 855.525330 211.861542 1.485115 1.818434 4.293101 -5.422288 -14.773310 89.322581 1.557321 0.658929
Car -1 -1 -1.903239 1670.845215 158.674561 1739.161377 192.951141 0.984125 1.322379 4.267788 33.495263 -16.938021 98.048912 -1.574051 0.660653
Car -1 -1 -1.970590 1794.679810 151.957062 1872.159668 192.279739 1.322734 1.438486 4.259439 39.460065 -17.048695 98.719905 -1.590327 0.501946
Car -1 -1 1.450736 809.179504 198.757996 880.002686 260.698486 1.296165 1.723946 4.363509 -3.910751 -10.386178 71.379085 1.396002 0.565572
Car -1 -1 0.823919 1.612681 271.363312 77.255798 361.089691 1.517626 1.765488 3.840832 -22.116529 -5.029099 49.647925 0.404841 0.456534
Car -1 -1 1.593230 828.700012 131.542236 870.778320 173.158234 1.591770 1.753314 4.359197 -5.807095 -20.547278 113.574761 1.542144 0.301668
Car -1 -1 2.680526 1884.298340 138.591568 1919.144043 165.553726 1.093299 1.865584 2.567243 52.153509 -21.747225 118.789488 3.094230 0.091068
