Car -1 -1 0.285996 1127.490479 356.943268 1395.976685 470.166901 1.459209 1.910003 4.304249 5.408857 -1.385597 41.379938 0.415971 5.095760
Car -1 -1 -1.472235 1350.866455 632.079895 1576.101807 879.664307 0.894215 1.647585 4.225357 4.932710 2.430458 21.869713 -1.250397 3.929439
Car -1 -1 -1.196068 647.665894 647.547180 910.688721 837.686890 0.664064 1.229403 4.219523 -2.128376 2.451618 24.561637 -1.282506 3.209250
Car -1 -1 -1.289722 908.377136 727.490845 1211.944336 974.095886 0.516384 1.496762 4.393376 0.891596 2.931760 20.503725 -1.246265 4.121500
Car -1 -1 0.034834 1542.338501 291.075745 1827.317383 386.514587 1.265115 1.989420 5.188058 14.669531 -3.126890 45.558331 0.346345 3.202740
Car -1 -1 -2.972168 1231.089844 222.529648 1380.181274 285.556152 1.383141 1.844427 4.234190 10.807976 -7.939714 72.624491 -2.824432 1.771328
Car -1 -1 0.501353 519.957764 357.958649 712.160156 434.008026 1.212025 1.904283 3.828564 -9.064258 -2.576929 54.699095 0.337134 2.543889
Car -1 -1 -1.667719 1726.845093 787.330566 1919.798828 1080.000000 1.085176 1.762262 4.247025 6.866415 3.717860 16.893256 -1.281657 3.994873
Car -1 -1 0.580544 277.897766 353.776855 440.403320 420.689697 1.268832 1.858199 3.610081 -17.447342 -3.167912 61.553225 0.304338 1.435150
Car -1 -1 -3.026210 1613.370972 182.652542 1755.194336 241.891693 1.363999 1.897335 4.226397 24.237753 -9.641655 75.492435 -2.715544 1.775516
Car -1 -1 0.176786 1108.439819 301.320404 1327.286865 376.777557 1.203374 1.873961 4.492821 5.847173 -3.821563 53.483014 0.285682 2.221813
Car -1 -1 0.699114 46.428474 341.972382 219.475800 412.984772 1.411851 1.883952 4.004174 -25.563444 -3.663221 66.227372 0.330738 1.157415
Car -1 -1 -2.837367 975.883179 231.798431 1105.821045 282.454285 1.257220 1.895024 4.108861 2.431129 -9.360539 85.122314 -2.808815 1.193784
Car -1 -1 -0.006582 1640.628540 254.185486 1854.471802 333.853546 1.277956 1.860123 4.488455 18.410130 -4.713085 52.643210 0.329839 2.193570
Car -1 -1 -2.998596 1125.766113 219.179733 1276.163696 282.331451 1.508909 1.888834 4.477855 7.799241 -8.558704 77.615156 -2.898446 1.396858
Car -1 -1 -1.057937 86.807785 865.519043 710.365906 1078.628662 0.888616 2.460890 4.755965 -4.464928 4.359165 18.198108 -1.298536 3.557618
Car -1 -1 0.609909 267.734924 326.576904 419.326935 383.610626 1.186418 1.853072 3.731089 -20.025652 -4.601669 69.015238 0.327502 1.134188
Car -1 -1 0.793994 0.000000 422.833557 100.971863 505.215302 1.369343 1.839297 3.167383 -23.344405 -0.875632 52.971255 0.378901 0.233250
Car -1 -1 -2.637616 528.394653 277.081268 665.066467 330.299469 1.195381 1.871213 4.438860 -14.219178 -7.347560 81.304868 -2.810752 0.711725
Car -1 -1 3.056380 1818.288818 168.901520 1918.392822 255.285385 1.718444 2.026562 4.977777 27.980475 -8.146703 65.573028 -2.823489 0.754302
Car -1 -1 1.666682 1442.029907 154.474487 1486.845093 195.333130 1.253436 1.524683 4.254488 22.602719 -14.998621 102.438562 1.883849 0.532610
Car -1 -1 -2.007454 485.079529 270.018738 613.353821 317.183807 1.309986 1.895982 3.957676 -16.855815 -8.081767 85.844096 -2.201341 0.274900
Car -1 -1 -2.294353 91.204063 304.615112 193.300125 347.348419 1.207871 1.878565 3.292624 -35.204038 -7.443598 91.652894 -2.661080 0.356601
