Car -1 -1 -1.463558 648.456726 701.264038 878.092773 937.080261 0.582438 1.548551 4.272054 -1.797832 2.397018 20.901569 -1.549361 3.151202
Car -1 -1 -1.341607 332.538208 689.165344 599.861755 921.214111 0.671968 1.467673 4.220090 -4.762843 2.382947 21.534798 -1.559273 3.592463
Car -1 -1 -1.766822 1345.219482 691.989319 1631.207642 961.895630 0.795509 1.694091 4.324003 4.849458 2.537439 20.839949 -1.538191 3.559371
Car -1 -1 -1.604559 1018.497375 697.152283 1230.402588 929.679626 0.552517 1.665049 4.253252 1.472049 2.357037 21.070492 -1.534810 4.643010
Car -1 -1 1.836941 405.242523 250.951630 510.138367 317.143738 1.244796 1.591326 4.358560 -14.970188 -7.473224 64.843672 1.610050 1.283516
Car -1 -1 1.870057 376.385834 232.593765 465.590118 293.272552 1.361026 1.357265 4.248059 -17.465008 -8.772770 70.623276 1.627623 0.964642
Car -1 -1 -1.620254 1103.147949 165.763550 1143.338257 202.424500 1.192724 1.698680 4.263156 7.602922 -16.785854 103.772713 -1.547120 0.770825
Car -1 -1 1.829514 457.458313 207.092758 536.150757 258.642944 1.273724 1.424865 4.242838 -16.886184 -10.957961 78.996370 1.618924 0.980430
Car -1 -1 1.909972 276.692108 224.689911 365.943024 296.203949 1.566112 1.147582 4.301743 -20.555294 -8.652259 69.927220 1.624072 0.862950
Car -1 -1 1.899772 359.251526 215.902847 437.909882 268.631958 1.302848 1.198046 4.227729 -20.491212 -10.648965 79.010027 1.646013 0.616582
Car -1 -1 -1.555361 992.338196 118.613579 1021.965332 144.729095 1.240921 1.724032 4.284431 3.040737 -28.254185 152.210835 -1.535387 0.422389
Car -1 -1 1.735660 684.254639 138.049164 726.685608 170.946030 1.393635 1.556738 4.241759 -14.833075 -21.896623 125.302839 1.617830 0.427828
Car -1 -1 -1.616629 1127.529175 113.867271 1155.639404 139.079880 1.333690 1.784074 4.223386 12.590978 -28.994331 154.341070 -1.535230 0.253191
Car -1 -1 -1.610133 1124.313843 102.768501 1153.201904 135.144638 1.735173 1.863160 4.419865 12.791929 -30.290194 159.265970 -1.529987 0.164581
Car -1 -1 0.429796 113.980545 181.131287 231.293213 224.624939 1.436433 1.909605 3.788591 -34.127124 -14.297834 94.051354 0.081714 0.111512
