Car -1 -1 0.129128 59.188236 361.151367 335.388245 469.067322 1.464556 1.902053 4.619652 -15.325382 -1.770554 42.244110 -0.218887 4.453805
Car -1 -1 2.822007 1531.845093 331.678955 1770.022095 423.151855 1.415614 1.848303 4.135355 14.255437 -2.880187 47.782208 3.111942 3.653120
Car -1 -1 -1.456440 409.628021 630.996094 638.446411 842.602722 0.701644 1.758126 4.272429 -4.896512 2.101447 23.362614 -1.663037 3.655840
Car -1 -1 -1.890942 1366.545410 651.399353 1661.082397 853.729675 0.618433 1.516322 4.488811 5.397738 2.226479 23.501400 -1.665180 2.877262
Car -1 -1 -1.576715 737.175293 623.001465 923.975098 826.278076 0.762204 1.726562 4.240595 -1.847987 2.083468 24.285367 -1.652664 2.106492
Car -1 -1 -1.726664 1037.981445 630.127869 1261.954956 833.430115 0.610839 1.632563 4.499840 1.600702 2.070426 24.218177 -1.660665 2.418649
Car -1 -1 1.756221 353.348541 260.492859 442.067505 327.615021 1.223204 1.466854 4.243335 -16.814599 -6.243059 61.752299 1.490375 1.371232
Car -1 -1 1.732638 407.820770 228.891525 484.538849 292.940002 1.349404 1.513463 4.247715 -17.377117 -8.012200 69.439592 1.487426 1.275884
Car -1 -1 -2.848784 182.655701 347.403381 406.919006 432.960205 1.271559 1.863627 3.877799 -14.470561 -2.507734 45.140689 3.124185 0.921195
Car -1 -1 1.705519 471.528564 193.481522 535.340332 251.735748 1.591991 1.596114 4.266116 -18.740318 -11.044370 83.676967 1.485194 0.793326
Car -1 -1 1.713320 445.421356 215.601883 509.984863 272.128693 1.265945 1.407224 4.246618 -17.863365 -9.398436 75.769859 1.481790 0.963441
Car -1 -1 1.678174 559.698547 132.733963 593.559143 159.944214 1.299951 1.386705 4.258060 -26.224452 -23.157966 137.126794 1.489213 0.333516
Car -1 -1 1.831467 197.913925 153.444916 259.044922 186.438278 1.364631 1.697475 4.257181 -41.672346 -18.789649 118.940367 1.494468 0.322869
