Car -1 -1 -1.601910 948.787598 471.195984 1091.490356 618.210938 1.173562 1.931868 4.265811 1.181584 0.186315 34.039037 -1.567212 2.567968
Car -1 -1 1.859834 251.416260 270.356598 353.882385 340.512054 1.274158 1.454936 4.255020 -18.073408 -6.393808 62.179038 1.576961 1.356579
Car -1 -1 1.743096 479.892731 184.967590 545.605896 235.898849 1.605455 1.797341 4.237357 -18.169852 -13.461765 92.958420 1.550068 0.866201
Car -1 -1 1.864852 182.842133 251.229858 285.973389 321.621552 1.399713 1.516297 4.228635 -21.396360 -7.355281 66.480320 1.553477 1.322075
Car -1 -1 1.884383 132.182297 238.668655 221.353607 296.040680 1.310328 1.324753 4.229769 -25.631877 -8.858858 73.595538 1.549241 1.025125
Car -1 -1 1.823175 318.660522 217.259995 390.594604 267.224365 1.278945 1.409993 4.234083 -21.666518 -10.712944 81.085590 1.562069 0.993146
Car -1 -1 1.775824 393.159851 221.685684 473.333282 276.419098 1.339289 1.735369 4.260267 -18.007700 -10.006060 77.831638 1.548457 0.987907
Car -1 -1 1.736434 533.284546 177.015305 584.354736 215.455429 1.318106 1.532909 4.241710 -18.236678 -16.048734 104.753216 1.564070 0.625855
Car -1 -1 1.843117 236.335419 206.674225 317.782227 261.064392 1.484712 1.626009 4.232793 -25.231188 -11.217696 83.327382 1.549097 0.861803
Car -1 -1 1.813393 366.291382 196.921005 430.914093 243.881378 1.396589 1.438931 4.221861 -21.767288 -12.441342 88.154202 1.571313 0.743286
Car -1 -1 1.915847 2.656228 184.020050 109.439453 277.686066 2.282401 1.930614 5.324600 -32.933238 -10.626568 81.056431 1.529921 0.349011
Car -1 -1 1.831163 304.152863 183.530212 373.937958 237.974228 1.689533 1.577286 4.423019 -25.752293 -13.564599 93.842366 1.563336 0.600771
Car -1 -1 1.715208 566.686340 166.883347 608.929871 199.092422 1.277033 1.548593 4.237705 -18.162756 -17.872335 112.266075 1.554815 0.534217
Car -1 -1 1.680621 585.427612 156.110413 628.465576 189.626022 1.402405 1.679603 4.220599 -18.075448 -19.449099 118.865026 1.529710 0.346212
Car -1 -1 1.721320 529.411926 154.650345 572.752014 185.145065 1.336656 1.516628 4.264059 -21.260753 -19.785842 120.084220 1.546087 0.250152
