Car -1 -1 -1.643499 1034.053955 758.374451 1257.189087 992.436584 0.829375 1.683150 4.238379 1.374130 3.030810 26.492690 -1.591678 2.326223
Car -1 -1 -1.615684 956.159912 389.092377 1062.858276 483.975098 1.107357 1.781431 4.254916 0.288967 -2.078831 53.673428 -1.610301 1.928232
Car -1 -1 -1.695021 1162.541992 464.112396 1306.951416 583.666992 1.042818 1.690688 4.324035 3.839867 -0.335141 44.395341 -1.608743 1.980885
Car -1 -1 -1.646512 1107.654785 351.541656 1203.148315 436.717773 1.167818 1.687396 4.244563 3.527087 -3.256642 60.401420 -1.588184 1.516699
Car -1 -1 -1.587494 944.989807 303.995087 1028.422119 395.843781 1.586792 1.845607 4.297481 -0.156436 -4.568051 67.941820 -1.589796 1.134577
Car -1 -1 -1.583625 942.140198 255.287582 1011.440979 321.535339 1.564108 1.969070 4.250247 -0.457806 -7.610341 84.245148 -1.589059 1.186173
Car -1 -1 -1.622174 1037.322144 223.825455 1095.999146 277.133942 1.462421 1.825599 4.289066 2.660925 -10.474173 99.605278 -1.595465 0.714032
Car -1 -1 -1.543184 859.035522 201.002625 911.476379 252.864975 1.591945 1.882735 4.241328 -4.344333 -12.766402 112.424595 -1.581807 0.827739
Car -1 -1 -1.607383 1055.775635 267.399689 1127.455811 333.549652 1.393343 1.843882 4.258141 2.871457 -7.009531 80.609349 -1.571777 1.225877
Car -1 -1 -1.598099 1020.459045 194.006516 1066.303223 235.097031 1.327763 1.739962 4.244684 2.199587 -14.364287 120.464687 -1.579841 0.657600
Car -1 -1 -1.567858 940.135132 183.289322 981.010376 221.373077 1.386359 1.723950 4.248386 -1.488378 -16.134240 130.269579 -1.579283 0.654243
Car -1 -1 -1.598637 1006.721436 173.903183 1045.881226 208.474091 1.366976 1.808484 4.258778 1.742770 -17.793649 139.161538 -1.586114 0.513476
Car -1 -1 -1.549660 885.350647 170.447739 923.485474 204.805496 1.386877 1.719103 4.250161 -4.601823 -18.675092 144.398612 -1.581518 0.552399
Car -1 -1 -1.549732 934.265808 137.848358 962.468933 164.710587 1.656364 1.717985 4.323580 -2.941168 -26.389482 185.508627 -1.565585 0.243865
Car -1 -1 -1.424711 1077.895264 161.697205 1124.198486 198.017105 1.581846 1.768070 4.254695 6.082335 -19.996454 151.628225 -1.384619 0.179975
Car -1 -1 -1.565990 941.945251 161.632904 978.504395 195.072311 1.381579 1.788124 4.246206 -1.784156 -20.545544 154.222812 -1.577558 0.314027
Car -1 -1 -1.583354 990.234192 145.227631 1021.123962 172.632416 1.434820 1.794088 4.255676 0.834412 -24.463333 174.763552 -1.578579 0.302387
Car -1 -1 1.598613 793.511902 153.279251 826.981628 182.080582 1.353809 1.709045 4.259082 -10.872389 -22.506812 164.384262 1.532569 0.376872
Car -1 -1 1.635978 732.877075 142.750259 763.685120 168.794647 1.369792 1.693295 4.247515 -16.222298 -25.896708 183.230326 1.547673 0.351038
Car -1 -1 -1.603854 1087.110840 134.830505 1121.782593 162.942520 1.670600 2.014888 4.242337 7.837891 -27.815198 194.018105 -1.563478 0.121723
Car -1 -1 -1.549923 887.746216 156.548828 920.391296 183.812332 1.352938 1.779932 4.255374 -5.280701 -22.555653 165.038584 -1.581909 0.137194
