Car -1 -1 -1.620682 991.657593 534.399536 1145.151367 695.123047 1.124011 1.745149 4.246952 0.958021 0.981123 37.224752 -1.594952 3.036135
Car -1 -1 -1.659920 1105.098755 374.872162 1225.765259 482.387909 1.350042 1.839674 4.272449 3.337323 -2.130657 54.143492 -1.598359 1.230096
Car -1 -1 1.832474 87.154625 538.620117 309.890717 707.580505 1.093360 1.486328 4.359673 -10.185368 1.044585 35.840177 1.555585 2.872064
Car -1 -1 -1.740972 1260.912964 615.141052 1453.111206 780.605530 0.873963 1.495229 4.230911 4.257852 1.736104 32.918740 -1.612342 2.555715
Car -1 -1 -1.533771 849.419800 364.301331 947.757446 454.674805 1.162940 1.822737 4.248262 -1.902709 -2.725260 56.869047 -1.567216 1.668351
Car -1 -1 -1.526914 749.137451 508.961731 880.852478 640.767151 0.995745 1.667369 4.224560 -2.560516 0.407191 40.522876 -1.590017 2.385071
Car -1 -1 -1.574002 921.213501 248.682541 988.463196 315.692657 1.545363 1.955925 4.235577 -1.209289 -8.115430 87.255051 -1.587860 1.006590
Car -1 -1 -1.629656 941.512756 432.233643 1053.097046 538.255127 1.050983 1.599491 4.223388 0.028256 -1.021826 47.658445 -1.629063 2.165314
Car -1 -1 -1.623026 1071.870117 276.447327 1150.976807 350.483185 1.441339 1.899961 4.251449 3.291067 -6.342494 77.526658 -1.580601 1.406576
Car -1 -1 -1.822885 1388.495850 867.595520 1792.015503 1078.602173 1.083801 1.881973 4.455750 4.681520 4.009002 22.516476 -1.617890 2.179963
Car -1 -1 1.316712 662.269897 271.177551 772.433655 361.387573 1.738515 1.773257 4.301507 -7.352241 -5.774823 73.508170 1.217024 0.629068
Car -1 -1 1.767339 282.415253 219.660431 352.449677 271.420105 1.438894 1.490994 4.245264 -25.416153 -11.189407 104.144492 1.527971 0.770419
Car -1 -1 -1.546028 861.802307 225.256180 914.695435 272.567627 1.297035 1.724943 4.260089 -3.834064 -10.908983 102.091606 -1.583565 0.941518
Car -1 -1 -1.553232 833.039551 288.596649 906.143250 356.784302 1.267679 1.762859 4.252791 -3.349027 -6.016057 75.653151 -1.597471 1.397114
Car -1 -1 1.641037 753.733093 194.968109 805.351257 244.310089 1.561420 1.644993 4.242361 -8.903165 -13.502409 115.873413 1.564353 0.574461
Car -1 -1 -1.606940 1023.744446 245.123718 1084.592041 296.329559 1.228601 1.752787 4.245648 2.068537 -9.225148 93.132755 -1.584733 1.087486
Car -1 -1 -1.572273 929.213806 216.557465 979.764282 260.736206 1.193210 1.632464 4.248029 -1.470563 -11.981797 107.452845 -1.585958 0.580341
Car -1 -1 -1.568377 934.141357 192.145767 978.337036 231.390198 1.316635 1.759380 4.257608 -1.597895 -14.712882 122.043595 -1.581469 0.564637
Car -1 -1 -1.565456 942.931030 139.862671 973.529175 167.882446 1.532218 1.815343 4.251973 -2.262564 -25.944053 183.308624 -1.577798 0.330409
Car -1 -1 -1.587100 999.538147 164.346451 1036.645020 197.367340 1.375332 1.748312 4.234493 1.406519 -19.789405 149.890011 -1.577717 0.530992
Car -1 -1 -1.556925 883.275818 164.645035 918.104187 197.717438 1.432800 1.692506 4.254014 -5.018251 -19.871484 150.917089 -1.590165 0.470139
Car -1 -1 -1.571322 954.277649 168.814453 992.719421 208.237839 1.610388 1.771996 4.256367 -0.945896 -17.822824 139.145093 -1.578120 0.414854
Car -1 -1 1.672350 658.397156 146.107162 695.647156 176.510956 1.489763 1.706360 4.263151 -19.653359 -23.925428 172.284024 1.558765 0.256232
Car -1 -1 -1.551648 892.017883 133.321747 919.674561 157.865372 1.464744 1.705317 4.246651 -6.049216 -27.904139 192.403724 -1.583078 0.178544
