Car -1 -1 -1.478775 526.858582 735.408997 759.964478 982.466064 0.759059 1.531245 4.246804 -2.802370 2.629874 24.002654 -1.595001 3.042524
Car -1 -1 -1.361105 116.014465 749.866211 414.992798 1002.334595 0.704017 1.397825 4.238595 -5.852451 2.657641 23.176741 -1.608448 3.392096
Car -1 -1 0.520777 598.664001 366.999176 867.024292 474.832336 1.301474 1.881749 4.303801 -4.525432 -2.029174 51.286986 0.432768 3.496886
Car -1 -1 -1.615214 900.951721 720.494019 1146.448730 980.177368 0.863948 1.786563 4.288562 0.316309 2.606206 24.066877 -1.602072 2.412320
Car -1 -1 -1.743256 1230.399902 717.642944 1530.716919 994.136292 0.942414 1.633309 4.323196 3.346388 2.647893 23.691848 -1.602938 4.038573
Car -1 -1 1.824576 114.722153 290.334229 239.920166 373.050842 1.300444 1.555917 4.261658 -19.418511 -4.879455 67.013836 1.542532 1.314680
Car -1 -1 1.849436 115.572464 247.589325 220.426270 318.602600 1.443111 1.503983 4.249380 -23.326919 -7.153080 79.631258 1.564471 1.209754
Car -1 -1 2.688263 1804.480591 330.501495 1918.420044 435.498413 1.525660 1.915892 4.145933 19.470296 -2.904891 56.131322 3.022147 0.831735
Car -1 -1 1.814301 239.986099 245.412155 322.660980 316.340088 1.473837 1.145534 4.245943 -20.292842 -7.289140 80.572567 1.567574 0.662478
Car -1 -1 1.874546 94.611404 235.545731 183.822662 295.177826 1.425355 1.277281 4.232255 -26.764053 -8.558337 87.910651 1.579015 0.674859
Car -1 -1 1.741339 380.976105 207.749527 444.331879 255.411926 1.332884 1.433617 4.245511 -20.974970 -11.279038 102.637546 1.539755 0.731147
Car -1 -1 1.710059 514.938232 183.535645 566.572876 227.881195 1.465068 1.527822 4.240077 -18.988292 -14.316339 119.953227 1.553064 0.504029
Car -1 -1 1.782988 243.060013 202.789902 326.042358 275.477081 1.856955 1.623732 4.571209 -23.901464 -9.947858 95.396712 1.537494 0.446998
Car -1 -1 1.658089 570.625916 161.166489 613.325073 198.518936 1.449707 1.549446 4.227204 -20.333431 -18.718933 145.328111 1.519078 0.327378
Car -1 -1 1.708623 526.497681 121.011101 566.656555 160.058685 2.270756 1.862348 4.588015 -30.663284 -27.802852 196.388358 1.553738 0.076237
