Car -1 -1 -1.663147 1138.458008 375.301880 1267.136108 491.614716 1.362742 1.765870 4.480115 3.874916 -1.573645 51.375364 -1.587866 1.450271
Car -1 -1 -1.909695 1592.881958 493.010010 1814.200073 655.372009 1.209828 1.511188 4.341244 9.644713 0.702154 37.770285 -1.659686 2.760065
Car -1 -1 -1.479692 571.746887 630.534790 768.666931 816.974915 0.847777 1.619439 4.227360 -3.339028 1.971226 29.438647 -1.592633 1.794682
Car -1 -1 -1.387090 214.600784 587.421631 473.285431 854.666077 1.511925 1.586647 4.291971 -6.481139 2.175730 28.381835 -1.611596 2.736662
Car -1 -1 -1.701542 1231.788208 542.875977 1417.758301 714.501831 1.058589 1.627509 4.251121 4.128859 1.278674 34.985387 -1.584069 3.149122
Car -1 -1 -1.539116 778.767273 313.399841 878.333374 408.697906 1.411431 1.931218 4.271964 -3.607591 -3.517655 61.840781 -1.597387 1.386709
Car -1 -1 -1.611436 928.609619 375.920288 1054.838623 503.992218 1.347468 1.922916 4.265978 -0.025963 -1.442746 50.566191 -1.611949 1.985751
Car -1 -1 -1.316289 0.000000 825.494080 337.537476 1078.717896 0.991938 1.951399 4.269592 -6.560235 3.555462 21.561585 -1.611646 2.667458
Car -1 -1 -1.603759 918.656250 470.831848 1101.613525 722.267029 1.856938 1.871699 4.544658 0.139914 1.144033 34.906776 -1.599751 2.661712
Car -1 -1 -1.617004 952.126587 903.679382 1233.556152 1078.932129 0.741055 1.797696 4.259809 0.653308 3.864766 21.035173 -1.585956 3.211698
Car -1 -1 1.731142 447.339844 230.692841 526.159546 295.967682 1.547946 1.676799 4.268431 -15.968322 -8.116447 88.000127 1.551638 0.794458
Car -1 -1 1.774793 296.129395 222.001282 371.936920 275.442963 1.340543 1.567687 4.264332 -23.268571 -9.740938 98.317892 1.542402 0.621140
Car -1 -1 -2.889138 1849.690430 211.050934 1917.283936 258.984650 1.282632 1.783955 3.257111 35.809554 -11.441939 109.015549 -2.571760 0.103919
Car -1 -1 -1.616959 937.608276 442.773956 1087.316772 621.806030 1.792792 1.912426 4.667480 0.190424 0.851783 38.655955 -1.612033 0.665330
