Car -1 -1 -2.225321 1437.773804 298.151459 1629.220947 394.640503 1.652119 1.660740 5.098920 13.344617 -4.633644 68.484236 -2.032876 0.860800
Car -1 -1 -1.633429 1010.556946 745.860413 1234.476929 966.864807 0.788957 1.771566 4.228997 1.155801 2.866276 26.602437 -1.590009 2.811191
Car -1 -1 0.858391 863.063660 371.114716 1064.937622 468.189362 1.256870 1.909010 3.831229 -0.572892 -2.446520 56.104959 0.848180 1.245142
Car -1 -1 -1.510707 654.822449 807.338684 898.044556 1061.401489 0.663082 1.727128 4.518918 -1.797230 3.210948 24.240903 -1.584712 2.322211
Car -1 -1 -1.759566 1337.581787 771.710022 1613.772461 1002.940125 0.740429 1.596828 4.241867 4.393232 3.028536 25.755680 -1.590619 2.318076
Car -1 -1 1.230217 674.431091 271.124786 796.068176 362.684326 1.709963 1.773966 4.208378 -6.950841 -5.814637 74.093099 1.136678 0.408255
Car -1 -1 -1.602090 1043.502563 269.507660 1109.447510 328.987793 1.240809 1.752244 4.245730 2.497297 -7.338866 82.878380 -1.571967 1.102698
Car -1 -1 -1.587211 1018.343384 194.037109 1063.936646 232.929489 1.320519 1.809530 4.250738 2.159279 -14.784094 123.318561 -1.569704 0.695804
Car -1 -1 1.658690 706.800110 227.249344 772.044067 281.901031 1.486598 1.783379 4.253777 -8.880884 -10.025616 96.874380 1.567272 0.846832
Car -1 -1 1.643533 752.550232 204.490875 805.310242 253.062500 1.465079 1.669793 4.259798 -8.284774 -12.142209 107.351426 1.566511 0.687144
Car -1 -1 -1.572686 946.843079 151.496719 979.159851 180.761017 1.368215 1.748372 4.244210 -1.791448 -22.991866 166.971740 -1.583415 0.410441
