Car -1 -1 1.785559 278.661316 302.676331 384.138824 376.734985 1.316956 1.575035 4.247195 -17.051408 -5.210042 71.456855 1.551315 1.214084
Car -1 -1 -1.528110 724.042603 632.960144 912.877625 837.139771 1.107760 1.863252 4.295885 -1.934440 2.195390 31.908596 -1.588661 2.655244
Car -1 -1 -1.701229 1203.974854 556.584045 1383.454590 709.739197 0.973504 1.660932 4.254906 3.905929 1.136469 36.635435 -1.595014 2.596088
Car -1 -1 -1.593170 954.980896 379.541077 1057.331543 472.326630 1.156426 1.836532 4.246005 0.239327 -2.356505 55.721716 -1.588875 1.766595
Car -1 -1 -1.635982 1079.538818 328.436981 1180.758423 421.820557 1.467877 1.887163 4.269455 3.069077 -3.648134 62.544419 -1.586951 1.068285
Car -1 -1 1.746773 419.680084 295.122406 510.183380 367.193726 1.325712 1.571918 4.241592 -13.993788 -5.596096 73.577738 1.558827 1.137453
Car -1 -1 1.706619 527.138977 296.245117 619.991943 369.240753 1.328944 1.721873 4.242750 -10.957937 -5.471260 72.631350 1.556878 1.151722
Car -1 -1 1.666839 642.012939 283.379700 724.297668 366.103607 1.546665 1.657762 4.233790 -8.167945 -5.618121 73.219717 1.555745 1.095929
Car -1 -1 1.691630 605.901794 256.158752 672.770325 314.284943 1.336500 1.506096 4.238025 -10.984542 -8.001181 86.115713 1.564760 1.011088
Car -1 -1 1.734880 476.545135 220.262238 541.938110 272.919373 1.437873 1.632686 4.241907 -17.822718 -10.926870 102.114428 1.562084 0.762546
Car -1 -1 -1.554352 876.562683 179.154922 918.650818 220.549118 1.568660 1.853661 4.247549 -4.514507 -16.389602 132.232376 -1.588480 0.566468
Car -1 -1 1.663846 685.271301 195.651276 737.487976 242.079483 1.491380 1.696181 4.244048 -11.841797 -13.631079 116.460204 1.562513 0.656119
Car -1 -1 -1.570414 951.417419 249.395950 1008.092346 302.525757 1.271954 1.700038 4.249517 -0.426618 -8.864051 91.278632 -1.575087 1.420651
Car -1 -1 -1.605359 1010.611511 176.196701 1052.564697 213.389343 1.465787 1.835315 4.270485 1.933628 -17.319667 136.935051 -1.591239 0.500199
Car -1 -1 -1.551007 892.268921 137.078644 923.947021 170.459366 1.762965 1.897872 4.271977 -5.557122 -25.664298 182.140645 -1.581507 0.269572
Car -1 -1 -1.565390 848.852356 229.867096 930.409607 370.420227 2.661849 1.979744 4.807249 -2.711575 -5.774785 73.465465 -1.602283 0.349686
Car -1 -1 -1.566558 942.008484 140.948212 971.456177 167.945450 1.437712 1.769076 4.234715 -2.452903 -26.645091 187.749870 -1.579622 0.338063
Car -1 -1 -1.579799 990.506897 151.293365 1023.295715 180.170288 1.354666 1.787375 4.245053 0.939704 -23.529244 170.810949 -1.574298 0.366045
Car -1 -1 -1.594509 1087.369629 132.287994 1118.118530 158.476196 1.708371 1.948966 4.224236 7.970356 -28.938558 200.515086 -1.554780 0.158846
Car -1 -1 1.612420 789.439270 147.280579 822.486816 175.305298 1.388088 1.710900 4.273640 -11.622901 -23.970506 172.226297 1.545036 0.262344
Car -1 -1 1.642883 700.986084 135.380768 730.268250 161.033447 1.440373 1.656701 4.251391 -19.882432 -28.576783 198.204294 1.542904 0.239435
Car -1 -1 1.656229 691.680725 167.216095 734.102295 203.065842 1.388436 1.672748 4.239701 -14.154714 -18.204214 140.061309 1.555511 0.305148
Car -1 -1 1.650382 679.949463 272.545593 746.241150 336.479095 1.352545 1.520414 4.229316 -8.011324 -6.829982 79.733390 1.550242 0.638829
Car -1 -1 1.621747 809.753235 133.397064 840.560852 161.783005 1.669416 1.843870 4.254088 -11.793188 -28.074568 195.179319 1.561398 0.142870
