Car -1 -1 3.083314 662.986938 424.054352 970.743896 538.346008 1.348685 1.892678 4.841642 -2.980261 -0.903558 46.848992 3.019786 4.286317
Car -1 -1 0.147303 297.109375 445.142670 602.045837 576.608093 1.619952 1.869493 4.380369 -8.628302 -0.220760 44.229636 -0.045357 4.414860
Car -1 -1 -0.027008 1066.197144 458.389465 1393.740479 575.577820 1.373942 1.881349 4.793364 3.818944 -0.245867 44.519443 0.058564 4.536792
Car -1 -1 -1.526400 678.687866 792.500854 898.202026 1026.243286 0.653508 1.668792 4.248156 -1.752284 3.091077 24.916485 -1.596611 4.185005
Car -1 -1 1.703548 510.377899 290.903198 608.748291 379.057861 1.597847 1.715084 4.307565 -10.957841 -5.099389 70.304821 1.548930 0.732113
Car -1 -1 1.775525 274.563904 289.693390 387.649200 377.778320 1.630391 1.782122 4.300925 -16.919002 -5.156719 70.910773 1.541308 0.976119
Car -1 -1 -1.640242 996.859375 823.200012 1236.371704 1074.525146 0.643286 1.630445 4.265712 0.976448 3.274140 23.852146 -1.599328 2.962063
Car -1 -1 -0.832781 602.431946 334.012878 767.765015 412.104187 1.214611 1.830462 3.339686 -7.093567 -3.918141 64.113443 -0.942974 0.885576
Car -1 -1 -1.779670 1373.145752 834.966431 1663.866943 1079.141113 0.798536 1.603736 4.225039 4.530099 3.563732 24.379713 -1.595951 2.931186
Car -1 -1 1.883961 116.286797 266.268036 213.506210 330.656769 1.319184 1.466837 4.249690 -24.705283 -7.281067 82.587382 1.593293 1.376730
Car -1 -1 -1.540637 869.537720 248.759567 930.490601 302.811188 1.296249 1.733939 4.244326 -3.017202 -8.761465 90.507833 -1.573961 1.227178
Car -1 -1 -1.544664 907.501770 220.343185 961.443909 274.005463 1.540895 1.828023 4.246154 -2.117589 -10.707449 100.638310 -1.565702 0.640225
Car -1 -1 -1.568229 956.924988 177.311569 998.010315 214.576584 1.425481 1.823942 4.258708 -0.700345 -17.215542 136.397887 -1.573364 0.608851
Car -1 -1 -1.497631 1034.708252 181.539017 1081.251099 223.955246 1.531527 1.761814 4.255937 3.036239 -15.796966 128.392890 -1.473987 0.453048
Car -1 -1 -1.538477 919.228210 197.317398 969.448853 247.955948 1.603096 1.889552 4.242367 -1.974634 -13.233851 114.850743 -1.555668 0.452928
Car -1 -1 -1.562963 944.355652 149.879547 977.116516 179.459122 1.427587 1.775722 4.251966 -1.976673 -23.728850 171.918723 -1.574460 0.439272
Car -1 -1 1.624810 803.986816 130.678024 832.461060 156.241776 1.545355 1.785607 4.253906 -12.854796 -29.764634 204.184395 1.561936 0.289255
Car -1 -1 -1.622287 1086.544067 136.406952 1120.930298 164.384430 1.686828 1.966136 4.254217 7.648988 -27.129107 190.320239 -1.582118 0.093585
