Car -1 -1 -1.633336 954.694885 783.675720 1198.313354 1064.559937 0.636605 1.761640 4.602824 1.132644 3.254040 20.208497 -1.577347 2.917555
Car -1 -1 1.874882 186.416916 243.817459 288.129181 322.063812 1.659023 1.537330 4.220699 -21.307257 -7.315529 66.481234 1.564726 1.468910
Car -1 -1 1.791079 371.111816 196.207413 465.018738 286.927673 2.245545 1.747074 5.107446 -17.784625 -9.408566 74.941103 1.558074 0.474362
Car -1 -1 1.922990 58.877144 257.556000 160.420975 325.433685 1.381972 1.299190 4.208474 -25.147491 -7.211641 66.420018 1.561055 1.088310
Car -1 -1 1.807817 305.608948 252.157745 400.227295 319.965820 1.360315 1.585638 4.233425 -18.012841 -7.477278 67.257683 1.546140 1.464578
Car -1 -1 1.894348 139.669327 233.085922 228.155746 294.169800 1.390126 1.233783 4.226881 -25.451718 -8.955565 73.840136 1.562414 1.066842
Car -1 -1 1.845800 257.542267 222.176117 337.515076 285.744232 1.616097 1.253791 4.277205 -21.957310 -9.290660 74.842658 1.560428 1.032830
Car -1 -1 1.710137 544.998779 147.985565 588.815063 181.477783 1.484022 1.764656 4.248580 -22.104619 -21.644587 129.366451 1.540903 0.601649
Car -1 -1 1.814646 340.441254 206.734116 406.773773 255.493851 1.351450 1.417016 4.231823 -22.079175 -11.712386 85.594430 1.562198 0.729183
Car -1 -1 1.685485 630.205139 122.346535 662.264038 149.241257 1.538164 1.819024 4.248523 -22.332142 -29.962071 165.965826 1.551730 0.134968
