Car -1 -1 -0.917069 1283.099365 453.182587 1535.246948 575.342957 1.174224 1.808337 3.860394 6.756348 -0.407327 44.552976 -0.766568 2.539529
Car -1 -1 1.787302 251.096283 461.407654 419.433655 595.175049 1.132758 1.451436 4.270073 -10.029837 -0.204675 42.515378 1.555627 2.857654
Car -1 -1 -1.596331 983.846436 426.024414 1098.382080 583.805054 1.641919 1.639506 4.556747 0.752475 -0.370639 45.474136 -1.579785 1.180486
Car -1 -1 -1.524098 734.587769 525.375305 876.283081 665.442749 0.984374 1.693125 4.231976 -2.602639 0.686226 39.374343 -1.590102 2.760114
Car -1 -1 1.652175 652.469727 282.830383 737.587585 366.965668 1.593751 1.688993 4.236532 -7.753889 -5.516394 72.342963 1.545400 1.102944
Car -1 -1 -1.592437 958.940247 335.027649 1046.077759 414.640594 1.183980 1.798025 4.242905 0.195032 -3.888410 63.933904 -1.589386 1.320640
Car -1 -1 -1.603958 1030.544434 229.253067 1084.889404 278.747925 1.280601 1.785140 4.245767 2.319815 -10.510748 99.914251 -1.580744 0.948284
Car -1 -1 -1.563265 942.753723 262.280670 1009.942261 331.405426 1.531809 1.805354 4.227667 -0.488709 -7.154947 81.832584 -1.569237 1.126210
Car -1 -1 -1.588172 1030.021729 195.120575 1077.871460 238.546188 1.410719 1.721588 4.243499 2.609322 -13.790117 116.943358 -1.565863 0.664616
Car -1 -1 -1.558465 893.760315 228.836197 956.285706 291.621246 1.568843 1.947559 4.235525 -2.280845 -9.578645 94.921387 -1.582489 0.730520
Car -1 -1 -1.552303 858.262512 208.348694 910.527466 258.179321 1.510992 1.897943 4.249536 -4.259060 -12.240832 109.573726 -1.591153 0.700587
Car -1 -1 1.690539 613.415039 195.458481 667.249023 239.501602 1.445646 1.611792 4.246868 -14.801547 -13.686757 116.222272 1.563865 0.641096
Car -1 -1 1.646368 705.951294 191.613678 755.390381 235.395081 1.441735 1.673370 4.243713 -11.384168 -14.349020 120.105455 1.551866 0.632094
Car -1 -1 -1.571829 949.319641 168.547028 985.885803 200.512100 1.310448 1.673407 4.258411 -1.346884 -19.418778 148.412979 -1.580904 0.640158
Car -1 -1 1.651500 725.657043 230.068939 779.240906 278.390717 1.270064 1.600144 4.251571 -8.409432 -10.158397 97.008995 1.565029 0.840294
Car -1 -1 1.645139 693.551941 259.740570 761.016907 321.647491 1.337446 1.595941 4.250085 -8.088183 -7.685097 84.400944 1.549600 1.073978
Car -1 -1 -1.546648 878.171021 188.466858 921.346008 225.843292 1.309400 1.770622 4.263673 -4.204942 -15.354324 125.531344 -1.580132 0.637057
Car -1 -1 -1.667747 1172.670898 186.193542 1222.786865 224.066895 1.426240 1.711250 4.247832 9.639343 -15.960736 130.151544 -1.593819 0.396296
Car -1 -1 -1.571370 925.199158 147.378769 957.410095 178.470108 1.534425 1.782060 4.262453 -3.045353 -22.766321 164.981829 -1.589827 0.310479
Car -1 -1 -1.583606 985.690613 130.625931 1012.556824 154.664978 1.487808 1.792590 4.260459 0.503153 -30.706145 209.950265 -1.581209 0.314607
Car -1 -1 -1.561934 884.967346 156.170029 919.124939 187.012238 1.420317 1.703655 4.245029 -5.170807 -21.380283 158.205034 -1.594607 0.239031
Car -1 -1 -1.563380 932.504761 130.417938 961.085632 157.409103 1.672946 1.866828 4.268249 -3.261949 -28.935959 199.198518 -1.579754 0.168460
Car -1 -1 1.643136 734.940002 151.415817 770.258728 183.830139 1.551079 1.635632 4.262361 -14.017029 -21.988480 161.377463 1.556495 0.301950
