Car -1 -1 -1.323373 1379.869141 263.985138 1477.192139 338.854523 1.445597 1.597200 4.274263 14.446289 -6.681480 64.526231 -1.103122 1.112620
Car -1 -1 -0.816258 1181.835693 299.886841 1351.539917 374.180084 1.235612 1.793226 4.042165 8.684844 -5.173459 58.249329 -0.668251 1.490038
Car -1 -1 -1.642269 972.586731 723.178894 1186.949829 949.622437 0.638611 1.664005 4.231510 1.293720 2.773595 22.246997 -1.584182 2.979725
Car -1 -1 1.904651 162.740112 257.817993 258.789093 321.818542 1.274282 1.322485 4.216269 -22.228991 -7.350415 66.797838 1.583398 1.481283
Car -1 -1 1.826582 283.256989 253.429504 384.347076 319.207123 1.320299 1.757866 4.363529 -18.674267 -7.520083 67.613754 1.557109 1.256903
Car -1 -1 1.798032 371.533356 231.627716 450.720337 286.946533 1.295978 1.517165 4.235285 -17.950795 -9.224199 74.366588 1.561180 1.055275
Car -1 -1 -1.738874 1296.200439 215.356873 1371.721802 274.433533 1.566660 1.730042 4.312420 14.400704 -10.366518 80.316590 -1.561460 0.673202
Car -1 -1 1.758129 436.631897 188.347839 511.012817 250.469177 1.831262 1.820968 4.350247 -18.611664 -12.180743 87.464248 1.548465 0.699533
Car -1 -1 1.843388 275.251495 227.876053 359.527740 283.465942 1.323513 1.535467 4.239313 -21.661080 -9.555689 76.173041 1.566335 1.165267
Car -1 -1 1.747502 504.843506 178.051620 565.526123 222.342789 1.476999 1.694584 4.226820 -18.844087 -15.351095 101.879005 1.564603 0.645574
Car -1 -1 1.808733 391.619171 181.691299 453.897888 230.843063 1.649073 1.367286 4.431973 -22.110218 -13.657484 93.401397 1.576289 0.516042
Car -1 -1 1.685156 606.298401 148.430420 647.103210 180.095825 1.436731 1.783699 4.254031 -18.171616 -21.250597 126.829171 1.542848 0.420798
Car -1 -1 1.820135 339.377991 210.369583 410.927948 260.476807 1.313910 1.436359 4.227050 -21.837759 -11.423482 84.463921 1.567130 0.814955
Car -1 -1 -1.610629 963.704285 149.776794 1000.050598 184.354660 1.610945 1.805712 4.242218 2.401816 -21.043381 126.986983 -1.591718 0.479935
Car -1 -1 1.708697 564.443115 142.091248 607.883667 173.171768 1.496054 1.853377 4.241401 -22.312648 -23.502023 137.785284 1.548153 0.555442
Car -1 -1 1.677300 661.988708 124.979233 694.586670 154.559662 1.632053 1.705280 4.267294 -18.596340 -27.548807 154.758197 1.557709 0.152959
