Car -1 -1 1.874861 165.287277 258.189850 266.178925 322.961060 1.274727 1.405550 4.227933 -21.942160 -7.281856 66.381697 1.555622 1.479879
Car -1 -1 1.819515 307.564575 254.365601 400.081604 318.269409 1.284848 1.500654 4.246317 -17.924529 -7.476912 67.052943 1.558303 1.554320
Car -1 -1 1.923563 28.154955 264.440826 133.955002 330.112183 1.274012 1.292329 4.238897 -25.520206 -6.948727 65.096286 1.549939 1.383223
Car -1 -1 1.842278 249.218124 216.906204 344.161469 296.124695 1.882670 1.506510 4.874102 -21.308750 -8.785289 72.638582 1.556931 0.654570
Car -1 -1 1.784911 379.434967 232.352295 455.870453 288.140350 1.288451 1.464067 4.238088 -17.742770 -9.187975 74.376119 1.550733 1.298369
Car -1 -1 1.866941 171.416397 226.956268 257.977661 282.632690 1.360471 1.588183 4.245601 -25.217744 -9.577242 76.215279 1.547405 1.424055
Car -1 -1 1.756257 500.891693 186.373199 551.593262 230.745773 1.371773 1.293818 4.231032 -18.282078 -14.214829 96.633844 1.569278 0.822351
Car -1 -1 1.773674 421.580170 215.028366 490.020935 266.816711 1.304309 1.446493 4.243156 -17.951781 -10.753718 81.192209 1.556073 1.251308
Car -1 -1 1.793904 389.681183 180.328674 457.144257 233.086685 1.740062 1.656453 4.569289 -21.997374 -13.608768 93.454981 1.562733 0.421781
Car -1 -1 1.746421 536.073792 180.265732 585.957581 219.251404 1.242142 1.400282 4.248772 -17.952440 -15.761847 103.665296 1.574944 0.713727
Car -1 -1 1.765300 464.921509 195.734787 529.147949 246.381744 1.524495 1.506219 4.235517 -18.061694 -12.545843 89.144533 1.565395 0.716528
Car -1 -1 -1.617527 962.154053 153.888977 998.741272 185.063705 1.340230 1.823851 4.270189 2.276476 -20.690260 125.027731 -1.599321 0.565424
Car -1 -1 1.844912 247.024246 193.520844 332.072144 256.073120 1.722842 1.678876 4.501424 -25.319920 -11.693093 85.265566 1.556253 0.455573
Car -1 -1 1.874046 144.420029 180.857315 210.202423 223.959549 1.427596 1.403161 4.238671 -35.220059 -15.142483 101.036750 1.538630 0.738472
Car -1 -1 1.765595 447.224457 159.314270 491.674469 189.998352 1.205669 1.351990 4.231298 -25.453797 -19.295055 118.078494 1.553277 0.374470
Car -1 -1 1.741216 562.210571 161.621109 610.073059 202.090424 1.501576 1.662272 4.259925 -18.098991 -17.738420 111.799610 1.580721 0.593248
Car -1 -1 1.829660 312.686707 219.307678 380.663269 266.177979 1.107348 1.215569 4.237156 -21.861733 -10.729184 80.890003 1.565701 0.641129
Car -1 -1 1.793761 349.374023 207.372955 417.665619 252.445175 1.204363 1.396324 4.223801 -22.051998 -11.988929 86.810265 1.544998 0.680106
Car -1 -1 1.707997 597.672241 151.105240 638.446106 184.145630 1.408928 1.715971 4.233207 -18.344688 -20.681789 124.621108 1.561843 0.297999
Car -1 -1 1.717319 593.075867 136.378036 629.648010 168.496246 1.443116 1.574981 4.258046 -21.674340 -24.956696 143.905970 1.567828 0.151057
Car -1 -1 1.715160 581.722717 164.353973 627.048279 201.406082 1.428918 1.703611 4.217499 -17.466467 -18.111825 113.875963 1.562964 0.317532
Car -1 -1 1.801976 353.883118 184.269669 407.758331 221.238953 1.206694 1.286833 4.215708 -26.392264 -15.721802 103.476231 1.552245 0.282183
