Car -1 -1 2.828999 836.257141 362.268555 1123.681030 469.458313 1.266555 1.945474 4.713323 0.309384 -2.276135 42.426603 2.836291 4.374989
Car -1 -1 2.674011 1602.463379 342.535797 1846.521606 430.039154 1.310874 1.897689 4.006819 16.080771 -3.071042 46.213930 3.008870 4.011343
Car -1 -1 2.698978 1283.743652 341.767578 1498.262207 439.407623 1.337406 1.857768 3.507381 8.609222 -2.807388 44.006986 2.892171 3.662061
Car -1 -1 2.827626 331.321289 388.388794 651.822632 505.925385 1.160424 1.959733 4.696031 -8.357799 -1.578637 39.041834 2.616736 4.534797
Car -1 -1 3.042398 1271.565918 276.804565 1471.560181 358.590424 1.565309 1.853324 4.365747 10.126385 -5.171510 54.039345 -3.055546 2.899413
Car -1 -1 -0.285585 323.511200 318.614838 580.594666 436.294098 1.738326 1.882149 4.588516 -10.636023 -2.961071 45.033949 -0.517513 3.683526
Car -1 -1 1.886495 256.937164 237.485397 353.663879 306.894531 1.430886 1.399011 4.255070 -20.322607 -8.042652 67.499246 1.594048 1.377189
Car -1 -1 1.793034 503.730865 202.426025 596.241577 276.215118 1.775643 1.833134 4.457937 -13.823653 -9.631060 73.133114 1.606218 0.758707
Car -1 -1 1.875243 323.829407 250.768311 428.178070 317.770966 1.249102 1.578715 4.316822 -17.545096 -7.521051 65.325830 1.612857 1.403426
Car -1 -1 1.835807 435.279572 250.650879 529.653748 313.895325 1.181503 1.505642 4.274060 -14.415729 -7.633964 65.519783 1.619236 1.286156
Car -1 -1 2.557359 0.069760 279.700378 85.335701 360.168121 1.400952 1.778887 4.580114 -25.891253 -5.589523 57.991633 2.137448 0.911810
Car -1 -1 1.844619 397.465698 225.012512 481.810883 285.629120 1.383235 1.340468 4.235993 -17.427198 -9.310048 72.768028 1.609557 0.791987
Car -1 -1 1.850964 372.704285 213.050568 447.133392 260.956390 1.147735 1.382832 4.240348 -20.514506 -11.224277 80.976949 1.602846 0.540950
Car -1 -1 0.244936 1.960239 378.015686 106.007027 476.750702 1.245520 1.903458 4.010020 -19.651617 -2.119997 43.429879 -0.179987 0.874715
Car -1 -1 1.844097 428.443146 202.763489 498.154114 249.311966 1.202508 1.286688 4.231047 -19.188098 -11.909091 83.505800 1.618236 0.541763
