Car -1 -1 -1.473600 519.893372 664.011658 737.927063 874.644409 0.842807 1.643858 4.245602 -3.506154 2.286900 27.533173 -1.600262 2.575416
Car -1 -1 -0.196395 0.518010 311.743134 223.688126 393.375092 1.249675 1.853847 4.596308 -20.621559 -3.979855 64.745235 -0.504740 1.745939
Car -1 -1 -1.348944 140.742966 672.128723 420.887970 882.365723 0.795382 1.546982 4.231234 -6.883077 2.328357 27.281610 -1.596083 2.931366
Car -1 -1 -1.614460 954.170471 643.160156 1163.403442 843.369751 0.837672 1.766868 4.232169 0.601789 2.081209 28.363301 -1.593246 3.349685
Car -1 -1 -1.743334 1270.588013 680.725342 1509.513916 902.289917 0.916996 1.458609 4.369760 3.900485 2.548516 27.896158 -1.604413 2.546102
Car -1 -1 -1.820620 1379.127319 780.762573 1777.140015 1079.392456 1.705300 1.587657 4.527381 4.340404 3.907164 21.269291 -1.619315 1.919935
Car -1 -1 1.798715 212.245178 230.456696 313.083130 299.623291 1.660526 1.853486 4.295923 -23.329341 -8.101460 88.916268 1.542124 0.645411
Car -1 -1 1.837812 127.152565 242.378555 217.874832 299.226898 1.296464 1.611024 4.251458 -26.428977 -8.176043 89.654942 1.551146 1.037736
Car -1 -1 1.758509 291.269440 226.400558 361.160553 277.810730 1.315308 1.503060 4.253149 -23.492408 -9.629082 98.145727 1.523567 0.865402
Car -1 -1 1.748698 355.904755 236.665985 437.289185 299.360229 1.489997 1.532560 4.232764 -18.507705 -7.883547 86.848771 1.538736 0.608125
Car -1 -1 1.737552 337.139130 196.896652 410.312714 254.881363 1.721715 1.669894 4.591010 -23.581826 -11.208409 106.265363 1.519177 0.364020
Car -1 -1 -1.459308 362.164978 929.909058 736.405090 1080.000000 0.700190 1.910490 4.266053 -3.069215 3.919393 20.136445 -1.610565 2.858684
