Car -1 -1 -1.588112 915.128418 469.978912 1047.327515 607.741516 1.143667 1.683163 4.236213 -0.164274 0.221035 40.357483 -1.592183 3.161551
Car -1 -1 -1.358175 196.036865 586.810364 468.951843 806.991333 1.170990 1.756934 4.291388 -6.902778 1.858101 29.573518 -1.587481 2.556747
Car -1 -1 -1.298388 0.000000 822.802979 322.231598 1078.918457 0.954112 2.026060 4.306546 -6.872034 3.504877 22.150234 -1.599219 2.345191
Car -1 -1 -1.536528 787.075623 301.403778 874.372620 373.495941 1.160838 1.821966 4.277995 -3.949432 -4.628042 68.587227 -1.594047 1.097707
Car -1 -1 1.788962 212.544418 230.837997 312.581573 300.204712 1.645842 1.890373 4.345629 -23.168554 -8.036174 88.291708 1.532338 0.546521
Car -1 -1 -1.626296 1006.883484 272.358795 1081.146606 334.303711 1.207282 1.775136 4.255785 1.472159 -6.317144 78.892426 -1.607638 0.983239
Car -1 -1 -1.554883 868.114319 204.100052 917.594360 250.500168 1.394146 1.737977 4.256194 -3.952935 -11.957276 111.877498 -1.590201 0.769191
Car -1 -1 -1.590909 941.964478 333.005798 1035.927856 419.735840 1.177502 1.816409 4.268342 -0.082951 -3.294176 61.657449 -1.592255 1.176037
Car -1 -1 -1.565558 912.348206 169.226974 951.290039 204.711472 1.424429 1.800024 4.279536 -3.073911 -17.501787 143.752759 -1.586938 0.458691
Car -1 -1 1.727544 471.247894 174.994186 527.664124 209.869171 1.308285 1.861935 4.276278 -24.453564 -16.548434 137.823392 1.551944 0.408260
Car -1 -1 -1.579180 948.818115 131.121170 976.258423 157.457748 1.553801 1.812870 4.267964 -2.130018 -28.664194 208.636101 -1.589389 0.216994
