Car -1 -1 -1.754120 1345.717285 729.389526 1594.955200 953.438049 0.642492 1.671548 4.355584 5.468320 2.922720 23.210144 -1.522739 2.503906
Car -1 -1 1.141980 354.916748 312.266357 506.432220 433.508423 1.801658 1.554950 3.838658 -11.514203 -3.286116 49.324194 0.912648 0.285164
Car -1 -1 -1.606332 933.724060 494.736206 1072.241943 626.239502 0.933523 1.814122 4.241932 0.925195 0.292731 34.166461 -1.579260 2.939348
Car -1 -1 -1.348715 177.008759 730.995605 500.396515 979.018799 0.644216 1.798239 4.460996 -5.640779 2.805355 21.215372 -1.608584 3.357512
Car -1 -1 1.095930 459.953857 319.272766 608.178772 411.865540 1.320441 1.371364 4.146640 -9.546255 -3.812978 51.169146 0.911487 0.373269
Car -1 -1 1.885169 166.585464 293.080078 285.875488 369.994324 1.169186 1.307943 4.613344 -18.315718 -5.166899 56.320235 1.570750 0.697210
Car -1 -1 -1.506084 603.777283 745.507141 837.157654 1007.515625 0.641711 1.779289 4.400059 -2.014680 3.002713 21.327008 -1.600271 2.154958
Car -1 -1 -1.552636 842.917236 184.927139 895.082947 231.816284 1.525259 1.988509 4.251574 -3.161359 -14.236729 97.193455 -1.585151 0.830750
Car -1 -1 -1.584718 931.137390 206.986572 981.483704 255.996811 1.337257 1.711607 4.257318 0.630347 -11.868755 86.781463 -1.577455 0.936283
Car -1 -1 -1.631461 993.772339 140.037308 1030.320068 177.418137 1.862946 1.787625 4.454992 4.373892 -22.747563 134.917434 -1.599053 0.313032
Car -1 -1 1.723328 537.816772 149.135727 584.215149 186.202576 1.562943 1.793666 4.242107 -21.447200 -20.441930 123.622121 1.551548 0.550264
Car -1 -1 -1.605484 937.883911 128.223953 969.768860 159.334854 1.721840 1.942378 4.269765 0.902620 -26.869417 152.406827 -1.599562 0.342672
Car -1 -1 1.669290 661.592102 112.659187 689.721436 136.620209 1.682196 1.838843 4.225444 -22.625619 -34.710942 187.129233 1.548965 0.186647
