Car -1 -1 -1.527497 673.070068 695.051392 875.477844 917.432983 0.746849 1.625721 4.272970 -2.272218 2.495488 26.435049 -1.613241 2.742462
Car -1 -1 -1.383064 112.444260 756.488831 413.820862 1001.990662 0.650542 1.567881 4.243150 -6.372194 2.814532 23.901625 -1.643605 2.910783
Car -1 -1 3.089862 1027.171753 318.288940 1222.334351 395.411682 1.318739 1.831969 4.038387 2.424604 -3.697029 63.589993 3.127973 2.409712
Car -1 -1 2.629769 61.998722 375.568207 254.270462 486.798553 1.321858 1.722704 2.657029 -14.794513 -1.430046 47.640681 2.328668 1.770634
Car -1 -1 -1.666488 1034.904907 713.929871 1285.366455 937.356506 0.726980 1.774584 4.422866 1.237945 2.659564 26.415241 -1.619658 2.236374
Car -1 -1 2.849998 1205.566406 361.605530 1452.888062 453.489471 1.359375 1.834321 4.288877 6.243895 -2.210137 56.147630 2.960748 3.350521
Car -1 -1 2.831202 712.110779 363.638123 965.590759 459.263092 1.300936 1.849910 4.246801 -3.490707 -2.020466 53.248844 2.765741 3.129791
Car -1 -1 -1.813257 1394.697266 772.912903 1730.503296 1008.735718 0.630359 1.660296 4.430740 4.805013 3.041001 25.169588 -1.624621 3.156518
Car -1 -1 2.809759 623.489258 334.665283 879.338257 430.166138 1.341358 1.875297 4.568224 -5.467911 -2.738090 56.997282 2.714119 1.760944
Car -1 -1 1.776961 206.232056 201.970108 298.813080 273.135742 1.642474 1.710601 4.360318 -24.616736 -8.922780 89.396953 1.508257 0.711509
Car -1 -1 1.765517 275.652771 170.678101 336.876984 212.605377 1.312398 1.580488 4.255453 -30.321026 -14.067083 118.257020 1.514524 0.618046
Car -1 -1 1.805860 107.416931 205.734085 195.192123 266.973724 1.417180 1.611883 4.269572 -29.047385 -9.462667 93.174108 1.503655 0.640566
Car -1 -1 -1.783340 1131.030518 881.996704 1549.166016 1080.000000 1.398913 1.634144 4.650289 2.060655 4.349599 20.036689 -1.680857 1.531232
