Car -1 -1 2.739336 1679.064209 183.607269 1857.555908 253.189255 1.689177 1.916639 4.342470 25.395586 -10.024899 68.317147 3.095237 2.389715
Car -1 -1 -1.435626 537.351562 653.997681 809.193298 916.551270 0.849391 1.736033 4.238027 -2.541080 2.059509 20.682246 -1.557876 3.703374
Car -1 -1 -2.822376 84.031250 181.455109 236.140930 238.278534 1.508474 1.902521 4.161080 -26.853318 -11.259777 73.864839 3.112117 2.050470
Car -1 -1 2.855863 1472.344727 181.431320 1608.168457 233.951019 1.391911 1.863030 3.903090 20.028458 -11.535410 74.811284 3.117449 1.845157
Car -1 -1 2.907749 1271.003418 162.437286 1414.045166 218.844101 1.600678 1.895633 4.491282 14.277193 -12.972876 80.661045 3.082937 1.871454
Car -1 -1 1.663248 722.203308 125.897194 769.947021 166.979477 1.480504 1.760778 4.251413 -10.267914 -19.709554 107.646924 1.568151 0.646008
Car -1 -1 1.680466 653.106567 136.630997 701.582764 172.788284 1.264421 1.634064 4.265542 -13.327428 -18.935550 104.936009 1.554137 0.639112
Car -1 -1 -1.650606 1087.099976 107.527199 1125.559814 136.686432 1.368434 1.911460 4.268970 9.488621 -26.599462 136.179585 -1.581041 0.365926
Car -1 -1 1.724233 582.054749 137.783783 635.222900 175.107162 1.239158 1.620740 4.265148 -16.130434 -18.282369 101.784195 1.567064 0.798375
Car -1 -1 2.980306 1502.159058 152.931030 1617.483276 200.091370 1.449492 1.836114 3.868243 23.551063 -14.343008 85.297697 -3.033487 0.574253
Car -1 -1 1.673876 751.226990 112.231461 790.680054 154.830902 1.715467 1.611630 4.297602 -9.861166 -22.105971 117.493011 1.590142 0.449402
Car -1 -1 1.693897 685.445679 123.280411 724.462158 157.480896 1.256072 1.389740 4.251591 -13.100248 -21.449042 114.724262 1.580200 0.544855
Car -1 -1 1.644349 773.016479 80.249252 803.649658 102.988091 1.432617 1.804764 4.260562 -13.130705 -35.980265 171.954768 1.568135 0.231904
