Car -1 -1 -1.641518 1086.686890 287.030487 1172.120850 384.084229 1.720365 1.720806 4.546078 3.352972 -4.892465 68.727584 -1.592770 0.684253
Car -1 -1 1.773227 281.916779 295.868591 384.861206 377.975861 1.503040 1.543884 4.251702 -16.911439 -5.168488 71.160915 1.539904 1.191374
Car -1 -1 -1.396135 264.183258 779.807495 563.592224 1074.395996 1.092309 1.669712 4.463610 -4.883330 3.360122 24.058300 -1.596394 2.167042
Car -1 -1 -1.540123 826.743164 294.288696 901.843201 361.568970 1.250582 1.784402 4.247118 -3.442179 -5.804349 74.669620 -1.586190 1.493595
Car -1 -1 1.633947 640.118469 299.391479 726.516174 389.077301 1.582301 1.719228 4.245885 -7.604316 -4.704371 68.159798 1.522840 1.262839
Car -1 -1 -1.593678 962.430115 301.695221 1042.339844 370.028259 1.206505 1.817256 4.263837 0.242464 -5.439667 72.499949 -1.590334 1.393777
Car -1 -1 -1.574973 944.341492 212.559464 998.366943 264.984100 1.481910 1.815233 4.247774 -0.788624 -11.510497 105.028112 -1.582482 0.685839
Car -1 -1 1.311682 683.905212 287.286987 785.573975 361.225983 1.344787 1.572712 4.234939 -6.989693 -5.794778 73.967495 1.217465 0.672101
Car -1 -1 -1.612651 1054.681763 234.247498 1112.478760 285.578217 1.286167 1.826116 4.260000 3.174323 -9.998690 97.345553 -1.580054 0.976407
Car -1 -1 1.679384 606.676758 247.200439 675.032898 303.820557 1.329601 1.659736 4.239419 -11.345764 -8.621607 89.232875 1.552915 1.144527
Car -1 -1 -1.577505 1033.372192 188.733078 1082.054565 236.890076 1.610711 1.892644 4.249798 2.778564 -14.101167 118.734980 -1.554107 0.542670
Car -1 -1 -1.562997 931.462769 190.563080 976.439270 235.253616 1.538360 1.781198 4.267691 -1.652366 -14.251793 119.778427 -1.576791 0.708732
Car -1 -1 -1.555083 876.695435 174.554489 915.039612 209.634399 1.349837 1.657358 4.256396 -4.856782 -17.756087 138.893835 -1.590036 0.686078
Car -1 -1 -1.560918 950.751953 265.495697 1013.321350 323.913300 1.257140 1.719382 4.225590 -0.332230 -7.591005 84.229916 -1.564863 1.116242
Car -1 -1 -1.589809 1011.862305 161.260590 1051.837769 201.406342 1.780185 1.774178 4.526609 2.053421 -18.884409 144.828805 -1.575632 0.245550
Car -1 -1 1.651180 695.611328 248.328873 763.887817 309.190491 1.331033 1.696339 4.253823 -8.127270 -8.135336 85.454163 1.556358 1.021166
Car -1 -1 -1.547307 882.843994 145.012970 915.628540 176.659195 1.554517 1.789965 4.234439 -5.722080 -23.677484 170.432060 -1.580869 0.396420
Car -1 -1 1.776690 314.929138 207.760162 386.755737 258.772858 1.565920 1.701290 4.264807 -25.418299 -12.199495 109.485305 1.548570 0.769701
Car -1 -1 -1.570717 938.466064 165.716553 974.394592 198.280807 1.307242 1.770705 4.232860 -1.884768 -19.082935 145.197871 -1.583697 0.390277
Car -1 -1 1.648988 706.677307 164.318970 751.510803 203.967819 1.606311 1.830838 4.249701 -13.450339 -18.345861 141.440173 1.554178 0.488541
Car -1 -1 -1.558208 939.081665 139.595337 968.977539 166.531509 1.460312 1.746768 4.242356 -2.628508 -25.826313 182.337692 -1.572623 0.172083
Car -1 -1 1.621268 815.781921 126.799568 845.208008 154.128326 1.646619 1.830058 4.251713 -11.983965 -30.028976 205.073276 1.562897 0.149536
Car -1 -1 1.656742 638.387451 148.679047 676.258240 179.968643 1.673656 1.745234 4.300729 -20.654166 -23.421993 170.638182 1.536287 0.180395
Car -1 -1 -1.566673 946.870789 158.439301 980.424011 185.435791 1.331504 1.780798 4.249768 -1.771017 -21.493360 159.204855 -1.577797 0.151709
