Car -1 -1 -1.540526 752.496216 589.980469 911.950806 752.102844 0.922604 1.753136 4.238033 -1.946329 1.504361 34.073688 -1.597585 3.367639
Car -1 -1 -1.604944 978.785461 482.884460 1110.698975 606.039429 1.042948 1.731516 4.224415 0.761254 -0.001037 42.890043 -1.587197 2.384205
Car -1 -1 -1.532831 792.175598 389.459320 904.286865 512.482422 1.424276 1.755786 4.283663 -2.623714 -1.539271 50.786072 -1.584447 1.529457
Car -1 -1 -1.650944 1084.374023 359.936646 1186.086182 444.558838 1.154880 1.748791 4.261911 3.045294 -3.049976 59.767445 -1.600035 1.276909
Car -1 -1 -1.644927 1028.498657 808.408142 1296.651611 1078.121582 1.033802 1.851898 4.510692 1.359943 3.566280 24.076337 -1.588503 1.758297
Car -1 -1 -1.769386 1309.464844 732.561951 1565.922607 940.314453 0.722665 1.557449 4.261972 4.317563 2.732758 27.595875 -1.614187 3.429566
Car -1 -1 1.918007 24.013641 276.231018 145.246506 353.559052 1.544725 1.668833 4.313711 -25.330158 -6.230592 77.257762 1.601186 0.996000
Car -1 -1 -1.382423 199.553986 836.155884 536.374634 1079.018677 0.997413 1.865950 4.266411 -5.217130 3.708125 23.761831 -1.598553 2.181525
Car -1 -1 1.671842 654.385925 278.306671 738.889404 361.761658 1.592252 1.734744 4.246227 -7.868893 -5.768700 73.822322 1.565650 0.946548
Car -1 -1 -1.605872 1018.024597 215.279800 1065.865723 259.815796 1.299391 1.646823 4.254971 1.984270 -12.259209 110.314105 -1.587887 0.755989
Car -1 -1 -1.564830 934.112488 165.697357 969.427368 198.567444 1.401161 1.738889 4.248100 -2.160785 -19.444880 147.970881 -1.579432 0.608763
