Car -1 -1 -1.601326 967.213928 334.680176 1070.152954 431.603790 1.476656 1.976270 4.285678 0.535361 -3.387528 61.261530 -1.592588 1.070010
Car -1 -1 -1.613895 964.780518 492.972290 1105.188843 626.582520 1.005230 1.741518 4.236900 0.576677 0.209167 40.735248 -1.599739 2.476925
Car -1 -1 -1.622749 971.919006 709.307617 1169.821167 909.956482 0.778374 1.670335 4.229433 0.720914 2.601856 28.608742 -1.597555 3.606448
Car -1 -1 -1.526112 788.107117 415.073975 899.473389 519.951050 1.174540 1.737347 4.239377 -2.664357 -1.343922 50.395146 -1.578932 2.497290
Car -1 -1 -1.533570 810.735168 322.315125 888.782654 398.000092 1.247520 1.612097 4.230132 -3.414576 -4.370093 66.472581 -1.584893 1.208786
Car -1 -1 -1.647407 1101.434570 343.727356 1196.203247 425.314301 1.148931 1.703430 4.244583 3.469116 -3.566991 62.021844 -1.591531 1.294793
Car -1 -1 1.686112 662.449280 304.952759 738.541809 381.712799 1.346383 1.350707 4.227816 -7.308070 -4.945893 69.442083 1.581258 1.221715
Car -1 -1 -1.548353 872.689758 193.685333 916.204468 233.503540 1.345854 1.765865 4.231321 -4.304686 -14.569733 121.632878 -1.583729 0.758491
Car -1 -1 -1.610790 1036.188110 226.673599 1094.816284 276.709930 1.314849 1.920794 4.259906 2.648157 -10.671770 100.973328 -1.584569 0.890139
Car -1 -1 -1.532513 850.766907 283.398346 923.573486 347.575684 1.214722 1.762713 4.237486 -2.926099 -6.403839 77.442904 -1.570279 1.171909
Car -1 -1 -1.568109 940.262573 176.698471 981.688660 217.049713 1.568159 1.825272 4.247211 -1.496812 -16.563462 132.248348 -1.579427 0.613566
Car -1 -1 -1.578073 1011.808960 176.534836 1052.678223 211.745148 1.373691 1.767195 4.258370 2.007775 -17.432669 137.267836 -1.563447 0.565501
Car -1 -1 1.628652 720.450317 207.745026 777.749023 265.507996 1.690913 1.803398 4.316076 -9.008295 -11.171946 102.544728 1.541029 0.516278
Car -1 -1 -1.581086 997.835510 150.428101 1029.322632 178.194351 1.342617 1.747088 4.258389 1.321247 -23.685199 171.208800 -1.573369 0.363417
Car -1 -1 -1.559489 946.062561 157.050781 980.572021 186.571991 1.299152 1.803230 4.260114 -1.665517 -21.548125 159.308231 -1.569943 0.252435
Car -1 -1 -1.623978 1092.896240 132.181656 1124.942993 161.398666 1.634035 1.949618 4.253389 8.123018 -27.815065 193.235715 -1.581966 0.106340
Car -1 -1 -1.568156 985.259399 138.340866 1013.849915 164.033615 1.443966 1.720974 4.245699 0.444462 -27.359753 191.036959 -1.565829 0.125392
Car -1 -1 1.663070 713.083618 244.441971 772.298279 297.444916 1.283856 1.586817 4.244193 -8.345645 -9.087647 91.968649 1.572573 0.526200
Car -1 -1 1.657218 715.333069 147.548019 750.240845 178.145554 1.467603 1.686399 4.245320 -15.844024 -23.353791 168.885693 1.563677 0.223826
