Car -1 -1 2.686308 1311.965698 386.358063 1544.876099 482.564362 1.287027 1.841865 3.764734 9.652945 -1.871154 43.513301 2.904611 4.293380
Car -1 -1 -1.827479 1315.083740 722.617065 1624.850586 990.561523 0.890936 1.741182 4.260136 5.042926 2.973848 21.543132 -1.597534 4.222663
Car -1 -1 -1.641539 965.593140 690.709045 1199.046997 969.042908 0.938881 1.822286 4.514739 1.279795 2.750820 21.770581 -1.582821 2.106356
Car -1 -1 3.085345 984.306091 327.115662 1201.535889 422.685516 1.641890 1.866947 4.339880 3.420005 -3.311510 49.760992 -3.129220 3.451923
Car -1 -1 1.817477 308.375366 254.016922 400.291168 316.949280 1.301970 1.495191 4.248697 -18.025313 -7.543020 67.416177 1.556215 1.218745
Car -1 -1 1.922083 76.594719 244.478836 177.065247 313.560608 1.505209 1.347600 4.238932 -25.507584 -7.794273 68.735571 1.566739 1.096709
Car -1 -1 1.864992 173.695908 256.568176 273.599030 319.836700 1.274223 1.455656 4.232848 -21.965136 -7.462025 67.263894 1.549357 1.404324
Car -1 -1 1.739621 518.747864 181.072784 573.646973 223.615372 1.364753 1.585130 4.237174 -18.084756 -15.088424 100.421598 1.561442 0.727782
Car -1 -1 1.792753 378.122192 216.949631 464.618073 280.040375 1.604613 1.752720 4.257217 -18.022237 -9.627019 76.062813 1.560104 1.131207
Car -1 -1 1.835919 265.794952 232.408432 351.186737 290.266571 1.360077 1.598011 4.255046 -21.866716 -9.326205 75.937677 1.555548 0.902789
Car -1 -1 1.814094 324.009918 205.955170 398.013916 260.713287 1.493974 1.596077 4.235155 -22.261586 -11.362745 83.987286 1.554993 0.960820
Car -1 -1 1.878478 180.173676 227.430527 267.635742 281.104950 1.316833 1.562754 4.229562 -24.984014 -9.618450 76.504153 1.562826 0.944255
Car -1 -1 1.766214 433.884216 209.995468 500.534180 257.963684 1.327258 1.554834 4.206657 -17.969486 -11.273307 83.241837 1.553605 0.883464
Car -1 -1 1.798352 387.763000 196.999634 451.231140 240.263229 1.249885 1.561194 4.238162 -21.699101 -13.037051 91.081317 1.564473 0.773318
Car -1 -1 0.130942 0.000000 373.291809 95.206650 469.047333 1.322886 1.790876 3.049053 -19.133908 -2.174253 44.593063 -0.274378 0.413448
Car -1 -1 1.712912 561.054688 142.441559 603.446228 173.844391 1.456278 1.710102 4.238591 -22.054467 -22.965140 134.835459 1.550782 0.591768
