Car -1 -1 -1.738464 1228.760620 593.859558 1443.053589 785.987122 1.095993 1.672766 4.229934 3.945611 1.746134 32.624152 -1.618107 3.513680
Car -1 -1 -1.541732 753.972107 585.341797 911.660034 743.761963 0.934892 1.743161 4.239860 -1.994883 1.466819 35.096519 -1.598511 3.111079
Car -1 -1 -2.700048 1725.114014 327.268036 1918.460938 425.347534 1.686337 1.882780 4.238478 19.024293 -3.528956 62.913374 -2.406402 1.244438
Car -1 -1 -1.687395 1115.977417 412.734589 1241.504639 514.323120 1.108929 1.641877 4.244488 3.331039 -1.443722 50.061531 -1.620954 1.983005
Car -1 -1 -1.522811 758.948547 391.139221 863.892517 484.787018 1.121275 1.758626 4.256040 -3.465620 -2.041713 53.598029 -1.587381 2.154309
Car -1 -1 -1.622279 1075.908447 315.514221 1159.220581 389.277649 1.198137 1.717322 4.250674 3.061453 -4.712783 68.304022 -1.577488 1.471820
Car -1 -1 -1.586523 942.606140 349.331116 1028.580322 432.967712 1.145124 1.671225 4.214007 -0.171817 -3.372474 61.280071 -1.589327 1.619457
Car -1 -1 -1.406329 204.157623 846.401062 516.761292 1078.869751 1.046872 1.687299 4.246334 -5.136884 3.807641 23.089091 -1.625244 2.969082
Car -1 -1 1.460638 661.169922 286.714752 752.908020 372.228302 1.548343 1.723760 4.238154 -7.439824 -5.366956 71.582119 1.357076 1.050824
Car -1 -1 -1.545870 845.950378 216.032669 901.237366 271.341492 1.533864 1.856104 4.294952 -4.350682 -10.959916 101.994915 -1.588500 0.654643
Car -1 -1 1.705032 547.146912 214.552780 617.456787 281.078613 1.797374 1.655877 4.410476 -14.386675 -10.146125 97.214659 1.558109 0.487610
Car -1 -1 -1.701400 1281.149048 256.514221 1362.234619 314.144409 1.285347 1.840746 4.247246 10.434974 -8.187038 87.667658 -1.582929 0.871541
Car -1 -1 -1.570125 946.920776 299.841370 1016.096680 365.655945 1.192807 1.695191 4.278732 -0.308163 -5.539113 72.741047 -1.574361 1.322829
Car -1 -1 -1.594023 1058.282959 264.148285 1127.162598 328.612061 1.393059 1.881087 4.262093 3.005163 -7.341695 83.030560 -1.557846 1.260128
Car -1 -1 -1.572322 940.069580 258.613831 1001.520935 314.095215 1.226366 1.766781 4.256548 -0.669778 -8.021673 86.079709 -1.580103 1.307359
Car -1 -1 -1.591239 1009.066284 197.698776 1058.886719 240.898193 1.361978 1.877626 4.247861 1.754543 -13.902070 118.250775 -1.576403 0.757677
Car -1 -1 -1.561419 934.838623 183.705597 977.848022 226.330673 1.402082 1.734478 4.227868 -1.614596 -15.445115 125.888907 -1.574244 0.682757
Car -1 -1 -1.575917 934.321716 220.963318 987.499756 272.922272 1.428944 1.853528 4.249323 -1.155737 -10.767630 100.925186 -1.587368 0.762793
Car -1 -1 -1.563824 943.625732 161.163528 980.455444 193.955246 1.378752 1.798709 4.251115 -1.635190 -20.151278 151.392516 -1.574624 0.437248
Car -1 -1 1.645711 724.646240 232.523087 783.662231 286.296509 1.387665 1.595080 4.252691 -8.247678 -9.776596 95.650248 1.559696 0.874884
Car -1 -1 -1.558907 931.508484 133.419464 960.283691 161.549469 1.591690 1.815968 4.277538 -3.254358 -27.852814 193.572237 -1.575717 0.292839
Car -1 -1 -1.556949 868.378296 190.868240 911.855469 236.816864 1.597016 1.749757 4.260650 -4.477941 -14.354454 120.910834 -1.593967 0.440702
Car -1 -1 -1.588197 988.130859 135.299454 1017.436035 161.128998 1.456768 1.780981 4.236892 0.712975 -28.200999 195.744254 -1.584555 0.285995
Car -1 -1 1.670054 706.320862 156.570602 744.898560 189.410294 1.476006 1.641035 4.250028 -15.271576 -21.334267 158.376749 1.573926 0.392233
Car -1 -1 -1.548153 878.493225 140.916229 909.173401 168.513748 1.490792 1.673959 4.315097 -6.236773 -24.778032 175.506243 -1.583674 0.215769
Car -1 -1 1.671818 691.818420 251.299393 756.232361 309.418579 1.285051 1.546628 4.252179 -8.480510 -8.334878 87.512096 1.575213 0.777113
Car -1 -1 -1.669364 1166.569092 175.268417 1212.224731 215.628754 1.475226 1.766666 4.244697 9.646202 -17.038884 135.317149 -1.598199 0.352693
Car -1 -1 -1.614821 1090.714478 131.679504 1127.581421 163.413712 1.876795 2.155981 4.265862 7.935251 -27.079460 189.338773 -1.572935 0.133631
Car -1 -1 -1.555111 873.862488 158.783890 911.633118 197.302032 1.461285 1.744983 4.274793 -5.208566 -19.344322 146.078306 -1.590752 0.249894
Car -1 -1 -1.596067 942.834473 275.694427 1007.527405 339.660309 1.190605 1.708536 4.244789 -0.553635 -7.078679 80.631780 -1.602933 0.554835
