Car -1 -1 1.863616 199.650513 239.061035 306.110352 313.242401 1.565918 1.562694 4.523021 -21.266346 -7.735081 67.871276 1.559972 0.655512
Car -1 -1 -1.590528 931.691406 179.694046 976.257874 224.522354 1.474465 1.772481 4.239299 0.591849 -14.974972 100.168759 -1.584619 0.855617
Car -1 -1 1.739228 515.430542 181.926712 569.660889 222.635696 1.325091 1.552967 4.238286 -18.039201 -14.931846 99.368610 1.559646 0.758057
Car -1 -1 1.757231 458.800812 170.622757 514.242126 210.795776 1.454689 1.736948 4.256959 -22.303980 -16.684718 107.641568 1.552916 0.637213
Car -1 -1 1.710881 580.884155 155.795959 626.983337 194.041229 1.502481 1.708033 4.250480 -17.976030 -18.946813 116.871178 1.558267 0.591540
Car -1 -1 -1.589700 931.584045 137.934143 964.586914 169.553909 1.559685 1.913559 4.252384 0.478834 -23.700228 137.973983 -1.586230 0.525383
Car -1 -1 -1.738178 1216.308838 182.101288 1263.565552 213.320496 1.137018 1.490796 4.257276 14.679995 -16.310483 106.679282 -1.601428 0.648581
Car -1 -1 1.655947 660.368286 114.827980 689.832336 138.688126 1.598380 1.846757 4.210304 -22.248194 -33.864769 182.974900 1.534950 0.197116
Car -1 -1 -1.750114 1226.595703 187.277969 1275.462036 220.167023 1.150092 1.440643 4.206349 14.224069 -15.353926 101.771869 -1.611249 0.471625
Car -1 -1 1.675887 699.761536 116.369164 726.357239 140.350113 1.557091 1.753565 4.203319 -18.695381 -33.140378 179.500960 1.572109 0.129486
