Car -1 -1 -1.785295 1543.751099 422.770325 1718.229248 544.110901 0.907446 1.470303 4.405244 10.333369 -0.699657 43.065669 -1.549802 2.095656
Car -1 -1 1.778530 157.435516 239.410431 283.715576 358.154114 1.867079 1.615259 4.760429 -17.247827 -4.848366 64.920735 1.518853 0.810393
Car -1 -1 1.814825 34.444767 262.073914 150.694839 338.951660 1.181422 1.538327 4.289935 -20.967581 -5.332759 67.199622 1.512379 1.132786
Car -1 -1 1.784053 131.391464 197.760956 218.465332 254.881744 1.274081 1.580969 4.257027 -25.033815 -9.362837 88.444906 1.508224 0.974167
Car -1 -1 1.742331 232.706970 191.712418 311.501984 252.603958 1.428761 1.589576 4.247898 -22.285416 -9.553731 89.812953 1.499112 0.995711
Car -1 -1 -1.460325 780.461426 199.827621 850.960022 256.479126 1.229991 1.645812 4.268916 -4.607051 -9.289649 88.182112 -1.512522 0.648705
Car -1 -1 1.730235 307.143646 170.582199 377.580688 218.419525 1.289020 1.704751 4.249607 -23.224667 -12.245418 104.123564 1.510778 0.797751
Car -1 -1 1.794236 143.097290 164.715790 213.691055 210.108337 1.299167 1.552713 4.270307 -30.532831 -13.009107 108.351635 1.519565 0.662600
Car -1 -1 1.700744 396.602295 142.999985 450.123566 181.517548 1.275957 1.633387 4.254425 -24.015503 -16.063540 124.061592 1.509531 0.558834
Car -1 -1 1.712040 327.564667 137.215851 381.696960 178.904968 1.362400 1.715869 4.255862 -28.071515 -16.808097 128.529729 1.497012 0.482041
Car -1 -1 1.706472 289.961731 128.973633 338.376160 163.771622 1.303040 1.627572 4.251211 -32.237647 -18.680665 138.183692 1.477275 0.330734
