Car -1 -1 0.008081 748.759888 409.937286 1071.032349 547.183167 1.543896 1.905531 4.451191 -0.809922 -0.426030 42.446975 -0.010998 4.174179
Car -1 -1 -1.820241 1324.368408 745.866943 1645.583740 1009.893005 0.758504 1.516848 4.283128 4.386614 2.868637 24.023036 -1.639631 3.093677
Car -1 -1 -1.671685 921.613098 718.189941 1165.153198 948.639771 0.623860 1.616851 4.253949 0.642246 2.554431 25.126523 -1.646130 2.684249
Car -1 -1 -3.059257 537.221191 364.032471 838.410583 474.321167 1.364360 1.901022 4.437596 -4.595450 -1.581627 47.232724 3.126940 1.865194
Car -1 -1 1.824234 0.362167 264.021423 112.482033 367.051331 1.546069 1.900743 4.334586 -20.675467 -4.427452 62.671454 1.505574 1.104939
Car -1 -1 1.757670 153.830307 269.483643 278.717743 354.672058 1.237865 1.753181 4.365371 -16.957991 -4.727992 63.436723 1.496456 0.860973
Car -1 -1 1.781435 80.484718 229.424835 188.003296 318.215912 1.592071 1.587294 4.282060 -21.069856 -6.073486 70.825521 1.492283 0.868842
Car -1 -1 3.050870 618.309998 394.375275 881.040955 504.684113 1.307208 1.849234 3.884318 -3.417820 -1.014766 44.770525 2.974677 1.710483
Car -1 -1 -1.596883 831.305664 170.618973 882.961426 217.739120 1.262903 1.850342 4.261725 -3.933809 -12.354402 104.881023 -1.634373 0.701555
Car -1 -1 1.778749 156.277191 185.406830 230.292450 235.809937 1.258699 1.409007 4.268522 -26.231689 -10.511787 94.565243 1.508160 0.714430
Car -1 -1 1.844376 1.969016 243.345810 68.516502 312.403625 1.296407 1.677745 4.213305 -24.461884 -6.196159 71.377891 1.514211 0.950461
