Car -1 -1 1.879051 145.260193 255.040298 260.098114 331.230774 1.509521 1.684538 4.458193 -21.719365 -6.899966 64.658898 1.554986 1.147992
Car -1 -1 1.805624 276.336243 252.140289 380.698303 326.817566 1.497273 1.787166 4.410213 -18.216959 -7.079528 65.335761 1.533709 1.102450
Car -1 -1 1.763410 411.135742 213.868149 485.642639 267.059692 1.354083 1.611803 4.244016 -18.231233 -10.774758 81.351803 1.542949 1.115961
Car -1 -1 -1.795861 1358.242920 249.099045 1443.918457 309.100311 1.255727 1.545822 4.245770 14.761736 -8.114657 70.329823 -1.588971 1.024075
Car -1 -1 1.809230 266.296936 228.575119 350.304565 286.812042 1.410775 1.639792 4.242788 -21.755105 -9.338093 75.469572 1.528575 1.548049
Car -1 -1 1.906136 100.557175 237.911682 194.160172 308.854004 1.563471 1.192960 4.233686 -25.376836 -8.132375 70.227911 1.559386 1.203688
Car -1 -1 1.749201 433.172485 175.265045 493.648010 219.902359 1.520240 1.764400 4.235679 -21.940673 -15.249841 100.721309 1.534716 0.800674
Car -1 -1 1.793645 356.148895 231.111435 430.490143 291.692657 1.381345 1.319297 4.241109 -18.306711 -8.980922 73.333797 1.549009 1.152341
Car -1 -1 1.729713 526.736633 168.908279 580.124756 213.812576 1.675717 1.733505 4.246594 -18.357835 -15.937497 103.739659 1.554565 0.608281
Car -1 -1 -1.614130 963.092651 919.999451 1261.696777 1078.923462 0.448597 1.855449 4.283053 1.226852 3.925180 17.119400 -1.542588 7.211856
Car -1 -1 1.788337 344.655853 202.591949 413.690094 252.509613 1.414427 1.599736 4.233367 -21.965657 -11.815146 85.742074 1.537547 1.192160
Car -1 -1 -1.633836 993.496887 152.853104 1033.683960 188.063110 1.528520 1.842281 4.267420 4.087459 -20.150721 122.659762 -1.600525 0.628992
Car -1 -1 1.844343 222.457565 214.087112 303.483734 266.096863 1.348956 1.669575 4.249853 -25.387201 -10.863705 82.083361 1.544390 0.651627
Car -1 -1 1.743931 496.294952 182.539490 554.296082 230.932617 1.534728 1.526972 4.247572 -18.130828 -14.041871 95.535048 1.556379 0.783440
Car -1 -1 1.753495 454.941040 199.794724 519.144714 245.873260 1.289115 1.480941 4.223169 -18.184632 -12.372066 87.792517 1.549252 0.799486
Car -1 -1 1.791529 337.562012 185.306229 399.968536 228.456100 1.388855 1.478341 4.236495 -25.177739 -14.281688 96.462207 1.536214 0.499811
Car -1 -1 1.787204 365.246033 172.272186 423.994781 214.345291 1.533158 1.561079 4.293560 -25.888583 -15.918219 103.660095 1.542465 0.602637
Car -1 -1 1.710739 568.423645 163.905884 614.836853 199.420227 1.354285 1.642738 4.243573 -18.192063 -18.204095 114.039779 1.552548 0.752184
Car -1 -1 -1.582727 923.591980 140.731247 955.840454 170.488022 1.395116 1.757467 4.240878 -0.057997 -23.913604 139.081930 -1.583144 0.460811
Car -1 -1 1.838476 287.555695 202.048096 355.516083 245.553986 1.240285 1.425729 4.243698 -25.729696 -12.878521 91.147741 1.563349 0.783267
