Car -1 -1 -0.971888 733.005676 320.589783 899.145752 408.244598 1.363655 1.540295 4.305724 -4.164587 -4.122021 65.140831 -1.035733 1.311504
Car -1 -1 -1.757292 1306.137573 737.483643 1552.786621 961.157349 0.835625 1.470506 4.217844 4.155429 2.860067 26.964097 -1.604386 3.187056
Car -1 -1 1.807153 246.208832 302.712372 358.183899 389.860046 1.529557 1.536408 4.228844 -17.118244 -4.722153 68.733103 1.563065 1.468174
Car -1 -1 -1.500394 612.964966 842.421082 868.781128 1079.601562 1.007900 1.742047 4.243295 -2.017286 3.739488 23.212379 -1.587082 4.009192
Car -1 -1 1.714966 506.699066 312.538544 601.395264 386.971771 1.239902 1.584734 4.240050 -10.815591 -4.764327 68.440332 1.558233 1.154535
Car -1 -1 -1.671121 1037.953857 803.039856 1321.780640 1078.616455 1.345957 1.826576 4.476447 1.480005 3.790201 23.624061 -1.608554 1.806477
Car -1 -1 1.758149 383.326935 309.896667 479.551849 384.860840 1.280574 1.417748 4.237988 -14.075172 -4.880071 69.531295 1.558419 1.329346
Car -1 -1 -1.581734 1037.605835 246.339951 1100.559570 310.043549 1.518916 1.793600 4.250425 2.448424 -8.367877 88.460436 -1.554063 1.100539
Car -1 -1 1.801933 331.103485 285.112549 419.729736 356.033447 1.363439 1.276639 4.242856 -16.808628 -6.003777 75.490724 1.582849 1.199581
Car -1 -1 1.325326 696.837708 288.503204 806.753906 364.947693 1.394470 1.627069 4.271795 -6.367724 -5.585891 72.403806 1.237604 0.620839
Car -1 -1 1.654759 676.779053 206.264069 732.603455 255.635956 1.471820 1.768853 4.246346 -11.467208 -12.420120 110.117645 1.550997 0.586508
Car -1 -1 -1.556764 881.207886 177.780167 920.668701 213.371170 1.358267 1.777550 4.243692 -4.490268 -17.127730 135.418434 -1.589911 0.617313
Car -1 -1 1.742415 468.988861 248.573776 557.891968 328.517731 1.756132 1.580756 4.441789 -14.387156 -7.431686 83.381472 1.571551 0.559119
Car -1 -1 1.774969 394.218811 260.910126 468.766815 319.411926 1.229180 1.348997 4.236945 -17.456059 -7.938996 86.366980 1.575540 0.923318
Car -1 -1 1.673668 650.930115 178.536621 699.551575 222.466537 1.597654 1.780762 4.249318 -14.927408 -16.105323 130.362509 1.559657 0.510062
Car -1 -1 1.708308 550.791809 273.119904 630.861023 346.809448 1.476693 1.584058 4.248061 -11.269096 -6.432191 77.773854 1.564414 0.935377
Car -1 -1 1.692646 594.145874 243.759018 669.930054 316.950317 1.700759 1.681293 4.244886 -11.155280 -7.927098 85.688985 1.563191 0.740737
Car -1 -1 1.716235 551.073303 233.824249 615.448669 285.664215 1.335447 1.443656 4.252006 -14.088672 -9.774604 95.379569 1.569584 0.778523
Car -1 -1 1.661358 661.606934 274.211670 734.192566 341.229584 1.368997 1.591959 4.261808 -8.254887 -6.556301 78.033109 1.555963 0.872858
Car -1 -1 1.751485 432.411835 290.756958 510.111176 355.758453 1.241528 1.247099 4.260263 -14.447234 -6.109439 76.776960 1.565488 0.592764
Car -1 -1 -1.563896 938.436035 147.533707 971.211060 175.898743 1.438865 1.845730 4.255167 -2.384450 -24.239839 174.516229 -1.577559 0.404027
Car -1 -1 -1.599599 1000.420227 156.517197 1035.107300 188.544769 1.523300 1.846195 4.243775 1.427484 -21.432090 159.129424 -1.590629 0.439367
Car -1 -1 1.674295 710.440430 240.027542 778.259888 297.744049 1.355025 1.714558 4.253933 -8.089973 -8.913843 90.268162 1.584912 0.693555
Car -1 -1 -1.602690 1086.637085 136.462936 1118.490479 164.134430 1.604086 1.973593 4.274560 7.648668 -27.412104 191.921863 -1.562858 0.218834
Car -1 -1 1.642582 738.532532 140.288696 772.388367 171.334839 1.639872 1.746394 4.261532 -15.087138 -24.717191 175.901267 1.557021 0.340737
Car -1 -1 -1.568445 901.528625 162.992416 937.154053 194.858887 1.369097 1.752991 4.227570 -4.001221 -20.046891 151.142919 -1.594912 0.338206
Car -1 -1 -1.567443 939.928955 130.786240 967.678894 155.893906 1.448909 1.794263 4.233087 -2.852410 -29.304176 202.047271 -1.581559 0.154859
Car -1 -1 1.760616 425.356537 232.650421 504.341064 293.129822 1.494975 1.580073 4.232054 -18.052775 -9.537922 94.659079 1.572165 0.284935
