Car -1 -1 -1.539309 784.713135 558.913757 943.945557 732.969788 1.184710 1.805989 4.226284 -1.621385 1.367988 35.972102 -1.584352 3.015511
Car -1 -1 1.748214 385.019531 291.663849 487.349976 380.269318 1.595682 1.636228 4.408226 -14.020534 -5.029483 69.926335 1.550334 0.749643
Car -1 -1 -1.738665 1236.120972 587.734863 1419.389648 740.115723 0.871677 1.513320 4.233692 4.153709 1.423619 34.835208 -1.619987 2.495369
Car -1 -1 1.796856 250.221558 297.848358 360.354919 386.984192 1.585065 1.554850 4.240152 -17.142399 -4.828108 69.200083 1.554023 1.319125
Car -1 -1 -1.644211 1038.747192 792.617615 1285.056396 1058.244385 0.893623 1.739529 4.226676 1.411252 3.282365 24.571971 -1.586841 2.785771
Car -1 -1 -1.669158 1126.709717 439.052032 1261.400269 550.753479 1.079403 1.697593 4.254569 3.387710 -0.843864 47.236895 -1.597563 1.682509
Car -1 -1 1.708844 508.493500 312.593109 605.099304 387.610352 1.246727 1.661064 4.247922 -10.751320 -4.760921 68.492117 1.553143 1.355541
Car -1 -1 -1.651176 1106.121094 308.799591 1220.299438 445.825653 2.031147 1.831746 5.027102 3.603568 -3.116849 59.414838 -1.590599 0.789902
Car -1 -1 -1.502554 1009.085144 274.462128 1089.689819 348.252777 1.437660 1.732875 4.256048 1.610804 -6.358517 77.082911 -1.481660 1.141658
Car -1 -1 1.654449 643.272766 309.878693 723.354553 385.651154 1.283639 1.543879 4.247301 -7.675829 -4.818229 68.901301 1.543503 1.073338
Car -1 -1 1.818763 206.523422 244.566238 289.344086 306.599823 1.491938 1.546760 4.242583 -24.725253 -8.819697 91.942255 1.556057 1.046595
Car -1 -1 -1.567879 937.624268 215.876770 985.037354 266.116211 1.346792 1.592084 4.244727 -1.171459 -11.432614 104.565779 -1.579081 0.755504
Car -1 -1 1.726206 444.806458 280.553528 525.061646 347.077515 1.275170 1.453067 4.242427 -14.351240 -6.508428 78.406892 1.545175 1.061989
Car -1 -1 1.716784 536.589355 239.285461 603.787964 291.740265 1.278395 1.517671 4.237448 -14.232096 -9.400072 93.355131 1.565497 0.932305
Car -1 -1 1.744552 464.250793 225.238205 532.425171 277.055847 1.403530 1.546057 4.250316 -17.728546 -10.446724 99.271029 1.567828 0.916119
Car -1 -1 -1.602120 1059.940063 256.957123 1119.985718 314.120697 1.249994 1.624067 4.239867 3.078363 -8.185562 87.563581 -1.566978 0.834580
Car -1 -1 -1.550026 885.546082 137.502243 914.381714 163.108261 1.444012 1.731925 4.248445 -6.294373 -27.083656 189.327731 -1.583260 0.345041
Car -1 -1 1.646861 682.358337 258.084045 748.483643 321.810181 1.365021 1.532867 4.246110 -8.474611 -7.780614 85.158263 1.547672 0.995210
Car -1 -1 -1.571364 938.170593 189.792252 984.461365 229.381409 1.379728 1.837384 4.246558 -1.422611 -15.236181 125.743648 -1.582678 0.668672
Car -1 -1 -1.598882 1033.948975 231.196487 1086.070068 276.908569 1.354280 1.717786 4.279318 2.424013 -10.522570 100.301996 -1.574719 0.569991
Car -1 -1 1.646362 709.547668 244.683380 770.100159 300.835632 1.365190 1.563962 4.254615 -8.297008 -8.894120 91.148361 1.555585 0.863074
Car -1 -1 1.697740 595.380310 258.564270 663.193542 315.761505 1.242803 1.485158 4.241371 -11.163167 -7.909660 85.353178 1.567690 1.030735
Car -1 -1 1.635649 732.880249 217.147797 791.020508 273.886139 1.482186 1.679444 4.251405 -8.281941 -10.613207 99.496030 1.552602 0.694064
Car -1 -1 -1.557310 874.459778 162.423264 911.497314 198.798325 1.573546 1.750952 4.263988 -5.255418 -19.205887 146.281953 -1.593222 0.465096
Car -1 -1 -1.657091 1160.129028 176.947083 1205.901245 213.472336 1.338345 1.720755 4.237049 9.370911 -17.335026 136.799113 -1.588697 0.426308
Car -1 -1 -1.576625 1002.287292 177.757339 1043.708618 213.886169 1.405911 1.707895 4.244251 1.452238 -17.379854 137.186649 -1.566040 0.455112
Car -1 -1 1.648381 678.016663 168.013885 721.322205 206.183212 1.527683 1.714083 4.243767 -14.887693 -18.137022 140.604465 1.542890 0.444716
Car -1 -1 -1.586849 1010.000977 203.533249 1058.643921 244.377548 1.273875 1.775122 4.234447 1.740360 -13.371925 115.112881 -1.571731 0.467615
Car -1 -1 1.709392 551.428711 286.887421 633.493774 349.010681 1.239190 1.606766 4.248790 -11.253403 -6.347294 77.907072 1.565938 1.216591
Car -1 -1 -1.571243 938.661255 163.370178 976.784912 198.598724 1.370582 1.810514 4.239500 -1.832640 -19.375623 147.110359 -1.583700 0.336628
Car -1 -1 -1.589528 995.356384 138.945694 1027.440063 170.573380 1.752158 1.785574 4.383961 1.328909 -26.541830 188.409772 -1.582475 0.141494
Car -1 -1 -1.538279 1094.894897 165.574417 1134.116333 196.425995 1.493784 1.802326 4.276409 7.021609 -20.701482 156.982686 -1.493580 0.154396
Car -1 -1 -1.587025 1031.977173 214.840286 1082.869995 261.385834 1.297096 1.705338 4.262623 2.537888 -11.797715 106.533168 -1.563207 0.319672
Car -1 -1 -1.586305 1022.171753 188.585236 1066.411743 224.957535 1.291934 1.832878 4.224823 2.356917 -15.215364 125.223831 -1.567486 0.322378
Car -1 -1 -1.613710 1078.648926 130.009491 1105.589844 154.397873 1.478944 1.710650 4.261978 7.429167 -30.233539 206.636973 -1.577773 0.128429
Car -1 -1 -1.569909 940.126709 139.574280 969.831787 164.958435 1.385811 1.735583 4.217120 -2.479607 -26.641338 187.103866 -1.583161 0.107579
