Car -1 -1 -1.646382 972.354675 742.389465 1200.630737 993.980347 0.604754 1.766189 4.648551 1.340681 3.002414 22.024424 -1.585584 2.056331
Car -1 -1 1.997216 0.278164 274.875732 121.279289 343.016052 1.237117 1.451552 4.452681 -25.286750 -6.396855 62.938764 1.615187 0.646378
Car -1 -1 -1.741702 1413.438721 306.229828 1506.068115 377.581390 1.153515 1.463044 4.238435 13.733140 -5.069913 57.958260 -1.509044 1.273863
Car -1 -1 1.711255 559.491760 165.838242 608.072266 203.276840 1.415467 1.747192 4.246840 -18.215269 -17.704634 111.815273 1.549768 0.696757
Car -1 -1 -1.592532 948.275940 255.932190 1014.567566 320.328766 1.276046 1.785154 4.241342 1.245494 -7.469804 67.438183 -1.574065 1.266579
Car -1 -1 1.764781 464.862366 173.393799 519.241638 210.953094 1.356744 1.653338 4.240673 -22.042594 -16.681996 107.640978 1.562794 0.626269
Car -1 -1 1.715141 527.625061 156.370239 570.435730 189.059845 1.404532 1.598496 4.245626 -21.886081 -20.041469 122.315282 1.538083 0.533989
Car -1 -1 1.664486 645.774475 151.880295 684.010010 185.695312 1.480178 1.613476 4.256784 -15.433718 -20.175651 122.138220 1.538789 0.487607
Car -1 -1 1.734459 555.620544 132.676849 595.724182 168.540237 1.712258 1.804699 4.362720 -23.679029 -24.492157 142.016107 1.569244 0.228421
Car -1 -1 1.884638 58.455978 214.436447 131.988632 258.062378 1.190816 1.383799 4.264402 -33.278808 -11.620381 85.842624 1.514804 0.381289
Car -1 -1 1.694691 576.477600 122.215225 613.236572 149.065842 1.665748 1.935563 4.254264 -26.276131 -30.047600 166.428347 1.538101 0.148862
