Car -1 -1 -0.396304 370.721619 327.753052 664.038086 454.165894 1.520785 1.872465 4.437282 -8.033652 -2.146453 50.307407 -0.554658 3.501105
Car -1 -1 -1.648955 934.787170 718.564270 1185.189819 984.268005 0.846772 1.673467 4.306884 0.750719 2.715339 24.267449 -1.618029 2.630760
Car -1 -1 1.798207 14.152766 278.547485 136.078827 358.175629 1.138771 1.545474 4.266389 -20.183527 -4.630266 63.363998 1.489835 1.358689
Car -1 -1 1.777122 96.179276 246.815796 198.511154 321.926575 1.240228 1.439068 4.253440 -20.597408 -5.970518 70.461522 1.492724 1.150128
Car -1 -1 1.847105 0.000000 242.438431 78.990028 318.906433 1.297212 1.583879 4.223254 -24.392067 -6.193857 72.072717 1.520768 1.040044
Car -1 -1 1.755014 222.275864 184.466003 306.477783 255.281891 1.686343 1.677093 4.350551 -21.988915 -9.250145 87.692861 1.509330 0.528018
Car -1 -1 -1.613031 914.301758 170.618561 967.980347 214.336456 1.182172 1.712208 4.256799 -0.769214 -12.553753 105.669607 -1.620310 0.818109
Car -1 -1 1.770974 157.210403 220.968109 251.355164 282.205688 1.177436 1.595765 4.245419 -21.832331 -7.791720 80.196207 1.505179 1.151797
Car -1 -1 1.746693 289.063416 184.842468 358.204498 234.824478 1.195524 1.429310 4.254220 -22.035319 -10.789262 95.984966 1.521032 1.040404
Car -1 -1 1.800412 41.153549 214.659088 136.427994 281.525146 1.314330 1.497159 4.243285 -25.156777 -7.825848 80.194902 1.496439 1.013608
