Car -1 -1 0.049903 0.000000 371.462189 275.083740 487.689667 1.373425 1.852036 4.436573 -14.234878 -1.411054 47.226081 -0.242856 2.262067
Car -1 -1 -0.819298 573.489197 324.495636 794.838379 435.088806 1.218058 1.798048 3.829061 -5.157620 -2.613926 52.395664 -0.917417 1.783252
Car -1 -1 -1.802707 1236.981445 724.066467 1535.584229 958.288086 0.625238 1.528420 4.385736 3.730072 2.630931 25.277066 -1.656197 2.470401
Car -1 -1 -1.667448 913.687561 858.511780 1231.995483 1079.297729 1.159170 1.773850 4.335005 0.672054 3.948821 20.665286 -1.634939 2.568386
Car -1 -1 1.811551 41.895771 264.342590 156.879227 341.846710 1.173466 1.462759 4.255047 -20.635249 -5.228183 66.641883 1.511271 1.241941
Car -1 -1 -1.265489 759.136841 286.670593 880.875366 369.665161 1.120726 1.353658 4.251509 -3.079260 -4.257877 61.184513 -1.315774 0.774296
Car -1 -1 1.773772 115.846825 225.526230 213.268463 306.612640 1.503965 1.505822 4.295519 -21.075121 -6.581863 73.583326 1.494828 0.745453
Car -1 -1 1.819039 0.000000 213.716965 76.950058 318.931763 1.930338 1.944130 4.632317 -25.019683 -6.320364 73.044200 1.489037 0.438255
Car -1 -1 1.810598 51.425499 219.566513 138.792511 283.418274 1.306450 1.251786 4.254576 -24.905307 -7.702569 79.941466 1.508584 0.786690
Car -1 -1 1.759785 173.931992 211.108490 262.853638 278.647430 1.392972 1.517900 4.247476 -21.916555 -8.068237 82.089341 1.498886 0.969881
