Car -1 -1 -1.219983 1523.027344 464.585785 1732.602173 614.548828 1.136575 1.313179 4.554786 10.247654 -0.009835 33.613801 -0.924069 2.671380
Car -1 -1 0.383079 0.000000 360.645294 118.431061 453.385254 1.359161 1.881541 4.128336 -20.362642 -2.578245 45.505044 -0.037678 0.924997
Car -1 -1 0.009423 644.700623 323.996246 842.924194 403.720184 1.365312 1.861761 4.247014 -5.288148 -3.931144 51.017218 -0.093862 2.033114
Car -1 -1 1.692725 629.901489 208.167679 683.196045 251.122177 1.297215 1.578889 4.264802 -13.496430 -13.300066 94.168089 1.550372 0.775627
Car -1 -1 2.768702 1678.641846 259.905914 1874.360718 337.654236 1.773871 1.911093 4.467084 23.607853 -6.668749 63.943938 3.122375 2.011308
Car -1 -1 0.032501 751.990479 350.754852 996.187439 433.333862 1.296818 1.878736 4.733589 -2.152707 -3.082935 47.702590 -0.012596 2.267102
Car -1 -1 -1.540735 841.309082 204.685440 893.037903 265.694794 1.854095 1.872314 4.280629 -4.173500 -12.043456 89.229291 -1.587474 0.836842
Car -1 -1 2.838627 1611.485229 262.944824 1767.397461 316.544891 1.279554 1.866825 3.669905 22.771204 -7.807845 69.334585 -3.127232 0.536963
Car -1 -1 1.664467 695.227417 177.075333 735.486572 210.255020 1.303318 1.530611 4.249847 -14.123036 -19.132707 121.098239 1.548367 0.508058
Car -1 -1 0.175088 1297.372192 157.410416 1372.913940 188.760239 1.560556 1.862196 4.011960 23.396597 -23.322709 139.889616 0.340804 0.141137
