Car -1 -1 -1.481554 536.231384 664.082031 766.858643 876.685486 0.865621 1.796114 4.277825 -3.328546 2.325882 27.906892 -1.600266 2.161030
Car -1 -1 -1.350175 155.498993 641.866577 443.817139 876.474182 1.057069 1.677615 4.261899 -6.663220 2.268561 27.276866 -1.589764 3.200421
Car -1 -1 -1.599522 930.160339 667.759827 1136.349731 870.678040 0.825450 1.807771 4.264580 0.359235 2.325427 28.248393 -1.586806 2.744457
Car -1 -1 -1.838045 1369.830688 690.662476 1893.302246 1080.000000 2.113288 2.276123 5.846286 4.771774 3.684846 22.094525 -1.625341 1.813004
Car -1 -1 -1.730232 1287.000732 606.531738 1528.884888 834.973145 1.106916 1.564712 4.651968 4.379730 2.074841 29.778613 -1.584202 1.918361
Car -1 -1 1.819980 179.540466 255.881836 278.456177 317.854004 1.288825 1.669600 4.273331 -22.568728 -7.004525 82.159050 1.551896 0.741407
Car -1 -1 -1.439601 347.525696 883.910400 687.327332 1078.636353 0.929985 1.729408 4.265712 -3.367080 3.863107 20.582350 -1.601755 2.381675
Car -1 -1 -1.609463 879.100098 862.082031 1166.472778 1078.784058 0.975389 1.798393 4.260465 0.141409 3.785234 21.021684 -1.602736 3.112708
Car -1 -1 1.637668 456.598694 235.866226 529.025452 309.437134 1.647100 1.653834 4.275073 -15.019517 -7.380786 83.743608 1.460204 0.629911
Car -1 -1 1.752486 356.618805 209.372894 427.735199 255.926559 1.350969 1.704763 4.247169 -23.025025 -11.196515 106.695059 1.539943 0.621242
Car -1 -1 1.873920 41.793240 253.429688 136.967239 318.136658 1.371904 1.288785 4.228400 -27.234844 -7.153072 83.885371 1.559989 0.835317
Car -1 -1 1.964140 0.000000 308.972168 83.092545 403.157349 1.418261 1.585070 4.304512 -22.314982 -3.674686 62.612443 1.621776 0.707903
Car -1 -1 1.713678 478.726776 171.695740 534.080811 216.763840 1.787739 1.810955 4.399109 -23.118723 -15.571496 132.295661 1.540675 0.298395
Car -1 -1 -2.018322 1220.649902 174.325546 1291.559570 213.058472 1.511692 1.772469 4.294613 13.261262 -16.516134 138.934460 -1.923160 0.224920
Car -1 -1 1.768718 288.933441 205.382431 361.191101 250.822067 1.317662 1.656247 4.255513 -27.227271 -12.151305 113.357799 1.532994 0.542846
Car -1 -1 1.693436 553.716553 152.884262 595.846863 189.572433 1.731975 1.750529 4.314315 -24.443651 -20.631157 162.867376 1.544464 0.241543
Car -1 -1 1.723956 425.727295 174.081055 476.477112 211.011246 1.422072 1.589414 4.251852 -26.456260 -16.217248 135.874364 1.531651 0.416300
Car -1 -1 1.658245 597.831970 136.428787 629.499756 161.624268 1.430502 1.715868 4.245358 -27.340350 -27.337556 200.895314 1.522984 0.163133
