Car -1 -1 2.802613 0.000000 409.829987 272.221222 545.519226 1.428592 1.866812 4.059941 -13.828917 -0.774154 37.140851 2.446179 3.571443
Car -1 -1 2.867063 1286.971191 351.558167 1529.428589 458.363770 1.602250 1.887994 4.182550 9.701360 -2.434292 45.789071 3.075846 4.188130
Car -1 -1 2.932518 670.732117 363.065033 904.440552 477.559265 1.552070 1.869451 3.997833 -3.020136 -1.989309 43.286747 2.862860 4.308819
Car -1 -1 1.939516 20.031189 269.609497 134.685089 338.008392 1.289495 1.377821 4.259809 -24.959304 -6.568891 63.409424 1.564521 1.027863
Car -1 -1 1.830707 296.914185 254.507095 400.844849 323.218018 1.319222 1.755449 4.474897 -17.665115 -7.216916 65.583824 1.567599 0.920400
Car -1 -1 2.691757 1753.365234 368.275146 1918.659668 457.591156 1.393026 1.839872 3.958659 19.408552 -2.356127 45.775331 3.092777 0.670480
Car -1 -1 1.878871 168.643723 252.803329 267.681702 322.707336 1.396682 1.419155 4.238739 -21.832877 -7.289248 66.312990 1.560810 1.143080
Car -1 -1 1.794323 356.946289 230.544067 436.768311 289.490540 1.347231 1.538555 4.250181 -18.493431 -9.196155 74.614272 1.551366 0.872573
Car -1 -1 1.764748 460.567322 172.516113 518.005737 213.603455 1.447913 1.696332 4.255382 -21.675316 -16.193360 105.149795 1.561458 0.663294
Car -1 -1 -0.722323 1799.361572 404.079285 1921.825806 501.267609 1.253342 1.841908 3.906511 19.304284 -1.466300 42.727965 -0.297978 0.836841
Car -1 -1 -1.596630 934.389771 114.360191 959.178833 141.154190 1.739704 1.857972 4.248860 0.506641 -33.827807 183.745747 -1.593872 0.280702
Car -1 -1 -1.736765 1134.926514 139.137390 1172.570923 167.248077 1.406530 1.629000 4.274458 13.659755 -24.321481 140.401061 -1.639779 0.311611
Car -1 -1 1.812932 339.004120 153.026215 388.321259 183.548172 1.340452 1.590829 4.261253 -32.802839 -20.619523 124.286689 1.554888 0.347286
Car -1 -1 1.644231 673.740784 105.183861 701.180847 129.203461 1.702710 1.880617 4.246081 -23.416146 -38.172250 201.798124 1.528710 0.187696
