Car -1 -1 3.054424 936.089478 167.613876 1078.781494 222.200394 1.535063 1.901254 4.804287 1.918159 -12.613388 79.190960 3.078641 1.521563
Car -1 -1 2.972123 1201.184570 156.736938 1328.993530 207.977478 1.577026 1.898553 4.445952 12.126906 -14.151521 85.623032 3.112819 1.526597
Car -1 -1 2.740066 1659.183350 197.238632 1834.326172 251.247345 1.307910 1.852477 4.420131 25.258598 -10.263033 69.704882 3.087714 1.866638
Car -1 -1 2.761600 1393.575806 188.213821 1565.662842 245.407349 1.369645 1.868646 4.451919 16.923420 -10.622761 70.766749 2.996335 1.609098
Car -1 -1 2.718125 1728.276489 181.189926 1868.422729 232.196564 1.283744 1.857632 3.745856 29.143712 -11.739926 75.710304 3.085579 0.384485
Car -1 -1 1.681116 655.729187 134.559113 707.005005 173.279648 1.258942 1.699420 4.252290 -12.936161 -18.621070 103.193581 1.556409 0.679576
Car -1 -1 2.883116 1542.493896 162.178085 1704.548340 219.170761 1.685823 1.929327 4.548574 24.632071 -12.975094 80.958021 -3.104711 0.705766
Car -1 -1 -1.630082 1076.750610 109.140251 1113.875244 139.399277 1.355912 1.869889 4.242142 8.664490 -26.178136 134.586212 -1.565792 0.332963
Car -1 -1 1.680627 679.665405 125.693649 720.852661 161.721359 1.335208 1.554922 4.243564 -12.834804 -20.341375 109.945228 1.564415 0.649989
Car -1 -1 2.636106 1810.558838 159.023285 1920.117065 206.334137 1.552803 1.977386 4.398419 37.067907 -14.263083 86.393740 3.041408 0.257540
Car -1 -1 2.760947 1377.418945 179.715637 1514.703125 229.670547 1.345865 1.855188 4.239098 17.108424 -11.723143 75.543016 2.983663 0.519190
Car -1 -1 2.649909 151.811890 113.233696 247.412643 148.681107 1.283415 1.841340 3.878275 -40.959495 -22.508062 117.671669 2.314943 0.137194
Car -1 -1 1.674475 732.056824 97.901527 764.681702 126.350182 1.375780 1.608298 4.272120 -13.665146 -28.964322 144.891975 1.580440 0.381715
Car -1 -1 2.664255 420.791077 106.707321 499.725311 135.270767 1.340027 1.814567 3.762243 -30.653308 -26.510629 135.229377 2.441346 0.159498
Car -1 -1 -1.593532 1004.979309 74.258888 1030.606445 96.137039 1.563662 1.781243 4.249284 5.475731 -40.502849 190.833151 -1.564846 0.184306
