Car -1 -1 3.046169 1250.775635 310.523193 1433.781616 396.653351 1.578657 1.867371 3.984295 9.315715 -4.050307 54.186077 -3.066760 2.844714
Car -1 -1 2.870337 1115.704346 397.508087 1396.757202 500.131287 1.279573 1.928244 4.609060 5.498008 -1.396920 41.813021 3.001078 5.076321
Car -1 -1 2.813206 701.411987 424.474457 1038.266357 576.277405 1.551983 2.006809 4.704360 -1.619362 -0.191174 35.560052 2.767699 4.824204
Car -1 -1 -1.365062 524.137085 664.506104 774.032837 873.384216 0.678209 1.607363 4.237214 -3.240666 2.309465 22.907889 -1.505594 2.960691
Car -1 -1 -1.773119 1439.131958 701.034851 1670.588745 905.240356 0.545998 1.373052 4.219666 5.978975 2.551292 22.565231 -1.514107 4.095194
Car -1 -1 -1.649311 1159.998535 668.295471 1387.194580 928.885864 0.871039 1.729691 4.718377 2.988616 2.586596 22.245024 -1.515761 1.835704
Car -1 -1 2.854428 1529.225098 348.867645 1768.460449 432.610291 1.373611 1.887972 4.487133 15.312396 -2.896538 48.926571 -3.125447 3.155138
Car -1 -1 -1.514018 867.457397 581.347046 1064.310303 848.196777 1.201739 1.698658 5.233064 0.082761 2.060132 23.892333 -1.510554 1.324109
Car -1 -1 -1.295737 257.833862 641.321899 519.671204 833.167786 0.647082 1.485826 4.216058 -6.198697 2.066728 23.736557 -1.551178 3.004221
Car -1 -1 -2.898667 377.248657 303.098755 579.850281 385.785553 1.533522 1.879972 4.287968 -12.414037 -4.389200 55.291849 -3.119523 2.268808
Car -1 -1 2.947480 1623.430908 310.224823 1839.853149 384.880402 1.551725 1.907259 4.508079 20.216078 -4.498745 57.566223 -2.997980 1.782227
Car -1 -1 -2.910131 527.670105 331.377502 739.792236 409.185028 1.312201 1.874351 4.319924 -8.031092 -3.638810 52.216141 -3.062740 2.810446
Car -1 -1 2.961122 698.304504 406.522095 943.301819 509.019073 1.333022 1.886001 4.140703 -2.850638 -1.157424 41.152676 2.891962 1.032123
Car -1 -1 -2.805737 526.364624 292.163879 698.024292 361.064789 1.252404 1.900475 3.996127 -9.973108 -5.531656 60.795040 -2.968334 1.549256
Car -1 -1 2.368021 1.765253 570.301636 223.843002 816.274536 1.333066 1.887659 4.259886 -10.903740 1.955823 24.597467 1.950764 1.849009
Car -1 -1 -1.653110 1138.169434 920.047180 1465.628540 1078.700684 0.637138 1.869971 4.229779 2.331512 4.011691 16.299074 -1.511028 3.861447
Car -1 -1 2.608197 1811.198853 421.186615 1918.714600 517.861145 1.288554 1.931367 2.884987 18.501386 -0.988422 41.470189 3.027834 0.166606
