Car -1 -1 -1.745480 1215.189331 541.793274 1389.590454 697.613037 0.947753 1.561727 4.239499 4.962328 1.074344 30.531366 -1.584357 3.033882
Car -1 -1 1.901454 134.657684 269.384094 243.224838 338.248077 1.264998 1.397791 4.435202 -21.221342 -6.430191 62.024976 1.571796 0.860432
Car -1 -1 1.817039 326.711029 240.065842 422.310242 312.917114 1.592666 1.680953 4.270792 -17.685429 -7.801322 68.538207 1.564510 1.095182
Car -1 -1 1.952088 0.000000 317.214722 96.699394 413.550751 1.364671 1.714231 4.523042 -21.945354 -3.888728 52.117584 1.553547 1.120682
Car -1 -1 1.863977 271.536163 228.118790 357.342194 287.708740 1.399587 1.498771 4.235131 -21.410437 -9.304868 75.041633 1.586047 0.946628
Car -1 -1 1.775994 423.797516 183.536255 483.218109 228.436691 1.367060 1.551546 4.244324 -21.600637 -14.414177 97.154214 1.557219 0.759683
Car -1 -1 1.697210 543.322876 145.702621 587.955627 185.549942 1.861078 1.638283 4.454559 -21.473541 -20.728262 125.386519 1.527596 0.295782
Car -1 -1 1.811064 365.501251 199.487198 434.910217 249.344559 1.385400 1.624637 4.244509 -21.790971 -12.341739 88.344909 1.569233 0.811548
Car -1 -1 1.684009 642.593384 120.063881 674.955261 146.215134 1.652416 1.883791 4.318144 -22.082828 -31.104411 171.137043 1.555682 0.199316
Car -1 -1 1.646456 693.562378 117.643288 722.034546 141.785416 1.516111 1.815220 4.249358 -18.874249 -32.445282 176.759599 1.540080 0.138023
