Car -1 -1 -1.225644 742.740112 562.123535 1012.948853 764.806458 0.892479 1.491109 4.634809 -1.105891 1.842367 26.700468 -1.267039 3.728785
Car -1 -1 2.179253 655.142029 477.127838 894.343018 623.719360 1.169623 1.418488 4.121161 -3.037183 0.782828 32.876588 2.087133 1.436625
Car -1 -1 -0.745222 1126.386475 235.789948 1254.374390 290.720764 1.154695 1.809806 3.774150 7.020298 -7.875758 73.411641 -0.649883 1.037572
Car -1 -1 2.268570 1212.232666 281.441925 1413.616943 404.189606 1.677114 1.758926 4.461492 7.522963 -3.190419 49.122642 2.420536 1.078310
Car -1 -1 -1.314520 971.969971 668.679199 1241.904541 887.082947 0.664311 1.478176 4.244323 1.443188 2.608841 22.645688 -1.250877 3.630477
Car -1 -1 -1.613604 1689.628418 700.233765 1918.600464 1000.597534 0.577504 1.850765 5.030886 7.342631 2.737699 19.242270 -1.249070 2.252426
Car -1 -1 -1.462236 1293.130371 651.747192 1567.210327 926.538879 0.925188 1.845234 4.499691 4.490460 2.668249 21.274720 -1.254219 1.980113
Car -1 -1 0.483323 391.084045 307.807770 560.080505 379.550659 1.474952 1.903341 3.991106 -15.394500 -4.652715 67.033506 0.257583 1.854034
Car -1 -1 2.450043 1513.381348 240.801682 1696.262939 316.435211 1.216235 1.914071 3.991459 16.527652 -5.699175 57.953271 2.727857 1.902191
Car -1 -1 -1.107670 440.577881 733.533569 810.089844 1002.989075 0.793836 1.447263 4.230789 -3.186211 3.271999 20.839020 -1.259391 6.561544
Car -1 -1 0.679627 142.601959 345.423615 306.748749 410.039459 1.238133 1.876134 3.840264 -23.090396 -3.831447 67.287566 0.349059 0.731990
Car -1 -1 0.732251 0.393054 387.069336 170.220032 463.199432 1.343280 1.855930 3.801536 -24.622282 -2.119355 60.039244 0.343066 0.614621
Car -1 -1 1.777732 1210.796509 182.534027 1268.347778 223.131927 1.221344 1.548952 4.237525 11.836678 -13.497146 100.154808 1.895371 0.534459
Car -1 -1 -1.476074 1574.059570 151.715439 1623.947388 192.613220 1.271526 1.796197 4.248437 28.207208 -14.761377 99.973105 -1.201074 0.603203
Car -1 -1 1.733932 1300.454956 167.083084 1350.317993 205.999557 1.277968 1.520941 4.239377 16.712356 -15.016936 106.089055 1.890180 0.476071
Car -1 -1 -1.166604 1392.337769 185.835312 1489.233276 235.161392 1.338324 1.831925 3.357509 17.970767 -11.049531 85.420901 -0.959248 0.439531
Car -1 -1 0.681166 60.061749 368.258270 221.393692 431.074158 1.174237 1.845482 3.442833 -24.684214 -3.047780 64.526827 0.315800 0.289550
Car -1 -1 1.705372 1361.507324 162.479248 1410.235962 203.871719 1.330599 1.474707 4.258112 19.156423 -14.766854 103.513850 1.888364 0.538849
Car -1 -1 0.740621 2.056259 350.338959 101.100868 418.000916 1.391846 1.874209 3.479886 -29.809961 -3.652214 68.948490 0.332540 0.137579
Car -1 -1 1.766255 1424.451416 159.888016 1478.172729 202.229141 1.217875 1.607096 4.027406 21.927401 -14.754109 102.380270 1.977243 0.373778
Car -1 -1 1.781584 1161.146484 158.278488 1210.945190 196.551605 1.494344 1.509621 4.261489 11.379486 -17.561130 120.673845 1.875606 0.404951
Car -1 -1 -1.616123 1817.744385 96.946327 1856.115112 127.476242 1.216266 1.787612 4.234710 52.552910 -23.591546 134.681905 -1.244093 0.291026
Car -1 -1 -1.500820 1597.505737 130.366425 1638.486450 166.421661 1.272728 1.726525 4.270151 33.310242 -18.200015 114.784079 -1.218379 0.498044
Car -1 -1 -1.534689 1618.118774 99.668228 1648.914795 127.537773 1.249902 1.734233 4.241375 44.254610 -25.993972 148.810423 -1.245629 0.216089
Car -1 -1 1.716101 1329.302734 155.969498 1370.297729 190.362900 1.220359 1.380337 4.252556 19.520223 -17.189974 116.148915 1.882607 0.326456
Car -1 -1 -1.563571 1710.389526 74.818260 1737.531494 97.101967 1.366744 1.801021 4.234238 59.992507 -33.035242 177.044848 -1.236860 0.122671
Car -1 -1 0.851009 35.186382 343.500305 155.533295 393.433868 1.077944 1.760018 3.074197 -29.596716 -4.560817 73.166093 0.466617 0.117031
