Car -1 -1 -1.685520 1164.724121 390.570679 1301.566284 519.670959 1.360153 1.776055 4.364116 4.206251 -1.116334 48.742051 -1.599438 2.184106
Car -1 -1 -1.483185 587.606323 699.367859 820.858093 932.975830 0.927435 1.742074 4.240880 -2.645446 2.668162 26.563347 -1.582448 2.314745
Car -1 -1 -1.438017 262.410400 626.804199 504.062531 845.847168 1.039774 1.738567 4.224638 -6.134326 2.124649 28.497452 -1.650041 3.308739
Car -1 -1 -1.580536 914.658325 388.623718 1024.458130 493.386169 1.151788 1.762318 4.258623 -0.414450 -1.539309 51.159133 -1.588637 1.633269
Car -1 -1 -1.546502 825.956543 228.237122 889.712891 290.867889 1.523516 1.914364 4.263737 -4.441712 -8.717223 92.663783 -1.594399 0.843368
Car -1 -1 -1.627813 1044.398682 212.969315 1099.359619 261.132996 1.318487 1.725381 4.235543 3.080365 -10.972809 105.919684 -1.598739 0.719238
Car -1 -1 -1.569815 954.237122 238.332520 1014.725342 298.429504 1.422776 1.640152 4.262994 -0.201263 -8.119239 89.000591 -1.572077 1.188438
Car -1 -1 -1.572969 996.225647 196.451355 1043.169800 235.654007 1.280651 1.765315 4.251812 1.261535 -13.524598 121.273895 -1.562567 0.674872
Car -1 -1 1.722232 450.570007 239.524292 529.164368 294.810944 1.255447 1.679495 4.258356 -16.098612 -8.270425 89.259338 1.543793 0.685536
Car -1 -1 -1.548546 860.135986 190.070374 906.511841 233.373917 1.487170 1.881526 4.275415 -4.662437 -13.549298 120.805971 -1.587122 0.544918
Car -1 -1 1.700754 495.981873 204.262253 565.164673 274.529877 1.880348 1.642158 4.568202 -16.440329 -9.890032 99.192352 1.536505 0.363609
Car -1 -1 -1.581503 948.622131 180.567841 988.600403 214.335159 1.276668 1.761775 4.255630 -1.062570 -15.876221 134.013441 -1.589432 0.597221
Car -1 -1 -1.586133 968.762268 152.989395 1001.227417 181.109360 1.399455 1.801263 4.254249 -0.359463 -22.418101 173.049768 -1.588210 0.304252
Car -1 -1 -1.555046 895.333496 151.016129 925.463501 177.860672 1.369900 1.801948 4.261063 -5.091380 -22.945424 176.281032 -1.583920 0.349265
