Car -1 -1 -1.632710 1015.276489 693.032227 1229.306885 905.043091 0.937650 1.791430 4.250312 1.250477 2.593198 28.825588 -1.589356 2.991097
Car -1 -1 -1.535972 829.999451 305.121246 915.812805 409.596588 1.749387 1.739266 4.643144 -2.777445 -4.110212 65.277605 -1.578494 0.794717
Car -1 -1 -1.395155 248.361526 823.981262 562.898865 1078.988037 1.126825 1.786691 4.241157 -4.903766 3.755646 23.785856 -1.598469 3.777789
Car -1 -1 -1.628721 1083.912842 334.084778 1178.079468 412.524658 1.177351 1.864625 4.277129 3.207820 -3.990576 64.836186 -1.579285 1.213813
Car -1 -1 1.404212 657.743896 288.299591 756.917480 361.135345 1.306857 1.803638 4.277558 -7.680878 -5.807873 73.982613 1.300763 0.740915
Car -1 -1 -1.597036 1040.688477 209.592789 1090.462524 252.775970 1.346806 1.783578 4.263059 2.990877 -12.901590 113.858191 -1.570774 0.622460
Car -1 -1 -1.615800 1049.103149 252.318085 1114.375977 308.094147 1.300445 1.822967 4.259319 2.824912 -8.433084 88.706418 -1.583965 1.234256
Car -1 -1 -1.547782 875.371521 167.844971 913.926697 209.064529 1.607120 1.760543 4.270282 -4.932956 -17.881571 139.602160 -1.583103 0.583251
Car -1 -1 -1.562717 940.661194 189.652176 982.364380 228.723343 1.367836 1.741996 4.248018 -1.438328 -15.340832 126.357642 -1.574099 0.828708
Car -1 -1 -1.595287 1018.959839 186.588120 1061.702026 226.495331 1.354207 1.763268 4.259554 2.226553 -15.828616 129.344799 -1.578075 0.605333
Car -1 -1 -1.562208 936.317383 146.253403 967.363098 174.548782 1.481859 1.696343 4.261384 -2.580439 -24.408399 174.970122 -1.576955 0.381509
Car -1 -1 -1.575496 982.270020 134.835846 1010.405151 159.867142 1.470620 1.805524 4.250543 0.250284 -28.571479 197.937123 -1.574232 0.321925
Car -1 -1 1.640227 727.212585 220.363052 787.208862 277.058746 1.549283 1.695471 4.252172 -8.417846 -10.415544 98.925418 1.555339 0.920191
Car -1 -1 -1.586960 1000.497437 150.725876 1034.237427 184.245804 1.603855 1.805000 4.252368 1.480599 -22.305996 163.731549 -1.577917 0.297963
Car -1 -1 -1.618430 1091.747192 139.783646 1123.052246 168.345505 1.565347 1.896347 4.260415 7.764382 -26.659289 188.167808 -1.577190 0.167408
