Car -1 -1 -1.552759 830.717712 481.987671 971.348816 634.392334 0.919699 1.688417 4.250853 -0.808336 -0.005862 30.257834 -1.579467 2.956979
Car -1 -1 2.859344 1475.819458 217.009186 1629.230591 272.684875 1.332111 1.841239 4.039226 19.356545 -9.907705 71.362263 3.124214 0.490053
Car -1 -1 2.733782 1700.074219 196.293335 1889.511475 290.512390 2.224896 2.030997 4.550496 26.146203 -9.106725 68.574932 3.098046 1.833994
Car -1 -1 2.885135 1418.098145 223.756729 1590.261475 283.529388 1.301830 1.859716 4.498110 16.835663 -9.106739 67.706061 3.128850 1.773121
Car -1 -1 0.884472 1808.235596 240.351883 1918.897705 352.231476 1.913690 1.744635 4.940639 24.962626 -6.317567 57.465679 1.294270 0.881298
Car -1 -1 1.597465 810.241394 157.267685 857.617615 201.721283 1.345192 1.728791 4.303287 -5.592613 -16.101049 95.261735 1.538824 0.954903
Car -1 -1 0.363280 0.037027 261.797180 96.736504 337.874237 1.393777 1.842470 3.806581 -24.307443 -6.152977 55.056513 -0.052483 0.613709
Car -1 -1 -1.939477 1727.121704 156.719360 1803.922119 196.084305 1.212527 1.577181 4.282654 36.414786 -16.937754 98.865021 -1.586568 0.519246
Car -1 -1 -2.706280 1072.247559 166.106842 1166.440186 210.421844 1.407229 1.898618 3.369646 6.615682 -15.075160 91.509739 -2.634111 0.547699
Car -1 -1 -1.951055 1791.160278 148.764877 1869.547607 190.884766 1.362547 1.359047 4.259421 39.282840 -17.085086 98.609213 -1.571955 0.453442
Car -1 -1 -1.902180 1656.027344 154.791000 1738.129150 197.348526 1.374206 1.860550 4.275077 33.177799 -16.734960 98.158384 -1.576233 0.622023
Car -1 -1 -1.690374 989.609863 146.246826 1044.451050 186.165726 1.435561 1.802792 4.253351 2.602635 -18.684048 106.616199 -1.665968 0.322421
Car -1 -1 1.617211 828.735657 139.906616 869.698547 178.291824 1.395805 1.696139 4.289526 -5.654780 -19.607648 109.779087 1.565746 0.443923
Car -1 -1 2.713101 1881.301514 136.425186 1919.455444 165.191528 1.098216 1.865497 2.821550 52.135209 -21.703447 118.331163 3.128100 0.114650
Car -1 -1 -0.254434 1027.755981 106.803955 1092.875610 133.658020 1.486240 1.847350 3.902655 6.595143 -29.114222 148.039654 -0.209913 0.070737
