Car -1 -1 1.875864 153.101334 263.174347 255.084351 329.362091 1.299141 1.405935 4.219671 -21.753019 -6.923853 64.803772 1.552007 1.725658
Car -1 -1 -1.644548 940.981201 776.561279 1183.702148 1055.139526 0.677269 1.792260 4.415458 0.991422 3.255839 20.528147 -1.596290 3.796509
Car -1 -1 1.810359 319.018555 251.409683 408.268951 316.070129 1.334360 1.526410 4.228885 -17.867120 -7.638009 67.920625 1.553128 0.942072
Car -1 -1 1.785700 380.781616 217.416443 463.524261 280.744476 1.592716 1.692286 4.225082 -18.171141 -9.743163 76.893008 1.553640 1.079251
Car -1 -1 -1.466815 472.271667 834.155029 784.935669 1079.338745 0.840376 1.934554 4.353750 -2.604833 3.889165 19.541483 -1.599332 2.360065
Car -1 -1 1.922446 72.020180 257.250031 175.396500 323.038727 1.303113 1.406675 4.226748 -25.152477 -7.454939 67.572482 1.566106 1.417323
Car -1 -1 1.741368 492.968750 185.887970 550.876709 231.254364 1.504246 1.538122 4.231184 -18.116950 -13.864583 94.754049 1.552448 0.745260
Car -1 -1 1.766731 437.482788 199.730118 506.254150 256.227997 1.574881 1.514831 4.278504 -18.088464 -11.590410 84.766356 1.556492 0.654800
Car -1 -1 1.834136 264.326965 233.603439 344.259735 291.082886 1.316178 1.393393 4.234754 -21.740092 -9.177511 74.860111 1.551501 0.978259
Car -1 -1 1.865652 170.709137 217.448380 263.838806 281.105591 1.546430 1.656225 4.455933 -25.271863 -9.716944 76.643857 1.547147 0.720076
Car -1 -1 -1.584977 935.363525 171.981567 976.838013 208.295319 1.327773 1.836342 4.234430 0.781580 -16.879422 108.198038 -1.577753 0.729630
Car -1 -1 1.778350 428.430847 175.409103 492.681366 221.654800 1.511265 1.788195 4.255262 -22.144642 -15.262845 101.037357 1.562589 0.685911
Car -1 -1 1.811929 319.524353 205.064423 398.747528 261.214355 1.523815 1.704259 4.223907 -21.797857 -11.062199 82.152778 1.552572 0.985101
Car -1 -1 1.826229 300.789429 187.427719 369.990875 236.117126 1.523255 1.643899 4.254545 -26.056757 -13.690500 94.441623 1.557023 0.574441
Car -1 -1 1.833771 258.469086 209.747940 328.540466 257.641846 1.320732 1.473622 4.236599 -25.475282 -11.738427 86.430438 1.547139 0.715581
Car -1 -1 1.692447 643.029968 157.961884 687.459717 193.273483 1.419950 1.651514 4.243290 -14.570828 -18.797431 115.803236 1.567280 0.534963
Car -1 -1 1.724292 522.409119 173.957993 578.254517 216.642517 1.453230 1.609181 4.226974 -18.467108 -15.875487 103.643885 1.547964 0.591728
Car -1 -1 1.696728 572.638855 134.554413 614.959778 168.959213 1.690155 1.820556 4.274680 -21.693664 -23.589821 137.012610 1.539698 0.326700
Car -1 -1 1.717800 540.635193 149.193878 584.410767 182.259338 1.411864 1.685700 4.252597 -21.599338 -20.828182 124.810441 1.546441 0.336750
Car -1 -1 1.667525 662.530457 134.635590 698.151123 165.807343 1.560485 1.730331 4.250453 -16.280511 -23.641633 136.984706 1.549231 0.155802
Car -1 -1 1.745631 488.875305 167.723160 538.005371 199.296188 1.326506 1.529549 4.238719 -21.394059 -17.338039 109.368852 1.552457 0.343071
