Car -1 -1 1.861840 162.705582 240.455780 266.768188 327.550171 1.807476 1.409289 4.534669 -21.616077 -7.100109 65.437233 1.542792 0.897965
Car -1 -1 1.744503 493.460327 181.103836 554.626221 232.461517 1.555327 1.720351 4.259312 -18.201650 -14.048296 95.709078 1.556570 0.698811
Car -1 -1 1.830432 289.478699 225.750061 391.667267 323.252777 2.041422 1.429033 5.079969 -18.085535 -7.352340 66.267961 1.564005 0.667122
Car -1 -1 1.782912 433.485718 210.178864 502.718628 262.986542 1.319099 1.458958 4.236610 -17.717853 -11.044235 82.188270 1.570585 1.012521
Car -1 -1 1.804898 378.183960 227.797760 455.566742 288.366058 1.413230 1.422239 4.240120 -17.811742 -9.253997 74.688627 1.570790 1.196975
Car -1 -1 1.910155 21.458576 242.737595 143.596497 331.067169 1.806430 1.428384 4.678909 -25.330214 -6.940188 64.731549 1.537161 0.957318
Car -1 -1 -1.847722 1465.170288 253.177063 1545.905640 317.988953 1.422604 1.249491 4.230777 17.982917 -7.764169 69.771930 -1.595473 0.426849
Car -1 -1 1.781589 433.707977 180.450500 491.272461 224.032578 1.345684 1.585154 4.227926 -21.545023 -14.782264 98.525383 1.566303 0.764387
Car -1 -1 1.803034 385.351227 198.213409 453.455261 243.371399 1.238510 1.515282 4.246162 -20.755344 -12.370978 87.280052 1.569568 0.836395
Car -1 -1 1.687341 552.211487 159.976807 592.996704 193.380844 1.293474 1.509334 4.240955 -20.207788 -19.561362 120.367550 1.521008 0.574033
Car -1 -1 1.843642 252.703857 234.225571 337.139252 294.510193 1.380986 1.339805 4.261851 -20.926927 -8.583434 70.945568 1.556805 0.937235
Car -1 -1 1.643164 665.175171 116.443604 693.681213 138.707001 1.488272 1.826596 4.250688 -21.709183 -33.671195 182.151831 1.524542 0.166800
Car -1 -1 1.872211 133.882248 236.752243 232.755432 302.197449 1.471242 1.330898 4.261141 -24.562382 -8.454160 71.573179 1.541626 0.610881
Car -1 -1 1.832506 318.408325 211.658340 394.932465 262.280304 1.400132 1.537895 4.361537 -21.656390 -10.844145 81.231269 1.571965 0.249995
