Car -1 -1 0.047281 735.420898 457.288910 1035.428589 574.580933 1.346738 1.849551 4.394851 -1.705005 -0.286464 44.334129 0.008842 4.819024
Car -1 -1 3.100312 1028.026733 399.412018 1290.075928 497.037109 1.382172 1.851247 4.528743 3.091434 -1.618522 51.632494 -3.123071 3.752378
Car -1 -1 -3.041839 590.124023 369.811432 840.574036 497.095825 1.756307 1.872754 4.028645 -5.205394 -1.714536 51.903969 3.141391 2.920711
Car -1 -1 -1.501653 649.575867 809.566162 887.111816 1054.417236 0.667883 1.655499 4.256332 -1.872475 3.200380 24.222326 -1.578803 4.328236
Car -1 -1 0.154085 348.999207 415.811432 638.968018 530.819153 1.491900 1.847385 4.489590 -8.587675 -0.989112 47.977174 -0.023034 4.754424
Car -1 -1 -1.645530 1056.407593 749.505615 1293.219116 999.284241 0.905114 1.727064 4.244441 1.586960 2.967231 25.538626 -1.583470 3.127772
Car -1 -1 -1.769278 1351.916260 666.789978 1687.948853 1022.740601 1.577298 1.789575 5.120086 4.654854 2.953281 25.355873 -1.587718 2.457079
Car -1 -1 1.696177 524.310608 271.054443 620.019531 377.161133 2.024306 1.757262 4.312818 -10.839333 -5.269651 71.496381 1.545716 1.030600
Car -1 -1 -1.121950 857.386108 304.103943 984.769592 375.552887 1.199791 1.461850 3.888327 -1.850106 -5.212705 71.010823 -1.147998 0.442464
Car -1 -1 0.314746 0.000000 443.035370 202.545639 585.521851 1.644758 1.837651 4.316883 -15.073647 -0.165620 43.916981 -0.015886 0.977694
Car -1 -1 -2.882941 19.003767 400.861938 269.992004 502.156036 1.367627 1.839614 3.950476 -15.852395 -1.545732 51.466934 3.101454 1.766041
Car -1 -1 -1.421482 220.321823 827.379883 525.369568 1078.375366 1.014814 1.751198 4.249025 -5.143578 3.664323 23.609105 -1.635995 2.501423
Car -1 -1 1.781947 271.208344 306.003510 381.600922 382.205597 1.295002 1.661346 4.250957 -16.888818 -5.009852 70.233758 1.545962 1.200598
Car -1 -1 1.752544 407.511719 294.790161 496.691010 369.823456 1.373463 1.390870 4.241019 -14.133710 -5.462405 72.511826 1.560041 1.145225
Car -1 -1 -1.447191 972.670166 254.590179 1046.143555 310.491425 1.245675 1.766945 4.269109 0.575965 -8.272965 87.281323 -1.440593 1.017659
Car -1 -1 1.775470 330.255280 284.013031 415.278381 349.119904 1.254269 1.383005 4.244945 -17.390470 -6.357297 77.658964 1.555170 1.221204
Car -1 -1 1.495392 661.085449 301.300781 754.939514 375.244507 1.271320 1.942233 4.263972 -7.346833 -5.222698 71.032676 1.392329 0.875459
Car -1 -1 -1.570939 1020.752319 221.137726 1073.298218 267.122437 1.286540 1.806553 4.257271 2.080384 -11.289954 104.059969 -1.550950 0.856563
Car -1 -1 1.650615 674.445862 262.138031 754.206116 329.659332 1.379615 1.821309 4.254309 -8.086206 -7.129105 80.552455 1.550566 1.331291
Car -1 -1 0.107205 0.000000 422.773163 177.848404 518.887512 1.407922 1.807798 3.987806 -16.779244 -1.073758 48.679510 -0.224730 0.543871
Car -1 -1 1.656244 715.198853 252.084381 775.727356 308.974426 1.279517 1.510845 4.259453 -7.762844 -8.296498 87.361485 1.567618 0.980753
Car -1 -1 1.694258 557.979675 274.138153 637.996826 343.444458 1.500055 1.532607 4.229006 -11.256620 -6.585247 78.644221 1.552090 0.529848
Car -1 -1 -1.613678 1091.984131 140.004639 1123.918823 169.351974 1.557410 1.958066 4.249611 7.651595 -25.656029 181.654705 -1.571581 0.158275
