Car -1 -1 3.117772 663.968201 363.434326 886.151428 466.638947 1.431933 1.842196 4.091274 -3.383563 -2.241130 44.759822 3.042322 3.944141
Car -1 -1 0.332707 1.887682 376.818237 207.805695 512.583008 1.759303 1.857947 3.972914 -15.693041 -1.244944 39.597070 -0.044622 1.513162
Car -1 -1 -1.641533 947.733032 789.492004 1188.539185 1061.545532 0.614396 1.755518 4.328263 1.049564 3.256795 20.187615 -1.589589 3.982277
Car -1 -1 -1.856993 1365.609619 764.359985 1721.210815 1067.672485 0.804594 1.721085 4.617538 5.328943 3.243753 20.113470 -1.597999 3.790480
Car -1 -1 1.877012 166.487518 249.325714 270.350311 325.141541 1.596364 1.537885 4.297735 -21.778494 -7.207831 66.202024 1.559194 1.162151
Car -1 -1 1.804051 367.196411 230.167725 441.879547 289.796539 1.409202 1.351581 4.233021 -18.325211 -9.208978 74.823559 1.563867 1.191817
Car -1 -1 1.822116 284.811523 254.618484 383.613678 322.169464 1.368348 1.610197 4.246745 -18.389152 -7.338528 66.605405 1.552736 1.330207
Car -1 -1 1.827524 258.587372 226.701370 340.087494 286.624268 1.446918 1.489185 4.241010 -22.163322 -9.431827 75.877375 1.543336 1.081248
Car -1 -1 1.930413 53.385979 260.405487 157.505432 324.607666 1.326276 1.264223 4.195138 -25.320834 -7.218131 66.474121 1.566469 1.432596
Car -1 -1 1.767532 418.213562 205.474640 490.251404 259.227448 1.471644 1.662569 4.232497 -18.391343 -11.201273 82.811081 1.548991 0.990864
Car -1 -1 1.761914 465.312195 178.485565 532.134766 240.692749 1.925817 1.613304 4.613801 -17.875861 -12.716397 89.099120 1.563914 0.448876
Car -1 -1 1.898629 139.628021 236.631256 224.183273 298.984314 1.464180 1.049923 4.215780 -25.251693 -8.697494 73.017426 1.565673 0.815423
Car -1 -1 1.806870 339.272766 209.034546 410.024567 260.925110 1.363230 1.517281 4.231750 -21.971780 -11.483785 84.988250 1.553881 0.867278
Car -1 -1 1.779662 409.824829 164.906586 465.146362 202.253967 1.376696 1.593500 4.247567 -25.155049 -17.357006 109.487623 1.553829 0.628035
Car -1 -1 1.740679 514.103210 179.657028 570.387451 221.572617 1.384311 1.565994 4.242217 -17.978668 -14.873931 98.776753 1.560636 0.692162
Car -1 -1 1.735898 537.623535 173.072037 586.447266 211.449173 1.332037 1.513632 4.228309 -18.261867 -16.351546 105.538046 1.564559 0.510869
Car -1 -1 1.870963 222.379837 210.209198 292.672150 261.151703 1.366943 1.217072 4.245164 -25.587360 -11.020182 82.160679 1.569052 0.693592
Car -1 -1 1.711153 569.927429 161.488770 615.127197 197.214737 1.375008 1.654939 4.240547 -18.217876 -18.394593 114.517441 1.553391 0.626124
Car -1 -1 1.734295 545.121826 138.226700 586.780457 171.769867 1.549088 1.718013 4.236839 -23.276069 -23.236356 135.806019 1.564552 0.274847
Car -1 -1 1.758521 466.034119 170.106934 518.827271 209.096069 1.413339 1.598185 4.225946 -22.621176 -17.227377 110.540109 1.556666 0.421114
Car -1 -1 1.855527 282.230408 204.047668 346.485016 244.042984 1.257738 1.338379 4.242283 -25.233099 -12.330950 88.280948 1.577123 0.572642
Car -1 -1 1.806151 379.272491 195.711075 436.408386 233.541138 1.159375 1.319708 4.239679 -22.621321 -13.492052 93.084302 1.567753 0.581290
Car -1 -1 1.677715 652.669189 129.140488 686.468384 159.070297 1.572567 1.711418 4.237952 -18.650231 -26.550669 150.375821 1.554321 0.265687
