Car -1 -1 0.619293 1017.255249 364.631622 1269.854736 497.483368 1.706643 1.933062 4.259301 2.833876 -1.820810 52.438935 0.673282 2.475371
Car -1 -1 -1.517432 694.789795 741.989136 917.059692 976.705933 0.854897 1.777665 4.253623 -1.678816 2.885513 26.226730 -1.581356 3.241968
Car -1 -1 -1.654031 1033.731812 783.838440 1266.889282 1023.393066 0.748030 1.605580 4.266031 1.325413 3.075957 24.877935 -1.600805 2.250802
Car -1 -1 1.787122 202.335541 404.814392 351.705719 511.977692 1.155891 1.550443 4.287725 -12.748142 -1.486075 49.533878 1.535227 2.358963
Car -1 -1 -1.794563 1363.282715 840.993408 1712.778076 1079.329712 0.979701 1.872117 4.253887 4.520186 3.735697 23.627572 -1.605537 4.133880
Car -1 -1 -1.605112 1047.606689 244.613861 1108.771851 300.609833 1.304261 1.764662 4.250483 2.814086 -8.909997 91.101436 -1.574233 1.084796
Car -1 -1 1.649795 664.305420 293.966797 744.435242 365.822449 1.289318 1.672049 4.255819 -7.552025 -5.573267 72.787609 1.546411 1.279351
Car -1 -1 -1.591934 1034.649536 194.285583 1079.684937 232.722336 1.266340 1.768988 4.244155 2.882030 -14.896817 123.903233 -1.568678 0.586868
Car -1 -1 -1.561755 930.957214 137.679657 960.783081 162.622437 1.402458 1.878114 4.231698 -3.222196 -27.523932 191.941446 -1.578541 0.377448
Car -1 -1 -1.633396 1158.101440 174.885788 1202.167358 212.065475 1.400856 1.728018 4.230247 9.359405 -17.624290 138.686178 -1.566012 0.349075
Car -1 -1 1.635409 691.266418 260.742340 757.587524 321.979858 1.334719 1.690962 4.246915 -8.079813 -7.586566 83.645562 1.539112 0.636488
Car -1 -1 1.635680 762.377625 193.510559 809.382446 236.665039 1.310695 1.566398 4.233899 -8.834745 -14.155002 118.713080 1.561396 0.240363
