Car -1 -1 -1.522349 760.773987 483.176849 896.851562 624.431335 1.217071 1.793433 4.248366 -2.399817 0.226556 41.375330 -1.580285 2.391851
Car -1 -1 -1.524550 820.123474 376.466919 928.487305 482.221039 1.347518 1.858742 4.249540 -2.263290 -2.109461 53.811322 -1.566585 1.533205
Car -1 -1 -1.679391 1167.818359 510.738007 1315.281494 641.449463 0.991030 1.620974 4.295326 3.581468 0.434700 40.373681 -1.590914 1.808631
Car -1 -1 -1.508656 655.304810 770.548828 883.453735 1021.629578 0.882197 1.729349 4.224163 -1.956201 3.138083 25.395884 -1.585532 2.449594
Car -1 -1 -1.639924 1103.239868 361.074036 1199.467407 447.356293 1.170571 1.708857 4.247384 3.376604 -2.988986 59.441227 -1.583179 1.461025
Car -1 -1 -1.647105 1027.433228 756.128418 1256.506714 981.902100 0.788838 1.753842 4.250748 1.347618 2.987048 26.645376 -1.596572 2.391324
Car -1 -1 -1.589823 971.218933 369.605408 1074.455566 460.647583 1.175491 1.848234 4.267129 0.610664 -2.667518 57.713669 -1.579243 1.317075
Car -1 -1 1.652856 648.540771 300.104797 731.577332 380.389771 1.399466 1.600111 4.249464 -7.586581 -5.020996 69.758430 1.544527 1.355969
Car -1 -1 -1.510212 897.282654 295.229584 975.062134 377.766602 1.515039 1.674479 4.375702 -1.393494 -5.088218 70.206784 -1.530058 0.859093
Car -1 -1 -1.378111 195.079788 851.734375 534.366089 1078.351807 1.003778 1.798671 4.250663 -5.043153 3.777646 22.927048 -1.594628 3.249883
Car -1 -1 -1.575649 955.135376 240.814331 1018.601501 305.409729 1.519374 1.895073 4.255049 -0.178309 -8.734567 90.435373 -1.577620 0.952950
Car -1 -1 -1.611766 1065.105957 258.958832 1135.486938 327.475616 1.537168 1.857928 4.258773 3.223335 -7.392366 83.282553 -1.573081 1.271782
Car -1 -1 -1.593758 1030.947998 217.687454 1087.423950 270.706879 1.507696 1.913203 4.236933 2.492106 -11.006342 102.451591 -1.569438 0.815147
Car -1 -1 -1.567424 945.813049 204.744263 996.205261 251.993851 1.443781 1.859450 4.248554 -0.840646 -12.640464 111.216486 -1.574983 0.797964
Car -1 -1 1.859963 132.744690 259.856995 232.913101 318.858582 1.282634 1.639821 4.257927 -25.302759 -7.956476 86.539378 1.575508 1.163499
Car -1 -1 -1.548509 881.434570 182.612381 922.283875 220.270462 1.353449 1.708395 4.238146 -4.303065 -16.312015 131.277340 -1.581276 0.617401
Car -1 -1 1.667940 627.558105 222.003296 687.173218 272.726715 1.329358 1.662750 4.254872 -12.125169 -10.736047 100.254395 1.547581 0.834331
Car -1 -1 -1.861919 1419.647583 925.704773 1855.431396 1080.000000 1.022809 2.051140 4.222890 4.856709 4.267876 21.460517 -1.639359 3.362667
Car -1 -1 -1.592690 1015.201660 190.869644 1057.835205 230.091202 1.335472 1.692440 4.245821 1.951013 -15.165983 125.185793 -1.577107 0.598114
Car -1 -1 -1.557433 935.446960 154.800308 971.601501 193.170166 1.669534 1.815347 4.279687 -2.143624 -20.261995 152.282393 -1.571509 0.340097
Car -1 -1 -1.548495 867.924500 168.483093 904.598511 201.761398 1.460411 1.674774 4.230958 -5.540241 -18.628117 143.190449 -1.587167 0.494494
Car -1 -1 1.602500 796.677734 132.842819 827.736206 160.285446 1.536397 1.815924 4.257450 -12.185841 -27.141318 188.084962 1.537802 0.227246
Car -1 -1 1.621154 759.327454 132.417297 790.757690 157.017990 1.411870 1.806087 4.219275 -15.771028 -29.294629 201.161601 1.542914 0.116238
