Car -1 -1 0.173673 716.545654 292.251831 959.314697 399.720764 1.530540 1.876869 4.321857 -2.323213 -3.831300 43.972463 0.120888 4.037455
Car -1 -1 0.320868 0.000000 282.601959 201.450333 369.696594 1.384534 1.857566 4.071576 -18.935584 -4.690123 47.675190 -0.057204 1.607995
Car -1 -1 -1.597689 847.233948 694.152344 1071.081787 940.807739 0.687710 1.754304 4.251661 -0.009936 2.297072 20.962160 -1.598163 2.974036
Car -1 -1 -0.377208 1693.488403 274.687134 1917.947266 354.857239 1.339153 1.869247 4.126455 19.561887 -5.238900 50.175488 -0.005465 2.566371
Car -1 -1 0.296830 137.258926 259.614624 353.389709 336.145782 1.385637 1.851220 4.102371 -17.047372 -5.904083 52.767748 -0.015650 3.294314
Car -1 -1 2.782318 1554.756226 166.406128 1703.722778 223.161728 1.658461 1.879752 4.415817 24.510922 -12.617482 79.521123 3.081310 1.143612
Car -1 -1 2.731324 1679.419922 193.335449 1849.903687 249.642807 1.444089 1.869384 4.253873 25.756186 -10.243757 69.487190 3.086285 1.720015
Car -1 -1 1.715144 577.943970 116.685448 634.727173 176.461227 2.154606 1.789167 4.804197 -16.411297 -18.462913 102.838429 1.556895 0.239261
Car -1 -1 1.653303 716.980835 135.343872 763.244934 172.463318 1.286372 1.726240 4.257006 -10.287196 -18.881429 104.398393 1.555082 0.742937
Car -1 -1 2.725544 1656.008057 167.572525 1813.251099 230.084106 1.725231 1.888427 4.362865 27.326523 -11.937983 76.584681 3.068276 0.646488
Car -1 -1 1.677452 656.325439 136.014832 705.258484 173.191238 1.281794 1.750959 4.258926 -12.857195 -18.481301 102.595761 1.552783 0.682673
Car -1 -1 1.656595 740.806213 116.138718 783.216858 158.557877 1.694405 1.759855 4.261414 -9.901365 -20.826726 111.883920 1.568328 0.518452
Car -1 -1 2.671626 1853.117310 173.965271 1916.199707 228.580841 1.574542 1.824369 3.354738 34.197480 -12.164779 77.867095 3.085444 0.214648
Car -1 -1 1.636023 757.070007 84.560425 784.699707 109.039284 1.370041 1.683044 4.263137 -14.268065 -35.139688 169.727008 1.552155 0.346683
Car -1 -1 -1.597355 1019.823425 69.960823 1045.070435 94.035301 1.747907 1.915593 4.278121 7.218856 -42.930920 201.254334 -1.561501 0.156565
Car -1 -1 -1.585040 911.809814 76.879585 937.622742 104.024879 1.686609 1.842827 4.302749 -2.458263 -36.994330 176.828821 -1.598941 0.150506
Car -1 -1 -1.657915 1050.642944 101.421677 1085.027832 128.295853 1.360327 1.838861 4.249442 7.705952 -29.588249 148.739651 -1.606153 0.221509
Car -1 -1 -1.550744 874.343445 71.429993 896.325134 93.639214 1.508251 1.766528 4.259292 -6.095902 -40.670528 190.524309 -1.582729 0.191908
Car -1 -1 2.834681 1542.253418 161.729706 1673.173950 201.271439 1.596404 1.869118 4.364637 24.925554 -13.497136 82.757971 3.127225 0.412994
