Car -1 -1 -2.844821 0.000000 186.749405 120.626137 237.588959 1.377346 1.857048 4.765978 -31.312022 -11.342047 74.472919 3.040355 0.731356
Car -1 -1 2.987998 1164.255859 178.718613 1332.731812 242.165146 1.659128 1.950495 4.807252 9.631547 -10.860272 71.967486 3.121039 2.163639
Car -1 -1 -2.890353 290.662262 159.304764 472.802612 238.646988 2.111233 2.133278 5.150331 -19.538678 -11.453930 74.786615 3.137285 1.585700
Car -1 -1 2.785294 1501.120972 187.150146 1655.788452 253.658096 1.655970 1.888899 3.857116 19.611041 -10.013301 68.585241 3.063799 2.043565
Car -1 -1 2.678779 1818.794312 184.144531 1917.801880 250.542114 1.682708 1.923018 4.494758 29.945209 -10.040763 68.268258 3.092146 0.760650
Car -1 -1 1.695454 653.576599 131.811722 703.522888 172.678314 1.440580 1.732943 4.260920 -13.174368 -18.833999 104.254316 1.569752 0.709851
Car -1 -1 1.664513 718.655273 126.737328 766.809753 171.020569 1.593357 1.778500 4.250185 -10.131329 -18.928352 104.416520 1.567787 0.682554
Car -1 -1 1.735459 586.508850 134.144272 638.841187 174.665741 1.397878 1.635897 4.252512 -15.917967 -18.266711 101.642198 1.580113 0.603695
Car -1 -1 -2.964818 1465.311401 148.974777 1580.707031 193.772278 1.417852 1.862308 4.385156 24.680481 -16.278155 94.715277 -2.709911 0.749572
Car -1 -1 2.675809 153.099945 114.752823 247.099442 149.900070 1.404881 1.826230 3.836161 -40.970683 -22.426419 117.916107 2.341402 0.221341
Car -1 -1 1.702962 686.702698 122.363724 727.995300 157.102463 1.380065 1.490275 4.247719 -13.079893 -21.508244 115.120461 1.589828 0.603592
Car -1 -1 1.672939 750.087463 124.433632 789.410339 159.606323 1.417865 1.440854 4.250005 -9.313479 -20.429499 110.278347 1.588685 0.444541
Car -1 -1 1.672893 748.966736 92.951698 780.453613 119.894478 1.416078 1.734442 4.256922 -13.554776 -31.516543 155.674477 1.586041 0.307695
Car -1 -1 1.694963 612.628357 128.662048 652.608643 164.435379 1.258315 1.466555 4.240073 -16.674078 -20.727814 112.290871 1.547550 0.504731
Car -1 -1 -1.659069 1034.777832 96.506050 1068.177856 124.804329 1.531007 1.978885 4.308958 6.664125 -30.096654 150.442820 -1.614801 0.151052
