Car -1 -1 -1.431950 615.568420 459.348236 779.414612 609.153137 0.868855 1.479904 4.264953 -3.477098 -0.329972 30.101807 -1.546952 2.666790
Car -1 -1 -2.720258 336.007843 368.091827 634.544556 489.276306 1.227699 1.906938 4.310535 -7.797277 -1.936196 36.358076 -2.931516 4.698556
Car -1 -1 -2.255425 247.218079 179.059402 396.289551 255.005859 1.806332 1.813330 4.717798 -20.563876 -10.345743 70.436967 -2.539477 1.045277
Car -1 -1 0.120634 1143.993774 209.691254 1345.170044 306.424438 1.908961 2.002091 4.630872 7.632521 -7.237980 57.614256 0.252343 2.725389
Car -1 -1 1.976112 0.000000 449.815735 153.844757 633.336609 1.168145 2.032212 4.422901 -12.976353 -0.103501 29.714287 1.564370 2.868793
Car -1 -1 0.960092 874.306213 178.300125 989.881775 246.237350 1.557985 1.723424 3.987551 -0.769926 -10.721458 71.123096 0.949267 0.354383
Car -1 -1 2.752091 1628.254761 186.677704 1808.653687 250.678818 1.554566 1.890672 4.516130 23.812863 -10.055608 68.286226 3.087626 2.001671
Car -1 -1 2.792293 1510.327637 171.749298 1652.980469 221.531815 1.404179 1.860631 4.252174 22.748140 -12.602057 79.061031 3.072455 0.848946
Car -1 -1 -1.602325 928.429932 133.174744 972.387817 181.634232 1.593685 1.628210 4.341863 -0.266864 -17.943045 101.056394 -1.604966 0.483378
Car -1 -1 2.624024 1832.719238 189.369080 1918.365234 240.798752 1.325900 1.841870 4.099618 30.572256 -10.566137 70.235613 3.034570 0.490898
Car -1 -1 2.744958 1590.197388 176.730515 1726.440796 232.220581 1.442610 1.855437 3.717958 24.013271 -11.644151 74.749944 3.055793 0.286543
Car -1 -1 0.737804 758.890198 131.080872 850.872803 172.967087 1.522366 1.842415 4.101741 -6.878144 -18.485782 102.520056 0.670813 0.314320
Car -1 -1 -2.318537 1171.420044 130.098099 1263.942017 178.711212 1.826500 1.775836 4.318139 12.743717 -18.849648 105.940563 -2.198821 0.315335
Car -1 -1 2.721493 1719.436279 163.480957 1849.579468 202.025436 1.144629 1.826736 4.048652 32.258609 -14.267860 85.016241 3.084151 0.355049
Car -1 -1 1.492534 739.007568 127.140289 786.218994 162.807022 1.330773 1.637572 4.258625 -9.535573 -20.160812 109.187755 1.405424 0.504624
Car -1 -1 -1.553831 866.124573 74.873970 892.457642 98.962738 1.443833 1.740315 4.290243 -6.115762 -37.497962 177.591477 -1.588254 0.285362
Car -1 -1 -1.582634 896.846985 96.925697 927.443909 125.799522 1.455078 1.838778 4.240280 -2.931792 -29.795398 148.741983 -1.602342 0.236911
Car -1 -1 -1.594482 911.310242 77.194130 935.631958 99.623390 1.452663 1.769411 4.264369 -2.395245 -36.185427 171.939279 -1.608411 0.191460
Car -1 -1 -1.614624 1022.371521 72.673897 1047.982178 96.427910 1.677978 1.975584 4.248971 7.216459 -41.592239 195.892873 -1.577802 0.130856
