Car -1 -1 2.907209 1166.546265 355.441528 1422.319336 467.733368 1.638560 1.906734 4.490884 7.236831 -2.235367 45.195775 3.065983 4.214535
Car -1 -1 3.067093 679.343140 365.136566 918.043579 473.039978 1.478598 1.861890 4.311693 -2.842439 -2.064023 43.492406 3.001831 4.419060
Car -1 -1 0.331524 0.924574 396.383514 179.216782 520.142578 1.472638 1.856717 4.252387 -16.086663 -1.102449 38.528165 -0.064002 1.434513
Car -1 -1 1.837798 296.606049 244.324921 397.579376 323.903748 1.662644 1.584209 4.541280 -17.770093 -7.208472 65.769493 1.573911 0.868546
Car -1 -1 3.053062 897.711060 341.164703 1144.269653 427.943634 1.395642 1.915723 4.957005 1.721731 -3.130264 48.441733 3.088589 2.998648
Car -1 -1 1.887708 160.526993 256.652771 265.552948 323.423126 1.314458 1.458868 4.272507 -22.029985 -7.298217 66.469820 1.567673 1.336669
Car -1 -1 -1.668190 972.953064 827.616699 1282.363770 1079.127563 1.218411 1.896592 4.333450 1.388718 4.060905 18.612509 -1.593715 2.490514
Car -1 -1 1.783835 385.657990 208.924591 472.878784 282.744263 1.839329 1.849119 4.494129 -17.728436 -9.613898 76.097032 1.554947 0.834728
Car -1 -1 1.810526 350.120758 175.138824 430.875946 245.656738 2.234855 1.781883 4.959095 -22.449051 -12.631708 89.413509 1.564541 0.361413
Car -1 -1 1.895958 132.105957 237.792603 227.962402 298.555084 1.361302 1.369960 4.227136 -25.370427 -8.728834 73.030234 1.561605 1.017790
Car -1 -1 0.270123 0.579671 356.618225 168.508255 458.179443 1.335843 1.840322 3.950088 -17.642628 -2.356055 43.367642 -0.116245 0.785859
Car -1 -1 1.946157 37.262985 258.830933 135.807220 326.146515 1.371166 1.249266 3.922785 -25.660205 -7.113398 65.857210 1.574618 0.323370
Car -1 -1 1.853777 251.099762 228.663483 333.195831 286.393799 1.385285 1.423646 4.235057 -22.449852 -9.429901 75.899933 1.566194 1.033829
Car -1 -1 1.729476 563.120911 147.297882 613.029358 195.276840 1.920234 1.575460 4.594913 -18.520780 -18.669356 115.218873 1.570095 0.252451
Car -1 -1 2.671163 1818.809082 371.325134 1918.835327 462.751282 1.417087 1.794420 2.934729 21.667735 -2.442205 48.303498 3.092831 0.454388
