Car -1 -1 -1.613641 952.464233 492.443542 1097.633057 632.075684 1.010442 1.876864 4.262548 1.235444 0.354008 33.589179 -1.576876 3.214828
Car -1 -1 1.241969 371.858337 322.117096 523.450256 434.231079 1.558628 1.597341 4.396786 -10.626230 -3.078756 46.895649 1.019139 1.321129
Car -1 -1 1.732842 325.197113 287.061035 421.928680 386.826355 1.592713 1.403719 4.373255 -13.765025 -4.532237 53.360557 1.480384 0.968877
Car -1 -1 -1.566666 854.609314 208.776764 910.765869 263.570984 1.493993 1.891388 4.261401 -2.190125 -11.185235 83.674015 -1.592835 0.991129
Car -1 -1 -1.639041 1026.036987 198.701279 1075.273438 242.557098 1.300275 1.765853 4.249104 4.681792 -13.242074 93.131601 -1.588812 0.815048
Car -1 -1 1.760896 391.537201 251.957565 486.851746 333.017609 1.581358 1.666786 4.259316 -14.464743 -6.720975 63.264126 1.536119 1.252140
Car -1 -1 -1.585492 934.414673 172.738052 974.021301 211.297424 1.334629 1.702303 4.256811 0.687866 -16.956168 109.282115 -1.579197 0.811511
Car -1 -1 -1.645411 991.656799 145.314133 1028.033081 178.332275 1.498497 1.767855 4.265002 4.118855 -21.954597 130.336288 -1.613820 0.486852
Car -1 -1 -1.569553 889.333130 112.770065 916.061035 137.621933 1.642641 2.015887 4.276261 -3.199390 -33.771191 182.051168 -1.587126 0.272107
Car -1 -1 0.338966 70.132248 126.005798 170.056702 171.200790 2.394376 2.211964 4.611492 -50.277968 -22.978027 134.291135 -0.019274 0.180564
Car -1 -1 -1.588979 932.164917 117.996315 960.092285 144.725952 1.574374 1.820866 4.264907 0.467940 -31.813675 174.499202 -1.586297 0.241903
