Car -1 -1 -2.171196 1062.639893 227.810425 1162.497925 275.649261 1.296533 1.576448 3.941673 5.564717 -11.321333 86.275732 -2.106786 0.706868
Car -1 -1 -1.527464 735.904480 851.395935 1000.825439 1079.466309 0.658604 1.814029 4.267206 -0.752410 3.620695 18.214885 -1.568748 4.160126
Car -1 -1 2.769793 1647.052734 267.082672 1824.614136 326.293671 1.439076 1.836256 4.431399 23.658508 -7.333438 67.533044 3.106757 2.258146
Car -1 -1 1.672656 699.563538 209.845581 753.548828 257.281189 1.381269 1.709497 4.265947 -10.087565 -12.516313 90.308961 1.561416 0.829788
Car -1 -1 -1.746195 996.886169 197.956558 1047.265869 238.518631 1.460213 1.716882 4.287401 2.451381 -15.098977 103.617079 -1.722542 0.695366
Car -1 -1 -1.559774 874.550781 170.908875 908.160461 207.911911 1.735599 1.680779 4.240548 -4.511451 -19.952589 125.718693 -1.595644 0.493976
Car -1 -1 1.634580 745.818054 145.927582 777.673035 172.619019 1.617998 1.839884 4.269562 -14.746399 -26.652403 154.089863 1.539170 0.458839
Car -1 -1 1.648333 779.721191 153.917603 812.418030 185.287384 1.651472 1.838942 4.302719 -11.559991 -24.609055 146.184779 1.569420 0.189908
Car -1 -1 1.620705 806.808167 136.657837 832.941528 160.564072 1.475860 1.794124 4.262539 -12.018502 -31.349797 175.306177 1.552255 0.230989
Car -1 -1 0.180418 1299.123047 156.718918 1376.075806 188.085724 1.560445 1.822386 4.193911 23.325777 -23.221257 139.118290 0.346541 0.107671
