Car -1 -1 0.083654 372.579254 267.863434 646.438354 392.159027 1.501822 1.879365 4.095236 -7.850227 -2.830055 47.375426 -0.080556 3.799757
Car -1 -1 -1.518030 581.669189 648.392639 819.484619 893.372437 0.643521 1.728280 4.268759 -2.300657 2.043226 24.492753 -1.611688 2.498937
Car -1 -1 -1.686927 990.161621 599.147339 1237.650391 865.843506 0.939720 1.592998 4.244738 1.183716 1.895616 24.972176 -1.639561 2.879682
Car -1 -1 -0.101932 798.637573 282.040924 1124.871338 416.827057 1.561386 1.906979 4.815929 -0.159738 -2.340288 45.215146 -0.105464 3.241121
Car -1 -1 -1.826948 1379.377930 610.389648 1692.369873 867.707031 0.846259 1.532120 4.304432 4.954107 1.896703 24.948290 -1.630923 3.266209
Car -1 -1 -1.384625 145.222458 646.831726 437.143188 887.330078 0.645945 1.559417 4.250366 -5.887059 2.021351 24.456679 -1.620845 3.253524
Car -1 -1 2.766019 1468.869873 216.654770 1731.999146 311.877747 1.292298 1.870835 4.479798 12.585989 -4.772613 55.368618 2.989534 3.265333
Car -1 -1 -3.110066 364.685760 224.197220 638.370300 323.488281 1.363513 1.875659 4.701592 -9.151693 -4.433563 54.255886 3.006016 2.032572
Car -1 -1 -0.174223 1095.401489 252.747589 1381.009644 356.844238 1.301822 1.850834 4.452601 4.905005 -3.628980 51.042143 -0.078420 2.653851
Car -1 -1 2.983214 730.619202 229.846710 955.966370 331.920349 1.412881 1.837847 3.911832 -2.497670 -4.259453 53.830015 2.936848 1.951477
Car -1 -1 -1.909805 1302.190918 99.188072 1395.119019 153.179764 1.230296 1.440598 4.278865 12.786900 -12.932412 93.853356 -1.774396 0.617379
Car -1 -1 -0.307118 1763.885864 225.094666 1917.040039 329.840576 1.444472 1.828287 4.436408 17.558516 -4.082419 51.723504 0.020145 0.841950
Car -1 -1 -1.907400 1559.504028 881.066528 1921.153198 1079.416870 0.946999 2.008668 4.303136 5.617250 3.770481 18.589168 -1.613946 3.964534
Car -1 -1 2.972553 1075.668579 216.802826 1344.940674 321.297791 1.396350 1.874613 4.518631 4.545241 -4.506888 54.061488 3.056432 1.646034
Car -1 -1 -2.886152 186.182999 193.380341 397.608002 269.706390 1.336480 1.843547 4.104716 -15.569312 -6.263067 63.947858 -3.124974 1.954775
Car -1 -1 -0.068312 45.524632 221.902405 301.685089 312.993713 1.155463 1.824977 4.468904 -16.619275 -4.982344 57.589716 -0.349259 1.881184
Car -1 -1 1.798267 135.392029 118.127914 230.461868 183.291794 1.400057 1.658533 4.263175 -24.325432 -10.952955 85.697717 1.521690 1.012457
Car -1 -1 -2.659711 1498.229980 120.552155 1670.164062 186.152832 1.318794 1.843710 4.193364 18.228506 -10.468136 82.315480 -2.441781 1.522813
Car -1 -1 3.112124 893.147522 183.669769 1092.541992 266.466766 1.316474 1.843923 4.159872 0.496962 -6.327547 63.203258 3.119987 0.635079
Car -1 -1 2.971002 1218.896851 184.983658 1430.086182 277.941681 1.505286 1.863523 3.912791 7.721249 -5.841368 60.465520 3.098011 0.821495
Car -1 -1 1.739049 265.609802 121.842690 342.359619 180.430923 1.205499 1.452368 4.254279 -20.388991 -10.915990 84.869103 1.503277 1.172056
Car -1 -1 -0.386235 1782.057495 284.851501 1917.664185 395.680908 1.326422 1.945294 4.510816 16.959584 -2.824152 47.918585 -0.046068 1.540503
Car -1 -1 1.714285 421.496429 90.451767 498.537292 150.850220 1.492182 1.795813 4.285645 -17.507417 -13.112541 94.845623 1.531751 0.714056
Car -1 -1 1.823409 62.894314 101.647301 156.215958 170.875305 1.666219 1.481330 4.494752 -28.086835 -11.888643 90.455845 1.522345 0.515958
Car -1 -1 1.784478 194.845474 99.357216 271.662384 160.397186 1.377219 1.342550 4.261125 -24.629109 -12.560652 92.716802 1.524836 0.772127
Car -1 -1 1.688186 383.384460 115.623322 462.478149 174.388168 1.268226 1.626967 4.272852 -17.217767 -11.393496 87.206346 1.493256 0.818423
Car -1 -1 3.015242 798.028015 203.080261 1018.382385 295.133087 1.339589 1.832209 4.095610 -1.433136 -5.329198 58.190857 2.990619 0.739367
Car -1 -1 3.037122 1249.582397 165.492218 1445.779419 238.420212 1.282575 1.843155 4.409742 9.071607 -7.204863 66.614197 -3.110714 0.633840
Car -1 -1 1.764615 257.264374 85.268127 326.206787 135.947418 1.350584 1.401499 4.283874 -25.420995 -14.862741 103.785441 1.524406 0.540272
Car -1 -1 1.862510 35.682896 72.847694 104.970360 120.481621 1.412925 1.336194 4.301141 -36.821871 -16.755137 113.353033 1.548420 0.303324
Car -1 -1 1.756599 317.905060 104.919312 391.371918 159.074844 1.272562 1.485067 4.261251 -20.816144 -12.716823 93.780741 1.538174 0.786987
Car -1 -1 1.764618 310.097687 70.381409 368.433441 116.471542 1.291413 1.393600 4.255692 -25.452567 -16.675698 111.525690 1.540239 0.499248
Car -1 -1 1.832576 6.958667 134.739029 108.960999 193.955582 1.196729 1.318801 4.247034 -27.557154 -10.413972 83.686207 1.514468 0.445776
Car -1 -1 1.806074 140.684296 82.185982 212.364273 132.635666 1.301527 1.379218 4.255477 -30.268453 -15.265566 105.764240 1.527336 0.525504
Car -1 -1 1.680887 455.570068 84.842804 513.887756 136.342377 1.260126 1.554662 4.243024 -17.704784 -14.585318 101.490742 1.508177 0.521495
Car -1 -1 1.686811 484.495697 72.977097 539.287231 118.456123 1.247008 1.430506 4.240325 -17.506461 -15.772040 106.103353 1.523290 0.503663
Car -1 -1 1.735182 383.908844 37.093952 434.792236 77.981255 1.579965 1.698438 4.321747 -26.777389 -21.323529 132.313731 1.535501 0.298252
Car -1 -1 1.748476 348.317261 59.923763 401.150360 98.045433 1.168996 1.306051 4.269245 -26.410497 -19.073041 122.636909 1.536360 0.424567
Car -1 -1 1.885582 0.060313 97.082909 45.352043 139.913025 1.267001 1.574721 4.257912 -37.425725 -15.155184 107.273774 1.549905 0.231524
Car -1 -1 1.704143 416.467773 58.861465 469.462799 101.004921 1.209124 1.501644 4.255668 -22.517743 -18.325703 118.315640 1.516073 0.376275
Car -1 -1 1.726600 373.062622 80.026932 433.375183 129.380844 1.244008 1.460669 4.242100 -21.549302 -15.353100 105.153882 1.524467 0.416950
Car -1 -1 1.674244 526.488220 47.645409 574.761841 89.603821 1.418379 1.595966 4.253390 -18.768654 -19.570862 123.811815 1.523799 0.348831
Car -1 -1 1.698244 451.627533 46.491104 501.277405 86.709549 1.300772 1.495954 4.248250 -22.330774 -19.977985 125.414373 1.522035 0.271098
