Car -1 -1 -1.615875 999.097778 537.879150 1160.414795 707.283081 1.204404 1.813923 4.241095 1.085877 1.109220 36.525014 -1.586154 3.533642
Car -1 -1 -1.763365 1329.239380 750.958618 1590.314453 963.673828 0.741956 1.591740 4.308201 4.457895 2.894239 27.048377 -1.600022 2.827951
Car -1 -1 1.797103 251.341965 298.091095 360.807953 386.354248 1.568020 1.561622 4.236919 -17.168806 -4.852424 69.382196 1.554523 1.312391
Car -1 -1 1.757075 385.618439 293.065552 488.741699 379.897308 1.564804 1.612450 4.329067 -13.975850 -5.027001 69.832922 1.559552 0.848974
Car -1 -1 -1.702098 1172.848877 465.750702 1308.103027 582.086060 1.021144 1.543367 4.251852 3.929590 -0.335021 44.161900 -1.613351 2.179988
Car -1 -1 -1.540406 820.497864 411.982666 936.855774 531.081177 1.299569 1.781589 4.236617 -1.987188 -1.176621 49.046292 -1.580901 2.578149
Car -1 -1 -1.509388 686.760437 715.076538 902.929443 953.858582 1.050279 1.792772 4.232082 -1.870829 2.856422 27.194383 -1.578074 3.282499
Car -1 -1 -1.663152 1100.531738 386.001404 1213.847900 479.126251 1.072947 1.723372 4.258447 3.197839 -2.211980 54.537500 -1.604583 1.579859
Car -1 -1 -1.630662 1092.274536 283.606262 1191.339233 405.538879 2.042533 1.842111 4.895730 3.496666 -4.322675 66.159949 -1.577860 0.710082
Car -1 -1 1.703974 509.815704 313.212708 606.165649 388.076721 1.237605 1.660211 4.251616 -10.740356 -4.756194 68.576824 1.548618 1.353562
Car -1 -1 1.658191 643.504700 310.834961 724.919006 385.659973 1.280217 1.530886 4.244132 -7.652001 -4.812368 68.975929 1.547705 1.133464
Car -1 -1 1.706643 525.316833 244.344223 597.223450 304.590698 1.402059 1.565735 4.247151 -13.928058 -8.635933 89.327581 1.551967 1.182932
Car -1 -1 1.749717 424.933807 237.140823 503.616241 298.707977 1.479067 1.648685 4.259858 -17.636358 -9.123108 92.571224 1.561456 0.910408
Car -1 -1 -1.573984 937.675232 211.662979 986.095703 257.409729 1.335160 1.676329 4.266016 -1.210628 -12.096048 108.155664 -1.585177 0.761225
Car -1 -1 1.868068 125.564163 268.129639 220.305389 328.287689 1.283316 1.480480 4.247142 -24.762166 -7.437340 83.677005 1.580353 1.422170
Car -1 -1 -1.548062 1029.831177 268.706329 1103.666016 334.544220 1.388975 1.794687 4.260107 2.174651 -7.006350 80.984123 -1.521215 0.995533
Car -1 -1 1.728559 445.748322 281.171661 525.085449 346.956116 1.278149 1.455323 4.227776 -14.263348 -6.479173 78.106255 1.547935 1.111497
Car -1 -1 1.638931 684.382629 258.646179 749.686218 321.588196 1.342985 1.520898 4.250990 -8.436330 -7.776482 85.128447 1.540153 0.960553
Car -1 -1 -1.591647 1057.401245 248.655106 1112.684204 294.204041 1.200303 1.589478 4.286322 3.098810 -9.209300 93.148786 -1.558392 0.825260
Car -1 -1 1.664172 657.597168 174.916458 705.332825 219.830017 1.630484 1.641458 4.257154 -14.845088 -16.473135 132.156839 1.552311 0.430014
Car -1 -1 -1.606976 1032.121216 230.441666 1087.376099 279.496948 1.344491 1.815523 4.247950 2.443129 -10.606336 101.075201 -1.582809 0.624841
Car -1 -1 -1.581589 922.305176 186.029099 968.447754 224.261078 1.365662 1.827536 4.238225 -2.233399 -15.708024 127.733440 -1.599072 0.596037
Car -1 -1 1.639749 710.578918 244.711731 770.731995 300.646637 1.344997 1.546067 4.248314 -8.223444 -8.866368 90.766593 1.549396 0.804805
Car -1 -1 1.693735 595.556580 259.326538 663.903564 316.493256 1.259645 1.503908 4.244430 -11.129503 -7.869116 85.192365 1.563831 0.965300
Car -1 -1 -1.593599 1033.032715 215.451599 1084.578735 259.395355 1.294189 1.716498 4.266154 2.571035 -12.016301 108.177859 -1.569836 0.432323
Car -1 -1 -1.595812 1008.394836 202.961258 1056.508911 244.851410 1.294550 1.745709 4.248728 1.671677 -13.422243 115.466680 -1.581335 0.566509
Car -1 -1 -1.584117 993.016174 136.772278 1021.484863 164.555466 1.714888 1.725511 4.378673 1.055808 -27.369772 192.296665 -1.578627 0.185946
Car -1 -1 1.645903 733.664673 215.919785 792.215942 272.704498 1.487680 1.658306 4.244645 -8.241421 -10.620669 99.325368 1.563118 0.678020
Car -1 -1 1.705955 550.291565 285.528687 633.685425 350.408691 1.284127 1.662058 4.245010 -11.172175 -6.264799 77.194538 1.562225 1.220347
Car -1 -1 -1.577096 1002.765503 180.020325 1042.117432 215.049225 1.343286 1.672249 4.242274 1.449353 -17.385370 137.257073 -1.566537 0.452778
Car -1 -1 -1.569292 939.557861 164.589691 977.918518 203.074326 1.501346 1.828456 4.230111 -1.696289 -18.481066 142.064163 -1.581232 0.404834
Car -1 -1 -1.549497 876.896912 152.468109 911.078491 184.704666 1.533982 1.777014 4.256631 -5.804635 -22.129041 162.727839 -1.585153 0.389226
Car -1 -1 -1.611090 1151.573364 171.045685 1192.231689 205.079132 1.291665 1.755852 4.248445 9.286351 -18.518541 143.184508 -1.546325 0.357688
Car -1 -1 -1.581434 1022.537781 187.643097 1067.146606 224.315125 1.280877 1.763985 4.241781 2.420054 -15.255754 125.293803 -1.562121 0.409992
Car -1 -1 -1.552577 895.022644 131.792557 922.116394 155.211395 1.401418 1.676000 4.222518 -6.200182 -29.778755 204.011880 -1.582959 0.213217
Car -1 -1 -1.571018 942.328613 140.251862 971.170959 164.737030 1.351686 1.663631 4.246508 -2.403079 -26.441329 185.737239 -1.583956 0.153369
Car -1 -1 -1.567877 934.733826 175.947815 975.579895 213.447052 1.462341 1.832797 4.251494 -1.785189 -17.499785 137.267242 -1.580881 0.216507
