Car -1 -1 2.728792 1631.737915 292.874207 1857.823486 395.745453 1.696998 1.921153 3.923674 17.817789 -4.068373 49.788003 3.072464 3.693050
Car -1 -1 -1.768571 1348.878174 731.238342 1646.753174 1015.744812 0.735209 1.648564 4.356288 4.693888 2.797884 19.887144 -1.536786 3.239607
Car -1 -1 -1.361250 396.634399 654.638489 652.920105 869.389099 0.581616 1.538586 4.472485 -4.406013 2.018233 22.603877 -1.553759 2.617233
Car -1 -1 -1.627921 1057.394409 773.259888 1298.038452 1053.471558 0.521831 1.666697 4.413391 1.756236 2.957098 19.285126 -1.537105 2.824381
Car -1 -1 1.821541 456.596649 232.819031 551.685486 303.840271 1.446284 1.660332 4.345951 -14.108253 -8.110680 67.161749 1.614487 1.043955
Car -1 -1 1.875916 359.676666 240.225281 457.803864 302.333344 1.240646 1.589050 4.372990 -17.198153 -8.213043 67.888182 1.627805 0.898789
Car -1 -1 -1.672554 1122.740479 215.910492 1189.455688 266.785187 1.197603 1.757085 4.267120 6.858559 -10.550307 77.956277 -1.584801 0.859224
Car -1 -1 0.108098 0.476578 351.521088 109.726692 451.267273 1.309977 1.868933 3.961174 -19.480663 -2.600977 43.442226 -0.313447 0.596709
Car -1 -1 -1.586531 1031.242065 102.891800 1055.748413 125.551811 1.370491 1.730026 4.219008 6.598878 -34.777936 179.568187 -1.549799 0.343137
Car -1 -1 -1.600816 1082.581421 99.977669 1107.245728 122.044640 1.477359 1.854566 4.253700 10.728121 -34.563248 177.562706 -1.540471 0.297343
