Car -1 -1 -1.636769 949.703247 801.532288 1187.770996 1075.700806 0.568151 1.677643 4.263892 1.025106 3.282196 19.740713 -1.584887 4.789526
Car -1 -1 2.934529 452.371307 371.929016 697.665710 474.094727 1.286709 1.866851 4.203062 -7.227273 -2.075812 43.335100 2.769274 4.089508
Car -1 -1 -1.325612 174.497971 697.337097 468.331451 964.866394 0.903689 1.604297 4.438087 -5.981589 2.759938 21.678426 -1.594836 2.783861
Car -1 -1 1.847833 175.333801 245.932678 279.283875 318.761932 1.567165 1.640423 4.244434 -22.110958 -7.590288 68.076677 1.533787 1.362623
Car -1 -1 -1.478586 520.364014 729.405090 786.053406 1015.998230 0.946802 1.896363 4.288382 -2.576564 3.032357 20.752780 -1.602109 2.980453
Car -1 -1 -2.199404 1375.434937 239.172623 1522.688477 318.251282 1.683471 1.735283 4.782294 15.952254 -7.790529 69.276095 -1.973078 0.798541
Car -1 -1 1.731023 514.736938 181.092010 569.907410 224.676666 1.478792 1.549340 4.252229 -18.127350 -14.876183 99.538470 1.550883 0.814658
Car -1 -1 -1.839995 1325.365112 798.336670 1651.529541 1071.112305 0.593002 1.607994 4.270429 4.791753 3.276924 19.833949 -1.602943 3.966190
Car -1 -1 1.927901 52.143177 256.143921 155.206421 323.475647 1.358745 1.310901 4.224282 -25.560545 -7.326314 66.996561 1.563426 1.591918
Car -1 -1 1.779057 437.814880 212.760452 501.951141 261.209045 1.289113 1.356351 4.233269 -18.026232 -11.283818 83.884951 1.567384 0.986737
Car -1 -1 1.805139 305.390930 243.763367 398.296082 317.747803 1.562074 1.473522 4.238504 -18.322464 -7.664069 68.208499 1.542709 1.328278
Car -1 -1 1.808360 328.463715 206.358429 405.541138 260.443024 1.491668 1.704304 4.228904 -21.908197 -11.286596 83.676536 1.552288 0.801097
Car -1 -1 1.791514 379.069305 231.074142 453.418335 286.245239 1.294633 1.422946 4.234057 -18.011560 -9.355792 75.282081 1.556674 1.286408
Car -1 -1 1.885151 146.027756 227.352859 226.838242 287.737396 1.491616 1.166300 4.200641 -26.196000 -9.405771 76.197809 1.554019 0.268695
Car -1 -1 1.722603 541.504395 166.169312 590.669189 207.110092 1.565162 1.635402 4.235479 -18.733944 -17.154226 109.579326 1.553278 0.618386
Car -1 -1 1.865683 212.578583 207.986328 294.106140 260.305023 1.431323 1.532104 4.242552 -26.075837 -11.187384 83.117237 1.561684 1.005308
Car -1 -1 1.854986 243.501175 233.313507 325.858917 292.333282 1.321338 1.365330 4.255546 -21.888780 -8.964069 73.506405 1.565567 1.176969
Car -1 -1 1.829156 292.323090 191.641785 363.041534 242.200806 1.538327 1.682088 4.250122 -25.769192 -13.100098 92.093000 1.556317 0.799079
Car -1 -1 1.743680 479.806702 162.674744 531.786133 199.828445 1.447903 1.731239 4.238725 -22.304644 -17.916273 112.340295 1.547684 0.538541
Car -1 -1 1.755559 459.739075 193.019058 521.198120 238.890152 1.386944 1.605430 4.233999 -18.780584 -13.114850 91.442711 1.552995 0.749043
Car -1 -1 1.779070 384.624908 195.458313 445.230042 236.665390 1.256910 1.482467 4.248322 -22.492754 -13.520253 93.706692 1.543493 0.881204
