Car -1 -1 -1.928239 1227.430664 307.025848 1352.658081 397.980408 1.310955 1.495462 4.283758 6.927729 -3.801118 51.795050 -1.795276 1.722654
Car -1 -1 1.745829 335.287598 273.445343 424.680084 344.862579 1.192158 1.420939 4.230584 -16.439425 -5.538699 58.652600 1.472556 1.374011
Car -1 -1 1.720442 425.010468 226.258469 493.633575 284.225861 1.264835 1.382471 4.249385 -17.656854 -8.552721 72.126257 1.480359 0.996432
Car -1 -1 1.787421 356.537109 166.533768 415.948059 213.787460 1.632880 1.480293 4.256299 -27.300954 -14.441889 98.303094 1.516525 0.519337
Car -1 -1 1.704867 499.866577 188.347183 555.296204 235.795593 1.340828 1.427555 4.251648 -18.810889 -12.183094 88.228425 1.494806 0.771670
Car -1 -1 1.754413 379.168488 243.517914 459.589905 312.580109 1.348464 1.402347 4.240319 -17.331464 -7.092996 66.002899 1.497624 1.082892
Car -1 -1 -1.604355 873.251343 157.862610 914.026733 195.855148 1.445748 1.782018 4.263199 -5.220216 -17.433332 112.873424 -1.650571 0.675161
Car -1 -1 1.720006 450.782196 201.342499 520.358704 261.376312 1.517844 1.606471 4.245525 -18.300925 -10.074762 78.713631 1.491565 0.677086
Car -1 -1 -1.575162 799.655579 138.242188 833.286987 168.878967 1.375939 1.875804 4.239258 -10.684853 -21.646955 130.706143 -1.656728 0.436510
Car -1 -1 1.692428 539.899536 161.199158 586.482910 202.459717 1.478180 1.545581 4.257285 -20.034920 -15.321598 101.385068 1.497330 0.634275
Car -1 -1 -1.577154 848.004089 119.570511 878.316467 147.128571 1.542195 1.909138 4.234368 -9.600123 -27.785492 159.109172 -1.637418 0.221677
Car -1 -1 1.694816 527.248779 175.475983 575.500244 217.559586 1.293687 1.451726 4.255517 -19.104416 -13.725142 94.390159 1.495116 0.616927
Car -1 -1 -1.613691 905.041931 137.628204 941.057617 166.650681 1.344676 1.876612 4.251391 -4.449206 -22.595778 135.845361 -1.646431 0.336936
Car -1 -1 -1.601278 898.636597 125.302650 930.267944 151.157043 1.411918 1.812073 4.256016 -5.683631 -26.934701 155.589627 -1.637791 0.240216
Car -1 -1 -1.605513 889.278992 109.921982 916.208435 133.431076 1.552121 1.861348 4.271279 -7.574761 -32.023154 177.611914 -1.648135 0.071334
