Car -1 -1 -0.563474 502.632355 404.288696 746.945740 507.065948 1.137972 1.822102 3.979598 -6.704469 -1.593885 50.870840 -0.694513 3.356312
Car -1 -1 -0.151379 88.187851 421.447052 379.444885 529.872437 1.218474 1.862211 4.474908 -13.455136 -1.141170 49.138805 -0.418646 4.558376
Car -1 -1 -1.097777 865.145813 373.735291 1027.478149 477.623688 1.292610 1.415002 4.184042 -0.862515 -2.261705 54.840139 -1.113504 1.065943
Car -1 -1 -1.512799 699.411621 850.116150 930.645813 1079.860596 1.066423 1.605094 4.206628 -1.399355 3.870611 23.365872 -1.572616 3.484313
Car -1 -1 -1.748766 1334.897461 758.466553 1606.558594 980.584534 0.689602 1.656255 4.357234 4.401193 2.884613 26.106548 -1.581751 2.732383
Car -1 -1 -0.866279 652.525757 353.477081 813.381958 436.461945 1.224211 1.773161 3.416702 -5.785383 -3.263935 61.512704 -0.960055 0.811677
Car -1 -1 -1.654938 1047.288452 837.783447 1320.043945 1078.751221 1.048336 1.783915 4.456136 1.510394 3.788618 23.572283 -1.590950 1.979558
Car -1 -1 1.742091 388.248566 312.492645 483.326172 387.828308 1.261551 1.465423 4.245966 -13.894822 -4.796408 69.048156 1.543509 1.149013
Car -1 -1 1.705234 247.965622 298.329315 359.452698 384.425323 1.551328 1.665659 4.259571 -17.338710 -4.907099 69.713471 1.461466 1.298439
Car -1 -1 1.697703 553.762085 265.403046 633.996704 353.679871 1.799236 1.431346 4.568060 -10.985205 -6.204905 76.574802 1.555218 0.591414
Car -1 -1 1.646792 639.353638 297.651093 726.093689 375.770386 1.389101 1.772186 4.275242 -7.889702 -5.200004 70.870349 1.535923 0.971004
Car -1 -1 1.712990 509.690857 308.240540 599.443542 381.013000 1.259519 1.600515 4.239548 -11.132541 -5.031694 70.443129 1.556250 1.062338
Car -1 -1 1.724157 439.750610 283.804047 525.489319 354.512421 1.290656 1.497247 4.239522 -14.081897 -6.163852 76.472637 1.542054 1.105619
Car -1 -1 1.666380 658.343262 260.393280 741.490234 334.133118 1.523018 1.870325 4.241256 -8.415295 -6.941398 79.696449 1.561178 1.157182
Car -1 -1 1.737911 490.409302 260.521484 568.396545 320.264618 1.277886 1.576786 4.239799 -14.176706 -7.770157 84.848280 1.572357 0.926424
Car -1 -1 1.681738 602.145813 249.622375 667.672852 312.313385 1.454602 1.474433 4.237892 -11.169581 -8.096588 86.422188 1.553206 0.918588
Car -1 -1 1.689643 566.564087 218.938171 627.331360 268.072357 1.267310 1.649948 4.260351 -14.569882 -11.093020 101.908712 1.547635 0.604302
Car -1 -1 1.700507 543.556824 237.887711 606.325928 286.389221 1.211223 1.373615 4.241574 -14.125130 -9.547702 93.629402 1.550774 0.473394
