Car -1 -1 2.841100 1670.454956 399.000366 1919.899902 497.096436 1.382994 1.834195 4.231019 15.198558 -1.624897 51.703378 3.127004 1.706486
Car -1 -1 -1.514870 661.485901 812.024841 897.182556 1066.295166 0.721642 1.699695 4.255282 -1.776174 3.276789 24.192307 -1.588157 3.883881
Car -1 -1 -1.643428 1025.585083 804.903625 1288.548584 1078.873535 1.044887 1.792738 4.286720 1.306701 3.526252 23.831599 -1.588653 2.129516
Car -1 -1 -1.749936 1330.804810 769.932373 1636.316528 1038.952637 0.898424 1.756248 4.414536 4.242459 3.121038 24.695658 -1.579807 3.280739
Car -1 -1 1.664531 640.157715 295.931488 727.889526 370.620972 1.335200 1.726254 4.251516 -8.000989 -5.394382 71.943912 1.553775 1.120493
Car -1 -1 1.750637 395.170197 310.083435 492.123413 376.994690 1.141381 1.596934 4.250915 -14.072776 -5.162341 71.016291 1.555009 1.058336
Car -1 -1 1.725976 508.080719 295.071838 601.038208 380.841217 1.537246 1.556184 4.237643 -11.029602 -5.013249 69.852304 1.569370 1.073691
Car -1 -1 1.782091 268.036102 307.310547 377.948090 385.678650 1.324220 1.549158 4.240030 -16.820922 -4.897197 69.730438 1.545386 1.093086
Car -1 -1 1.767560 343.265137 264.519257 439.500336 341.680542 1.634968 1.732592 4.253697 -17.076997 -6.652918 78.824439 1.554212 1.161629
Car -1 -1 1.694006 557.197754 216.824463 621.056946 270.822754 1.482849 1.678031 4.247750 -14.668160 -10.832951 100.747164 1.549429 0.754622
Car -1 -1 1.742269 449.687622 266.264343 546.350159 342.003326 1.572133 1.788908 4.249506 -13.906137 -6.573262 78.083767 1.566024 1.278446
Car -1 -1 1.695278 567.316467 280.439606 643.201782 346.230255 1.300502 1.489861 4.251145 -10.854493 -6.443212 77.688566 1.556458 1.143114
Car -1 -1 1.659302 650.330505 181.785904 696.367004 218.162491 1.414227 1.682295 4.252279 -15.310120 -16.537743 132.593729 1.544345 0.498989
Car -1 -1 1.674677 552.282471 186.671326 606.541321 232.273102 1.597293 1.750741 4.251461 -18.107749 -14.571381 121.302834 1.526494 0.572456
Car -1 -1 1.681458 594.442566 247.912537 667.533752 313.624268 1.532135 1.667485 4.243342 -11.275141 -8.059391 86.393907 1.551683 1.111531
Car -1 -1 -1.575172 983.094910 133.446701 1013.592407 163.119446 1.728996 1.893767 4.250401 0.371918 -26.819300 187.295783 -1.573186 0.310066
Car -1 -1 1.756082 400.101532 252.465652 472.466614 311.144104 1.305303 1.333663 4.245717 -17.938845 -8.456336 89.303458 1.557845 0.964653
Car -1 -1 1.763752 447.011230 227.876541 517.427246 283.699249 1.419080 1.448649 4.264824 -17.406164 -9.737725 94.322307 1.581266 0.736718
Car -1 -1 -1.591565 999.952209 163.039856 1036.052979 194.305969 1.362068 1.783757 4.245773 1.420744 -20.237283 152.335401 -1.582239 0.436958
Car -1 -1 -1.540282 888.303345 128.761581 916.233398 155.889984 1.626621 1.899028 4.262569 -6.645441 -29.588329 203.034894 -1.573001 0.338382
Car -1 -1 1.652752 681.539062 262.174896 755.875916 336.352356 1.575796 1.652005 4.240514 -7.948749 -6.972099 80.764121 1.554649 0.968569
Car -1 -1 -1.657535 1179.124268 187.114273 1233.436523 229.894394 1.537382 1.959759 4.250608 9.735989 -15.348887 126.732205 -1.580863 0.397553
Car -1 -1 1.690974 630.442627 237.164474 690.596130 290.393188 1.355015 1.411711 4.243398 -11.335022 -9.578149 94.862265 1.572049 0.874627
Car -1 -1 -1.546578 906.463257 151.665878 942.239197 180.993408 1.377578 1.851944 4.220219 -4.099503 -22.726002 165.472393 -1.571347 0.329019
Car -1 -1 -1.568579 936.428101 137.197662 964.346802 162.558899 1.353530 1.715556 4.256516 -2.907437 -27.641100 192.192275 -1.583706 0.337006
Car -1 -1 1.672986 708.856628 134.916779 738.647644 160.493057 1.421173 1.594551 4.237606 -19.335842 -28.801801 199.254157 1.576248 0.226953
