Car -1 -1 -0.035096 1676.976318 422.645691 1916.250854 531.434937 1.360482 1.832740 5.175961 15.072105 -1.021189 48.867192 0.264076 1.149055
Car -1 -1 -2.644140 1642.817261 318.213013 1889.220215 430.404572 1.730608 1.907313 4.416873 17.145136 -3.432470 61.237435 -2.371152 2.048117
Car -1 -1 -1.516703 686.161926 781.454529 907.807983 1011.225525 0.710595 1.715993 4.246030 -1.703553 3.061769 25.355642 -1.583788 1.863516
Car -1 -1 -1.648430 1038.132812 765.844543 1272.487915 1021.165833 0.877208 1.687995 4.249518 1.392612 3.089448 25.285879 -1.593411 1.717881
Car -1 -1 0.692533 714.559448 295.484131 889.990540 366.619324 1.316548 1.863288 4.090238 -4.981551 -5.517752 72.648340 0.624069 1.360052
Car -1 -1 -1.781522 1385.854614 817.026306 1688.754639 1077.056519 0.783202 1.596884 4.240534 4.571533 3.341777 23.873699 -1.592324 2.686573
Car -1 -1 -1.369827 183.488144 849.857910 509.813629 1078.219360 1.059973 1.696525 4.249921 -5.242395 3.830146 23.041396 -1.593539 2.699287
Car -1 -1 -1.436765 1041.433960 274.704956 1121.360229 332.918335 1.203295 1.808908 4.269046 2.692294 -7.184423 82.534594 -1.404156 0.836345
Car -1 -1 1.664712 684.745178 247.192932 754.345703 304.019104 1.256733 1.751208 4.258435 -8.618951 -8.488193 87.623589 1.566664 0.987359
Car -1 -1 1.694407 586.660461 245.450806 662.634521 313.782440 1.550561 1.659638 4.237069 -11.306580 -7.977606 85.240035 1.562533 1.122374
Car -1 -1 1.715506 536.320496 225.364365 605.202881 283.483429 1.501621 1.704059 4.250236 -14.713276 -10.017994 96.626138 1.564397 0.767484
Car -1 -1 -1.576248 982.077576 176.457916 1023.514526 214.543961 1.416917 1.807777 4.241671 0.487631 -16.988959 134.496522 -1.572622 0.540625
Car -1 -1 -1.676565 1229.007202 221.892273 1295.038452 271.791382 1.345753 1.798108 4.247862 10.128941 -11.127815 103.575258 -1.579082 0.774993
Car -1 -1 1.644728 734.688965 220.954178 790.668152 270.169006 1.324934 1.669539 4.252551 -8.387229 -10.893132 101.126690 1.561980 0.663418
Car -1 -1 1.790023 342.191772 207.783035 405.864014 251.921494 1.325286 1.406012 4.240630 -24.737474 -12.574840 110.623109 1.570023 0.677454
Car -1 -1 1.624703 759.195190 199.904419 809.350830 244.331100 1.384537 1.720208 4.252628 -8.681285 -13.444280 115.515989 1.549692 0.532614
Car -1 -1 1.627846 741.273010 131.434341 774.186951 162.465622 1.769866 1.849549 4.262128 -16.149948 -27.290884 190.163659 1.543123 0.323214
Car -1 -1 -1.416967 1084.104614 162.177399 1128.240723 196.054321 1.439956 1.747030 4.260146 6.254083 -20.063105 151.618967 -1.375741 0.169855
Car -1 -1 -1.599360 1092.723389 135.222229 1128.104858 163.184525 1.699141 2.074635 4.274749 8.216715 -27.353486 191.286658 -1.556432 0.102015
Car -1 -1 1.623916 778.780212 174.169418 821.456421 214.280930 1.461639 1.762257 4.238348 -9.280644 -17.048192 134.474419 1.555011 0.240437
