Car -1 -1 -1.654436 1020.125610 756.919678 1267.016846 1013.501160 0.941497 1.799817 4.257306 1.299602 3.065055 25.462210 -1.603439 2.365081
Car -1 -1 1.746410 402.613892 290.619995 495.420410 371.055756 1.512637 1.511273 4.256370 -14.208150 -5.407329 72.423731 1.552689 1.051537
Car -1 -1 1.696846 518.432800 299.568909 611.273621 373.709961 1.307363 1.648344 4.239326 -11.038910 -5.305222 71.590321 1.543856 1.278439
Car -1 -1 -1.549920 827.854370 294.984314 899.826782 364.535217 1.259679 1.706039 4.266289 -3.432916 -5.724159 74.372308 -1.596046 1.469707
Car -1 -1 -1.519023 568.639832 904.758118 843.347046 1079.082397 0.816185 1.768072 4.343158 -2.164202 3.942636 21.878439 -1.617621 3.599375
Car -1 -1 -1.645379 1077.541504 326.760773 1168.237671 402.726288 1.175239 1.822484 4.277661 3.079377 -4.256555 65.857103 -1.598654 1.218781
Car -1 -1 1.660905 648.449707 299.051483 731.212769 379.625824 1.402114 1.587415 4.247349 -7.621913 -5.053890 69.938718 1.552354 1.283099
Car -1 -1 -1.611102 1048.076050 248.237396 1112.708130 302.384369 1.249041 1.810077 4.244211 2.883071 -8.856274 91.064315 -1.579452 1.253345
Car -1 -1 1.747506 449.479126 240.871826 537.257690 334.678192 2.084990 1.615066 4.520514 -14.393965 -6.932027 79.885557 1.569237 0.656025
Car -1 -1 -1.568931 933.910095 255.394592 995.027771 311.496338 1.282204 1.811534 4.247978 -0.914269 -8.348888 88.595613 -1.579251 1.301196
Car -1 -1 -1.589397 1009.392090 189.193665 1053.834473 228.828842 1.321579 1.743242 4.250965 1.739972 -14.980104 123.376607 -1.575295 0.710588
Car -1 -1 -1.548585 867.589172 230.813492 922.631958 282.931244 1.370937 1.734106 4.244734 -3.449719 -10.228017 98.732799 -1.583511 1.043718
Car -1 -1 -1.573262 986.056213 137.772614 1017.021423 167.705261 1.647078 1.832433 4.245193 0.621146 -25.852681 182.413368 -1.569857 0.357084
Car -1 -1 1.726110 519.370483 243.746338 587.483154 300.020660 1.321867 1.528409 4.243906 -14.395779 -8.885326 90.731635 1.568759 1.287098
Car -1 -1 -1.562852 896.772583 143.759964 928.372375 172.894577 1.437162 1.741382 4.246906 -5.074353 -24.800832 176.972892 -1.591517 0.342100
Car -1 -1 -1.562443 939.650452 152.032883 973.531738 183.068237 1.458023 1.832257 4.242244 -2.133912 -22.476935 164.482471 -1.575416 0.426693
Car -1 -1 1.677749 662.163940 169.195572 708.107788 204.766663 1.404503 1.770683 4.253642 -16.061642 -18.724148 144.465625 1.567024 0.431874
Car -1 -1 -1.565993 932.531128 137.282455 960.148865 162.240555 1.490524 1.706918 4.273184 -3.071215 -26.751482 186.428638 -1.582466 0.135360
