Car -1 -1 -1.680534 1144.945923 450.380096 1300.068970 590.870056 1.288475 1.813349 4.369681 3.596731 -0.263174 43.985526 -1.598945 1.545302
Car -1 -1 -1.630919 1006.063354 660.578552 1194.646118 842.431885 0.831735 1.680758 4.243731 1.111407 2.181656 30.639048 -1.594661 3.066353
Car -1 -1 -1.651560 1079.151367 356.896698 1187.558350 444.097656 1.167974 1.840034 4.254046 2.982458 -3.062990 59.481332 -1.601461 1.171255
Car -1 -1 -1.525422 680.708496 748.946655 887.694397 975.680664 0.817868 1.717245 4.233557 -1.934961 2.949743 26.824930 -1.597430 3.125569
Car -1 -1 -1.711750 1251.369019 611.926575 1472.210449 805.030945 1.085770 1.796313 4.381046 4.244381 1.928239 32.582692 -1.582214 2.453734
Car -1 -1 -1.610023 953.785156 428.281158 1068.473022 538.551819 1.081673 1.714899 4.244156 0.271283 -1.060116 48.275185 -1.604404 2.479181
Car -1 -1 -1.552455 821.256226 357.308105 919.244446 457.463257 1.364627 1.827579 4.245071 -2.501778 -2.680031 56.878737 -1.596411 1.670334
Car -1 -1 1.651531 644.334351 308.912964 723.898499 384.540405 1.280592 1.492829 4.238788 -7.697651 -4.880441 69.317353 1.540935 0.994620
Car -1 -1 -1.423810 221.635544 827.547485 523.429810 1077.875488 1.039967 1.745149 4.250762 -5.143148 3.685503 23.623732 -1.638176 2.413970
Car -1 -1 -1.536259 829.343994 291.624451 906.276672 359.717377 1.329562 1.739109 4.262647 -3.350352 -5.851675 74.840842 -1.580995 1.447339
Car -1 -1 -1.572908 953.693542 232.861160 1011.916870 290.387360 1.469478 1.777256 4.265071 -0.353443 -9.784605 96.516608 -1.576570 1.080924
Car -1 -1 -1.541992 855.961365 205.227417 906.838440 266.191986 1.811517 1.662417 4.559440 -4.177478 -11.417448 104.577489 -1.581917 0.415509
Car -1 -1 -1.621233 1055.775269 245.714844 1129.046997 321.885498 1.656392 1.910130 4.242197 3.079250 -7.869774 85.907003 -1.585404 0.826606
Car -1 -1 -1.578958 1029.573730 203.535004 1074.208008 246.214478 1.350590 1.619879 4.237238 2.520633 -13.545900 117.115127 -1.557439 0.665727
Car -1 -1 -1.572171 936.082397 177.800476 976.014038 213.771729 1.358595 1.684185 4.249619 -1.793132 -17.253442 136.478718 -1.585309 0.856371
Car -1 -1 -1.550517 879.892639 170.969040 917.513489 203.809448 1.343349 1.731337 4.244337 -4.892345 -18.796918 144.841931 -1.584282 0.573798
Car -1 -1 -1.578123 936.981567 146.097992 967.707458 173.555298 1.421293 1.718195 4.251828 -2.571273 -24.711602 176.761077 -1.592669 0.365944
Car -1 -1 1.653626 708.727417 244.447479 770.498108 301.878204 1.359185 1.559417 4.247899 -8.307786 -8.918602 91.430221 1.563010 0.815384
Car -1 -1 1.656592 684.940918 258.709442 750.317688 321.039734 1.330960 1.501193 4.247044 -8.422539 -7.779566 85.084767 1.557924 0.947172
Car -1 -1 -1.550122 885.139465 135.122421 915.084900 163.259903 1.548370 1.809371 4.247422 -6.291310 -27.051851 188.842634 -1.583425 0.310657
Car -1 -1 -1.605309 1006.694946 171.291870 1047.753906 207.405640 1.538344 1.836816 4.246191 1.770366 -17.945262 140.051878 -1.592669 0.467735
Car -1 -1 -1.583711 946.647766 207.857300 993.326477 249.917145 1.309217 1.659961 4.247203 -0.961945 -13.210640 115.242990 -1.592058 0.633194
Car -1 -1 1.651712 734.596802 218.257263 791.281860 274.118866 1.490715 1.672883 4.248969 -8.337334 -10.705371 100.480694 1.568928 0.726543
Car -1 -1 -1.609035 1001.333557 142.463989 1040.343994 185.259918 2.017840 2.006267 4.525721 1.629485 -21.801961 160.225667 -1.598865 0.134339
Car -1 -1 1.670212 703.957458 157.572266 742.219360 192.073242 1.465818 1.692703 4.251472 -15.123054 -20.755872 155.200306 1.573076 0.305548
Car -1 -1 1.650546 714.107178 135.526794 745.229614 163.925110 1.464844 1.766128 4.234221 -18.510828 -27.971250 194.931848 1.555870 0.182320
Car -1 -1 -1.622053 1081.370728 132.401672 1112.170410 156.325562 1.428818 1.799762 4.253767 7.590053 -29.674672 203.663933 -1.584803 0.105129
Car -1 -1 1.650451 746.089905 195.595139 794.030396 238.839035 1.310925 1.610953 4.253359 -9.119776 -13.440366 113.893303 1.570548 0.282288
