Car -1 -1 -1.986884 1299.531250 394.880310 1488.015869 516.756165 1.295397 1.559947 4.282883 8.597301 -1.423275 41.749384 -1.783796 2.321662
Car -1 -1 -2.044388 1713.593750 598.434448 1921.439331 820.027710 1.204020 1.962884 4.542466 11.603974 2.106376 27.139290 -1.640341 3.040191
Car -1 -1 1.911341 62.695415 312.308655 206.948792 418.265472 1.480456 1.318654 4.541848 -17.972438 -3.567893 48.994884 1.559759 1.459549
Car -1 -1 1.742875 308.962128 276.874084 405.697845 380.315277 1.796396 1.422170 4.680195 -14.428524 -4.707651 54.295784 1.483139 0.703254
Car -1 -1 1.751982 415.418091 257.714935 501.682404 327.028625 1.309750 1.575166 4.253240 -14.222457 -7.021899 64.737106 1.535722 1.145341
Car -1 -1 1.845653 216.574753 238.445267 311.338684 309.036041 1.537212 1.599377 4.309551 -21.513621 -8.058073 69.766645 1.546540 0.954611
Car -1 -1 1.914445 0.444560 275.138000 99.579735 352.601593 1.354876 1.740960 4.281915 -24.617498 -5.859984 59.776348 1.523785 0.929665
Car -1 -1 -1.677159 1070.093628 273.984802 1150.244995 348.172363 1.373758 1.746094 4.237890 4.806463 -6.223957 62.483318 -1.600386 1.365661
Car -1 -1 1.924694 66.652687 269.631012 198.914520 358.818085 1.560790 1.435919 4.541106 -21.848098 -5.710914 59.382317 1.572142 1.274331
Car -1 -1 1.772817 438.767548 204.016708 506.881348 254.767044 1.323500 1.582391 4.233346 -18.221153 -11.731310 85.221359 1.562179 1.033020
Car -1 -1 -1.599954 928.289551 249.692902 996.891907 316.217896 1.413797 1.887959 4.227284 0.664888 -7.745321 68.854992 -1.590298 0.939897
Car -1 -1 1.771565 404.333221 186.564774 472.904022 231.907059 1.529970 1.731877 4.235810 -22.004709 -14.023242 96.018834 1.546284 0.733495
Car -1 -1 1.816603 307.754883 216.258926 382.703339 268.605835 1.304713 1.502044 4.251459 -22.143974 -10.758814 81.594162 1.551594 0.919366
Car -1 -1 1.831791 304.511414 193.284088 371.949738 239.204102 1.373869 1.562765 4.226635 -25.682389 -13.401055 93.271475 1.563099 0.617740
Car -1 -1 1.758509 501.143890 188.759216 560.843384 233.204956 1.349299 1.644722 4.238339 -17.869046 -13.983595 95.607531 1.573741 0.801489
Car -1 -1 1.820502 357.092102 183.186234 415.545502 223.964996 1.304969 1.460553 4.246913 -25.585119 -15.176184 101.187995 1.572845 0.729869
Car -1 -1 1.775506 369.232758 232.413620 451.995667 293.241852 1.392314 1.640515 4.241731 -17.657541 -8.881348 73.101116 1.538497 1.073338
Car -1 -1 1.749006 500.293762 163.913895 551.189880 200.395798 1.374398 1.681483 4.239625 -21.341926 -17.973401 112.806444 1.562025 0.742785
Car -1 -1 1.735543 539.349854 171.671219 590.621521 212.754395 1.449641 1.606730 4.223369 -17.989764 -16.184418 104.914253 1.565723 0.552210
Car -1 -1 1.924534 36.154625 200.955292 118.504318 252.920471 1.444180 1.369605 4.234930 -34.598635 -12.141055 87.829503 1.549271 0.741796
Car -1 -1 1.877514 179.321106 227.934280 265.079102 281.641144 1.309424 1.419278 4.233799 -25.454503 -9.825719 77.782056 1.561245 0.577957
Car -1 -1 1.738826 537.231689 151.181946 582.749878 185.545898 1.345186 1.640263 4.250258 -21.465788 -20.490540 123.394637 1.566589 0.425917
