Car -1 -1 -3.080076 533.628052 399.979767 780.268005 498.697601 1.438559 1.830040 4.241300 -6.257763 -1.575605 51.805973 3.082899 3.646218
Car -1 -1 -1.663540 1063.646484 792.831787 1291.602905 1022.366150 0.655962 1.582302 4.239362 1.582581 3.097069 25.193945 -1.600807 2.987666
Car -1 -1 -1.524986 679.981384 780.646179 904.632935 1020.836182 0.742047 1.713310 4.241917 -1.716138 3.069635 25.047458 -1.593395 3.263483
Car -1 -1 -1.766321 1351.831787 740.878357 1655.905029 1019.000427 0.978689 1.687078 4.723544 4.548894 3.008895 25.347214 -1.588748 2.420669
Car -1 -1 1.794516 273.094788 303.575562 379.619537 375.521149 1.272494 1.656089 4.248951 -17.256304 -5.260125 71.762375 1.558531 1.187949
Car -1 -1 1.743773 387.599792 303.678436 490.889954 378.541718 1.273285 1.679672 4.249271 -14.152290 -5.150287 70.959297 1.546914 1.205072
Car -1 -1 0.219903 0.000000 463.162292 132.248062 573.349121 1.296632 1.854257 3.574618 -16.368900 -0.276300 45.643446 -0.124435 0.924146
Car -1 -1 1.704324 525.831177 287.837555 619.618652 372.729401 1.562389 1.732936 4.239350 -10.905121 -5.369957 72.053332 1.554116 1.337277
Car -1 -1 -3.064311 1170.269897 443.758392 1441.278809 561.776367 1.391713 1.809588 4.025440 5.091960 -0.477981 45.070303 -2.951809 2.169221
Car -1 -1 -1.591145 1008.059631 190.791153 1055.946899 236.243713 1.545185 1.878629 4.231419 1.715455 -14.406269 121.154132 -1.576986 0.705880
Car -1 -1 1.677416 664.278015 281.393127 742.789307 349.102142 1.284683 1.653697 4.252837 -8.042605 -6.334468 77.150133 1.573545 0.775313
Car -1 -1 1.789781 352.651794 276.998230 433.396942 341.088196 1.279694 1.226301 4.241519 -17.231793 -6.721915 79.557204 1.576480 0.983986
Car -1 -1 -1.579747 991.543030 133.873108 1020.909546 161.140198 1.551630 1.846987 4.252693 1.028541 -28.229652 196.125378 -1.574503 0.301951
Car -1 -1 1.692756 604.660522 252.287582 674.203186 311.072357 1.338525 1.569590 4.243946 -11.263830 -8.307134 88.171216 1.565694 1.120351
Car -1 -1 -1.553707 883.431335 133.342255 911.764221 164.745316 1.777259 1.688723 4.336374 -6.533646 -27.054383 189.652752 -1.588144 0.340578
Car -1 -1 2.992291 1139.182739 464.266907 1354.890869 557.211121 1.289727 1.833397 3.448473 4.203551 -0.393363 43.309416 3.089046 0.936226
Car -1 -1 1.678703 598.495728 207.092331 655.308228 249.892181 1.339777 1.706191 4.241008 -14.857979 -12.827908 112.307009 1.547169 0.684361
Car -1 -1 1.642213 758.129089 144.425629 792.701355 172.847153 1.351122 1.665311 4.251993 -13.392436 -23.900274 170.379132 1.563770 0.241308
Car -1 -1 1.642736 724.820557 158.652237 764.767883 191.207672 1.389856 1.818773 4.256983 -13.734132 -20.578177 153.266334 1.553365 0.148331
Car -1 -1 -1.619876 1087.394409 138.282852 1119.656128 167.082474 1.507748 1.808254 4.248692 7.411216 -26.156654 184.103573 -1.579642 0.114471
Car -1 -1 -1.561140 934.421204 130.258148 961.099060 154.716568 1.483566 1.803494 4.245466 -3.425333 -31.053812 212.113487 -1.577287 0.194945
