Car -1 -1 -0.175923 1278.815186 293.651245 1571.057617 406.029388 1.312181 1.838594 4.293202 7.503364 -2.501724 45.959773 -0.014092 3.686231
Car -1 -1 0.074282 398.950806 289.456360 729.504456 424.584930 1.542408 1.934260 4.752928 -6.556245 -2.203883 44.626012 -0.071590 3.464293
Car -1 -1 -1.522901 581.525940 648.321838 819.911194 892.537903 0.628123 1.733947 4.269041 -2.305328 2.034286 24.515650 -1.616661 2.715103
Car -1 -1 -1.818464 1380.537354 609.857239 1692.568481 868.833740 0.864037 1.559663 4.313991 4.978358 1.912320 25.046797 -1.622259 3.197517
Car -1 -1 -1.382293 145.025986 646.578186 436.914032 887.474609 0.633888 1.548392 4.250874 -5.874186 2.014119 24.416976 -1.618384 3.486732
Car -1 -1 0.200096 37.287926 274.394958 315.570038 398.421143 1.537859 1.879624 4.055626 -13.572327 -2.722975 47.612808 -0.077595 4.103460
Car -1 -1 -1.685251 991.845520 596.926025 1238.208496 866.618713 0.968557 1.588589 4.242850 1.177780 1.892269 24.787577 -1.637771 2.929334
Car -1 -1 2.872794 1127.607544 215.416321 1395.882935 330.793488 1.503885 1.873684 4.452827 5.593801 -4.312108 53.357612 2.977248 3.478233
Car -1 -1 -0.078154 808.449707 258.326904 1085.405762 361.004181 1.298978 1.864021 4.586178 -0.471950 -3.458416 49.916274 -0.087609 2.928938
Car -1 -1 -2.960908 0.000000 191.622101 201.156555 268.043884 1.260040 1.864909 4.256112 -20.381294 -6.418473 64.381759 3.015689 0.805920
Car -1 -1 -1.936615 1330.133423 103.379257 1428.792847 160.341858 1.282277 1.553945 4.285557 13.633577 -12.499423 92.391371 -1.790109 0.730132
Car -1 -1 3.125421 795.737427 224.692047 1035.619507 318.979614 1.280599 1.866313 4.036454 -1.132277 -4.585785 54.717583 3.104731 1.140854
Car -1 -1 -1.909485 1559.448242 880.860840 1921.469116 1079.569946 0.949560 2.010155 4.298424 5.638392 3.787648 18.692534 -1.616526 3.892708
Car -1 -1 -3.040728 425.974854 222.163818 705.675720 336.184753 1.476698 1.847628 4.648673 -7.793271 -4.214787 53.551047 3.097942 2.111609
Car -1 -1 -0.206354 1449.687988 230.660324 1726.676025 343.489410 1.505827 1.827299 4.351037 11.372841 -3.841196 51.054848 0.012825 3.567608
Car -1 -1 2.893894 1374.849976 180.881180 1596.774170 280.922180 1.562345 1.839755 4.086855 11.085066 -5.760045 59.917040 3.076833 2.025424
Car -1 -1 2.989038 922.819336 191.643707 1139.425659 293.357910 1.654847 1.885692 4.072824 1.228674 -5.308075 58.501259 3.010038 1.557729
Car -1 -1 -2.816918 1578.433838 125.489182 1750.405029 188.660156 1.320516 1.833023 4.166455 20.409377 -10.194713 81.201925 -2.570677 1.561381
Car -1 -1 -3.072535 596.607666 183.581558 795.970520 264.126343 1.326929 1.845654 4.175250 -6.517231 -6.612527 65.458463 3.111414 1.506818
Car -1 -1 1.705913 420.204407 90.838554 494.316101 152.116623 1.493822 1.753758 4.268209 -17.676361 -13.143999 95.276181 1.522471 0.765908
Car -1 -1 2.808735 1659.332153 163.128082 1879.990601 250.571259 1.509547 1.847784 4.209752 18.649893 -6.788551 64.753354 3.089160 1.468131
Car -1 -1 1.748326 261.849152 122.356415 340.493408 180.717056 1.219249 1.466608 4.262475 -20.579724 -10.956679 85.309681 1.511613 1.088365
Car -1 -1 1.820359 7.995105 126.018730 103.744125 192.282440 1.395685 1.588021 4.276379 -27.242608 -10.342607 82.710618 1.502177 1.009604
Car -1 -1 1.699358 380.391022 116.338135 459.031921 174.109055 1.243935 1.632678 4.273667 -17.171093 -11.311873 86.602889 1.503623 0.941176
Car -1 -1 0.045052 36.422962 223.774063 290.177002 313.516541 1.197102 1.883557 4.523023 -16.740422 -4.920437 57.228523 -0.239527 1.098849
Car -1 -1 1.778585 136.996094 118.321808 232.654373 184.340393 1.367833 1.656522 4.277548 -24.075202 -10.860836 84.935929 1.502378 0.921597
Car -1 -1 1.791085 195.305481 100.144196 272.654816 163.196533 1.420478 1.377666 4.257117 -24.786807 -12.598856 93.430961 1.531763 0.806635
Car -1 -1 2.842249 1570.404053 215.837296 1802.756958 303.255127 1.311470 1.819151 3.626343 14.082396 -4.796890 55.022765 3.092809 0.977339
Car -1 -1 1.771568 261.002441 85.291016 326.833618 133.517120 1.265448 1.343360 4.285867 -25.407112 -14.967394 104.134725 1.532260 0.599312
Car -1 -1 1.727390 316.910095 104.721687 389.381195 160.952469 1.273097 1.524101 4.266459 -20.781552 -12.631123 93.410502 1.508480 0.870007
Car -1 -1 1.759759 310.213654 70.211555 369.483246 116.078568 1.279706 1.397158 4.253907 -25.661702 -16.838288 112.512237 1.535515 0.541344
Car -1 -1 1.842296 30.816179 75.736038 101.452568 123.975021 1.441198 1.352637 4.310485 -36.828791 -16.586275 112.993083 1.527215 0.316237
Car -1 -1 1.673889 454.117371 83.021362 517.106812 134.172546 1.265321 1.498611 4.252515 -17.627394 -14.586476 101.309636 1.501618 0.634734
Car -1 -1 -0.015558 0.155779 251.428055 131.099579 353.161133 1.201320 1.853860 4.370409 -18.478480 -3.901053 53.173351 -0.350016 0.631763
Car -1 -1 1.687221 487.456573 72.808609 542.874329 116.555435 1.244284 1.465569 4.252781 -17.689843 -15.990367 107.344922 1.523894 0.467089
Car -1 -1 1.725913 373.271057 79.770775 434.736786 129.573349 1.252401 1.495709 4.247046 -21.426303 -15.243548 104.613486 1.523893 0.489135
Car -1 -1 1.805929 66.241310 102.686584 148.756165 163.640320 1.489906 1.337901 4.412514 -28.545446 -12.244466 91.765521 1.504348 0.500542
Car -1 -1 1.744527 348.653076 59.796749 401.963654 98.814743 1.177724 1.309756 4.273069 -26.386858 -19.042394 122.588771 1.532515 0.462615
Car -1 -1 1.880634 0.000000 95.259804 49.168724 144.811996 1.258168 1.606130 4.233161 -36.086097 -14.549215 103.520857 1.545218 0.245030
Car -1 -1 1.700152 416.559387 58.937313 469.437805 99.575737 1.182526 1.503007 4.255227 -22.638600 -18.492414 118.965514 1.512105 0.395439
Car -1 -1 1.818348 139.627625 80.624458 205.129547 129.534683 1.262187 1.357850 4.264121 -30.958631 -15.664398 107.699269 1.538440 0.470858
Car -1 -1 1.736208 384.220581 36.530514 435.388458 77.968040 1.567524 1.668209 4.313655 -26.621650 -21.205803 131.539470 1.536520 0.327676
Car -1 -1 1.670991 528.180115 47.111576 575.102356 89.179390 1.464429 1.593725 4.257669 -18.882920 -19.732073 124.821765 1.520851 0.375132
Car -1 -1 1.696615 452.754028 46.511433 501.059418 86.408287 1.283086 1.505781 4.248603 -22.300730 -19.967179 125.233159 1.520388 0.304706
Car -1 -1 1.794190 255.604309 70.317451 316.756409 114.320900 1.303096 1.468498 4.264066 -28.430380 -17.216677 114.556918 1.550928 0.227005
Car -1 -1 1.857632 1843.655640 219.319382 1918.049683 301.075439 1.393159 1.585431 3.428385 21.058366 -5.342523 61.157218 2.189248 0.169747
Car -1 -1 1.703026 499.449615 63.937252 552.476990 107.891518 1.270071 1.469516 4.249078 -18.351633 -17.351829 113.812829 1.543158 0.265446
Car -1 -1 1.702313 403.154114 102.040245 479.067871 163.383987 1.468047 1.721594 4.283455 -17.541713 -12.851105 93.765477 1.517370 0.241235
