Car -1 -1 2.913082 604.470276 359.263519 836.576477 471.402924 1.521945 1.852495 4.001542 -4.404320 -2.135545 43.784950 2.812830 4.228722
Car -1 -1 2.945937 1127.244873 356.028198 1366.766846 457.098022 1.547894 1.876867 4.330503 6.407878 -2.460127 46.302087 3.083456 3.869453
Car -1 -1 2.759783 1506.681274 341.324829 1776.278809 458.975220 1.874946 1.970596 4.675777 14.789953 -2.431936 46.468736 3.067922 3.516004
Car -1 -1 -3.027891 295.091583 341.937103 543.712036 429.492523 1.316618 1.866845 4.687546 -11.298974 -3.083569 47.569326 3.022089 3.492393
Car -1 -1 1.833386 289.013245 253.994186 381.331818 325.818054 1.466920 1.408490 4.223403 -18.120901 -7.124267 65.697576 1.564255 1.363303
Car -1 -1 1.867868 172.020248 246.989166 276.198944 324.643219 1.658057 1.499520 4.210310 -21.574030 -7.195517 66.093637 1.552355 1.100126
Car -1 -1 1.798610 355.627777 222.466003 444.118469 294.858856 1.712306 1.635869 4.408500 -17.832494 -8.767760 72.386497 1.557069 0.603779
Car -1 -1 -1.557337 914.678833 254.004700 985.635559 318.926941 1.309248 1.834539 4.236946 0.314157 -7.612371 68.354402 -1.552741 1.030629
Car -1 -1 1.859399 243.983551 236.694382 327.979340 296.099365 1.366729 1.338859 4.212723 -21.927177 -8.838104 73.417926 1.569170 1.260429
Car -1 -1 -1.590852 937.166382 162.261154 977.279419 211.272034 1.785310 1.750889 4.393096 0.826281 -16.796879 108.173818 -1.583213 0.484074
Car -1 -1 1.916820 99.366150 200.429672 179.828186 250.470871 1.452688 1.402622 4.228714 -32.097482 -12.181702 87.808551 1.566369 1.156519
