Car -1 -1 -1.333604 404.769562 646.718506 644.646912 847.080688 0.607618 1.356603 4.225806 -4.560087 1.946928 23.207974 -1.527620 2.932492
Car -1 -1 -1.463820 687.840637 710.154053 916.930298 948.866211 0.614664 1.615119 4.265428 -1.414921 2.487139 20.750409 -1.531902 3.159149
Car -1 -1 1.838539 455.008606 242.251205 542.699951 306.353790 1.277270 1.381422 4.246905 -14.315690 -8.044634 67.363148 1.629139 1.212915
Car -1 -1 1.885231 323.954590 255.723007 424.281494 318.695770 1.174754 1.260213 4.231681 -17.280258 -7.321247 64.160718 1.622146 1.528368
Car -1 -1 -1.253579 110.405151 866.113892 551.206970 1079.069580 0.927371 1.927703 4.210125 -4.807024 3.922394 17.446686 -1.522435 2.876811
Car -1 -1 1.939488 224.594467 250.177994 333.231537 319.051819 1.234499 1.360207 4.343207 -20.336879 -7.472668 64.966602 1.636115 1.039830
Car -1 -1 1.689389 708.840088 173.676880 760.389954 214.986877 1.277364 1.457985 4.248488 -10.037162 -15.020022 96.045222 1.585262 0.756349
Car -1 -1 1.903934 294.823120 209.777893 398.884399 287.306305 1.812228 1.414583 4.923293 -20.142180 -9.149868 71.708618 1.630101 0.717216
Car -1 -1 2.388897 0.255561 274.218475 96.617119 347.561218 1.326856 1.832565 4.575436 -27.056366 -6.258568 61.341583 1.973488 0.473802
Car -1 -1 -1.801214 1409.696411 864.478516 1818.981445 1077.494873 1.109373 1.822003 4.197490 5.182892 4.253829 18.235801 -1.524301 2.331089
Car -1 -1 -1.568050 1058.098999 156.344986 1099.334839 191.805923 1.306396 1.876778 4.259618 5.896420 -18.422499 111.076121 -1.515016 0.597273
Car -1 -1 1.778686 593.992126 141.081985 642.672119 174.888123 1.502821 1.829162 4.258333 -19.948298 -21.799190 126.201807 1.621916 0.470013
Car -1 -1 -1.608791 1049.323730 793.934143 1239.046265 1020.049255 0.440500 1.549525 4.146840 1.676592 3.117180 21.126809 -1.529599 4.647568
Car -1 -1 1.775178 447.102600 195.993896 511.760986 243.312836 1.226228 1.233715 4.247406 -19.112535 -12.472330 86.042415 1.556598 0.589294
Car -1 -1 1.887020 260.799805 215.775604 327.136322 271.735504 1.220901 1.367103 4.229522 -23.560429 -10.320509 76.891133 1.589690 0.468259
Car -1 -1 1.631927 488.645142 127.847000 532.562439 157.014862 1.470138 1.636212 4.149430 -29.797370 -25.853888 143.408463 1.427062 0.068711
