Car -1 -1 2.793489 1633.065430 281.763855 1820.950684 351.486328 1.427428 1.848366 4.138377 21.021827 -6.013427 60.740952 3.126677 2.913921
Car -1 -1 -1.413244 530.379639 564.616211 755.709778 765.287354 0.988954 1.804285 4.318517 -3.748966 1.402679 25.821383 -1.557425 3.466256
Car -1 -1 -1.766220 1496.185791 710.651611 1767.186646 962.556091 0.754020 1.518995 4.220588 6.479540 2.723275 21.815009 -1.477497 2.871832
Car -1 -1 -3.070199 730.518494 257.029541 896.127869 336.806335 1.767794 1.890151 4.353878 -4.499203 -6.727444 63.835895 -3.140564 2.775905
Car -1 -1 2.882569 1377.183472 267.061432 1548.666992 325.311951 1.324176 1.849775 4.479817 15.147528 -7.384305 67.334438 3.103845 2.361475
Car -1 -1 1.698205 678.894897 218.102844 737.127625 264.513763 1.295352 1.648982 4.263535 -10.647646 -12.063901 88.784518 1.578848 0.824370
Car -1 -1 -2.958815 532.095886 254.320938 693.851196 313.331818 1.379012 1.859826 4.596099 -11.484336 -8.065495 70.302979 -3.120740 2.317066
Car -1 -1 1.737700 540.057373 215.010651 602.965149 258.237976 1.306196 1.729274 4.257286 -16.693071 -12.643130 91.652895 1.557541 0.813645
Car -1 -1 1.676606 701.168152 199.186722 752.081665 242.385101 1.455333 1.674708 4.253210 -11.049858 -14.361775 99.372171 1.565864 0.637531
Car -1 -1 1.655993 728.423279 185.358536 773.026489 228.507309 1.627612 1.728703 4.261451 -10.777451 -16.154109 107.531587 1.556100 0.542925
Car -1 -1 0.172745 1298.484375 156.346878 1374.026611 188.423477 1.599036 1.854372 4.108312 23.406286 -23.252549 139.476212 0.339011 0.137508
