Car -1 -1 0.124339 324.347504 458.813629 643.434814 573.649719 1.346893 1.851657 4.569346 -8.221765 -0.289216 44.845462 -0.056983 3.780254
Car -1 -1 -3.049052 503.933533 399.190887 771.568848 503.283600 1.435641 1.851699 4.449093 -6.504167 -1.518862 51.201262 3.107779 2.919532
Car -1 -1 -1.512995 656.484131 806.812073 897.395813 1061.712891 0.666411 1.714913 4.534055 -1.800720 3.209519 24.261105 -1.587082 2.356803
Car -1 -1 -1.756279 1335.812134 771.262207 1613.502808 1003.074951 0.765297 1.613827 4.233342 4.385776 3.040054 25.742314 -1.587527 2.425911
Car -1 -1 -1.636684 1010.568909 744.617004 1234.729004 967.307983 0.794860 1.762312 4.227551 1.159539 2.862786 26.598743 -1.593117 2.788104
Car -1 -1 -0.349601 274.477661 383.647064 537.829712 478.405426 1.160299 1.846674 4.297491 -11.481891 -2.177213 54.227093 -0.558256 3.003665
Car -1 -1 -0.915876 662.181152 340.055756 831.756531 422.349243 1.196851 1.664891 3.848204 -5.540888 -3.664806 62.689648 -1.004033 0.921145
Car -1 -1 -1.401946 1012.694580 298.619629 1107.135620 377.840240 1.404615 1.731534 4.256146 1.781984 -5.182149 71.262210 -1.376945 1.102004
Car -1 -1 -1.501559 875.594604 275.806763 957.800598 346.489899 1.388372 1.862077 4.251182 -2.110710 -6.485410 78.201482 -1.528543 0.993112
Car -1 -1 1.753476 401.284485 304.986176 498.813141 379.559662 1.313603 1.563982 4.238803 -13.838016 -5.088889 70.747134 1.560316 1.429739
Car -1 -1 1.700062 520.077209 288.140839 617.095032 380.768280 1.688267 1.713008 4.294921 -10.695723 -5.037329 70.003053 1.548445 0.752715
Car -1 -1 1.779089 269.711487 303.291412 374.716034 378.399536 1.318595 1.601887 4.243839 -17.164588 -5.130865 70.962499 1.541765 1.091234
Car -1 -1 -1.562746 918.046448 197.505096 968.789124 248.008270 1.570281 1.852405 4.260520 -1.989020 -12.966390 112.587810 -1.580410 0.530649
Car -1 -1 -1.587423 1016.420288 223.555283 1075.922729 278.690277 1.536124 1.872693 4.228961 1.917561 -10.455345 99.817104 -1.568214 0.775009
Car -1 -1 1.770491 342.985046 278.979858 424.497253 342.781952 1.259006 1.310743 4.229627 -17.316952 -6.613067 78.765801 1.554080 1.198593
Car -1 -1 1.733600 452.990936 265.067993 536.167297 339.205902 1.547916 1.542979 4.243721 -14.316602 -6.788463 79.712483 1.555892 1.292675
Car -1 -1 1.723314 504.545746 242.445969 577.431458 303.958893 1.485734 1.598849 4.254127 -14.618078 -8.674914 89.753534 1.561863 1.024065
Car -1 -1 -1.565398 1029.690063 184.549927 1073.097412 221.576218 1.378606 1.750257 4.223276 2.764193 -16.040192 129.666499 -1.544084 0.638171
Car -1 -1 -1.551631 887.078918 135.833603 915.480286 161.719345 1.446835 1.797403 4.253407 -6.392651 -27.846466 193.716125 -1.584619 0.420183
Car -1 -1 -1.555570 923.873108 165.645035 960.793091 199.345917 1.376453 1.736494 4.232644 -2.667635 -19.178151 146.149107 -1.573821 0.511844
Car -1 -1 1.647979 714.833496 213.114624 775.244629 269.302094 1.637347 1.776501 4.275777 -8.951832 -10.868486 100.635995 1.559260 0.554187
Car -1 -1 -1.568041 936.696838 132.216019 963.986755 156.824387 1.487596 1.749254 4.263825 -3.056297 -29.214501 201.044808 -1.583242 0.272770
Car -1 -1 -1.595371 996.189636 152.061340 1029.918701 181.399063 1.416352 1.856204 4.241563 1.237213 -22.529273 164.432944 -1.587847 0.315101
Car -1 -1 1.633268 775.192993 184.960861 818.984070 230.972473 1.618382 1.515424 4.278052 -8.517664 -14.644785 121.392191 1.563216 0.470859
Car -1 -1 1.723415 549.631348 228.475266 614.314819 281.898193 1.353258 1.620948 4.242254 -14.570398 -10.231996 98.266845 1.576214 0.739295
Car -1 -1 1.670564 707.951843 132.916992 739.232605 160.462585 1.589727 1.734004 4.248955 -18.808250 -27.916384 193.474174 1.573656 0.309530
Car -1 -1 1.644771 664.199158 303.387573 740.807983 374.805328 1.218220 1.574751 4.235329 -7.398385 -5.180316 70.291168 1.539904 1.114870
Car -1 -1 1.661507 744.884949 197.931808 795.117065 242.935562 1.388606 1.606692 4.242423 -9.161046 -13.284887 113.811694 1.581187 0.355226
Car -1 -1 -1.615597 1094.720825 136.960129 1127.071655 162.794495 1.483505 1.888732 4.229096 8.064618 -26.913964 187.897420 -1.572703 0.098292
Car -1 -1 1.630491 662.824280 280.436676 738.338745 342.820831 1.184639 1.710726 4.246998 -8.104967 -6.442982 76.507801 1.524948 0.449047
Car -1 -1 1.663756 709.645935 239.882553 770.814880 296.473785 1.346900 1.517057 4.234735 -8.381233 -9.138210 92.140345 1.573044 0.483098
