Car -1 -1 -1.485075 618.629089 821.144531 876.418030 1079.889160 1.028135 1.731522 4.238705 -1.963042 3.609212 23.538645 -1.568279 3.067412
Car -1 -1 -1.325077 855.463135 313.336792 961.910217 385.709625 1.194059 1.584832 4.263858 -2.057639 -4.874928 69.448042 -1.354697 0.985135
Car -1 -1 1.871024 81.761780 273.090790 179.928894 337.293335 1.314852 1.340242 4.238798 -25.410243 -7.020989 81.748477 1.569657 1.279095
Car -1 -1 -1.645999 1014.319885 835.639465 1283.506226 1078.977295 1.219318 1.774504 4.260459 1.190958 3.880395 23.112016 -1.594515 2.811692
Car -1 -1 1.470446 667.792908 284.343689 752.993835 355.440796 1.325471 1.685809 4.252147 -7.678846 -5.983063 74.744608 1.368071 0.956357
Car -1 -1 -1.570574 966.138489 221.918152 1021.931274 274.867615 1.471240 1.842633 4.244168 0.069421 -10.652912 100.533472 -1.569884 0.761346
Car -1 -1 -1.566596 931.605530 200.066620 979.005432 240.851074 1.344241 1.812411 4.236540 -1.595769 -13.847329 118.016122 -1.580117 0.668419
Car -1 -1 1.810970 269.741943 304.615540 379.395447 372.877502 1.227447 1.500413 4.211979 -16.817079 -5.086920 69.594817 1.573872 0.970326
Car -1 -1 -1.562295 885.994751 146.820145 923.033020 187.072983 1.863052 1.873181 4.368813 -5.064791 -21.649976 159.803930 -1.593979 0.246284
Car -1 -1 1.772375 394.912018 295.088562 496.894073 362.966858 1.191511 1.554572 4.245507 -14.422613 -5.702332 73.148038 1.577702 0.785701
