Car -1 -1 -1.690699 1090.320312 661.073486 1324.931641 944.255127 1.167953 1.719131 4.278899 2.253127 2.581435 21.832131 -1.587861 3.949496
Car -1 -1 1.135738 763.950317 310.066101 910.326965 389.689850 1.162132 1.556673 4.791475 -3.398312 -4.680380 54.275259 1.073207 0.876161
Car -1 -1 1.717078 447.946747 287.710815 534.451355 368.084656 1.273030 1.419403 4.249221 -12.402798 -5.388024 56.692918 1.501700 1.133295
Car -1 -1 2.824558 1606.771851 269.498444 1771.265015 325.983246 1.330470 1.823607 4.124578 22.129284 -7.311417 67.218510 -3.140589 2.702501
Car -1 -1 1.484817 691.959900 234.917740 751.427307 288.728485 1.264866 1.596406 4.273001 -8.832012 -9.724446 77.129992 1.370806 0.909086
Car -1 -1 1.650184 716.963623 191.344711 761.303223 232.640961 1.481668 1.664512 4.255822 -10.904285 -15.301104 103.126724 1.544839 0.564894
Car -1 -1 1.282536 739.161377 252.882446 823.567932 313.494934 1.304542 1.526272 4.285835 -6.106107 -8.105753 70.058736 1.195599 0.942086
Car -1 -1 1.307373 731.306458 278.307159 823.659058 346.988464 1.198449 1.448842 4.269454 -5.361151 -6.160740 60.071162 1.218362 1.164956
Car -1 -1 1.768582 469.917786 202.606689 535.345886 247.702850 1.344677 1.724330 4.267156 -20.296794 -13.516720 94.636352 1.557311 0.699088
Car -1 -1 1.221416 746.145203 195.475098 814.727417 245.355637 1.568633 1.446491 4.550996 -8.684535 -14.353387 99.520479 1.134372 0.230515
Car -1 -1 -1.578749 910.154175 213.151611 955.928589 256.849213 1.359565 1.731983 4.235642 -1.680301 -13.034338 94.093888 -1.596605 0.784007
Car -1 -1 -1.573337 925.248840 173.257660 959.458313 205.328583 1.343506 1.692100 4.255288 -1.619261 -20.515923 128.116500 -1.585976 0.541439
Car -1 -1 -1.586260 926.372375 133.109604 949.545166 157.141525 1.668575 1.666607 4.386728 -2.835634 -34.700921 193.032099 -1.600949 0.298466
Car -1 -1 -1.557644 888.609802 145.391907 917.032471 171.828125 1.548782 1.825347 4.283209 -5.019148 -28.297359 162.717849 -1.588480 0.379477
Car -1 -1 0.173880 1296.214233 156.934875 1365.741455 188.028473 1.564075 1.861993 3.896745 23.210762 -23.305477 139.676325 0.338550 0.147137
Car -1 -1 1.633773 772.819336 130.174713 800.223450 153.713684 1.662218 1.972052 4.277943 -16.091463 -34.811028 191.771478 1.550060 0.238499
