Car -1 -1 -1.611005 891.894775 645.037964 1090.551514 844.091309 0.846252 1.703694 4.249684 -0.091397 2.140497 28.797746 -1.614179 2.769897
Car -1 -1 -1.763559 1320.687988 598.439270 1591.741943 904.785156 1.537846 1.533010 4.744888 4.426560 2.396480 27.360281 -1.603161 2.229457
Car -1 -1 -1.419417 199.064224 768.221436 675.454407 1079.200562 1.914697 2.133018 5.177773 -3.709668 4.046903 19.832723 -1.604328 2.374248
Car -1 -1 -1.485696 557.786133 684.033997 762.077271 894.533752 0.868287 1.603800 4.260262 -3.263321 2.515663 27.974432 -1.601825 2.618519
Car -1 -1 1.812902 189.041824 251.685379 277.818939 308.987915 1.249385 1.550763 4.255165 -23.325218 -7.529455 85.492375 1.546550 0.979529
Car -1 -1 -1.366113 162.238571 632.721252 428.980713 858.277466 1.076431 1.580610 4.214665 -6.942914 2.220609 28.179691 -1.607682 4.861925
Car -1 -1 1.312432 460.599915 280.747131 560.350281 354.541016 1.258708 1.525466 4.256776 -12.438798 -5.268745 71.360083 1.139855 0.935033
Car -1 -1 1.862506 0.075896 275.981415 68.424889 357.177795 1.457924 1.656255 4.345585 -26.467717 -5.483236 74.556707 1.521383 0.687639
Car -1 -1 1.762924 268.942505 204.806580 339.284943 256.443146 1.582823 1.756372 4.258908 -27.091297 -11.478857 109.355997 1.520078 0.646687
Car -1 -1 1.749173 391.226562 196.125183 457.431458 246.068344 1.576072 1.746950 4.256657 -22.786028 -12.063963 111.558377 1.547693 0.626067
Car -1 -1 -1.621228 919.653137 875.004211 1222.021484 1077.055786 1.214088 1.859742 4.475913 0.438821 4.016170 20.312510 -1.599628 2.581597
Car -1 -1 1.672468 566.820007 185.209137 620.377686 233.972763 1.660835 1.702182 4.313522 -17.227305 -13.486540 120.220806 1.530140 0.492293
Car -1 -1 1.703921 525.281067 165.433060 570.426086 199.392044 1.431398 1.704746 4.253728 -24.496910 -18.962875 153.372741 1.545537 0.327423
Car -1 -1 1.675722 590.227173 139.127274 627.792969 173.267868 1.847332 1.758020 4.392694 -25.209111 -24.185321 182.994016 1.538824 0.098196
Car -1 -1 -1.705891 1178.992920 165.439758 1223.136353 198.341644 1.426832 1.619684 4.260813 11.930203 -19.511526 157.440435 -1.630259 0.151870
