Car -1 -1 -1.693285 1048.692261 696.810669 1303.000366 966.964783 0.882136 1.844444 4.414056 1.931212 2.617216 21.721211 -1.604609 2.680970
Car -1 -1 -1.924432 1753.167480 172.357803 1825.634521 212.285492 1.368147 1.559518 4.244580 39.418561 -16.858437 104.954775 -1.565156 0.565523
Car -1 -1 1.181548 1811.300781 164.784119 1894.905396 213.377518 1.694585 1.777210 4.462123 42.496863 -16.863408 105.070126 1.565895 0.316405
Car -1 -1 1.892717 159.035858 243.227325 237.876007 294.196533 1.435736 1.510762 4.250442 -31.256072 -11.306684 89.376522 1.556299 0.899882
Car -1 -1 2.008582 1733.926636 205.927460 1832.979980 260.569824 1.497257 1.833240 4.237487 32.015533 -12.096116 85.811465 2.365679 0.252825
Car -1 -1 2.788305 1719.664185 164.779846 1813.829224 203.300049 1.470098 1.835971 3.759834 40.124252 -18.007256 109.775925 3.138730 0.148244
Car -1 -1 1.182926 1870.626831 171.617477 1918.510010 213.537994 1.385286 1.533322 4.219541 44.123564 -16.517293 102.748945 1.588544 0.366538
Car -1 -1 -2.761011 49.522762 196.977478 126.740860 225.459000 1.167145 1.819412 3.215794 -48.463510 -18.568591 120.614303 3.140112 0.098874
Car -1 -1 2.839000 1557.385376 139.631958 1636.721313 175.623627 1.875210 1.893374 4.019701 38.632778 -23.534683 134.384522 3.118931 0.114709
Car -1 -1 2.876295 1590.630249 148.590469 1675.648682 182.443298 1.515775 1.833646 3.849165 38.652710 -21.841887 126.713451 -3.110816 0.118273
