Car -1 -1 1.824918 432.620758 255.701141 538.900940 337.806366 1.160641 1.231679 4.247261 -10.914830 -5.854530 51.049929 1.614283 1.630766
Car -1 -1 -1.561065 850.869385 316.966522 958.680420 417.206512 1.081100 1.829004 4.264288 -0.977287 -3.613046 43.372914 -1.583593 2.367863
Car -1 -1 -1.767648 683.305542 238.721268 777.420471 312.262909 1.154339 1.419585 4.242433 -5.898012 -7.061662 56.688311 -1.871318 1.340777
Car -1 -1 2.766926 1588.081177 172.572006 1732.804077 231.433853 1.588052 1.883648 3.992489 24.555006 -11.826221 75.996234 3.079446 0.862601
Car -1 -1 2.710390 1686.553589 197.096741 1864.655518 250.868393 1.288523 1.848120 4.314669 25.598718 -10.017653 68.277967 3.069090 1.443626
Car -1 -1 2.737754 1670.188477 174.929245 1836.921021 241.044968 1.618377 1.860825 4.265252 26.010680 -10.721987 70.966301 3.089071 0.633865
Car -1 -1 -1.612121 1071.971436 101.068542 1110.183838 131.419556 1.426158 2.037605 4.251480 8.532164 -27.103949 137.066184 -1.549952 0.413485
Car -1 -1 2.625757 148.275681 116.961250 240.015961 150.866058 1.357932 1.849396 3.827991 -40.156394 -21.731418 114.720446 2.289050 0.212299
Car -1 -1 -1.547560 990.486328 75.749565 1016.348694 97.474785 1.618008 1.948198 4.268377 4.210520 -40.167894 190.147122 -1.525420 0.175463
Car -1 -1 2.290142 1864.241943 184.039688 1919.841187 231.468277 1.454322 1.835718 3.417320 36.480054 -12.757586 82.626971 2.705907 0.245331
Car -1 -1 2.643558 1829.299683 172.401260 1922.360352 215.711029 1.297453 1.788277 3.445984 35.070152 -13.174282 81.664090 3.049187 0.175186
Car -1 -1 1.645300 789.845581 92.838531 821.457764 120.101006 1.459755 1.768439 4.251577 -10.423888 -30.899194 152.732803 1.577157 0.321413
Car -1 -1 -1.606024 1022.433960 75.790909 1047.050781 97.804306 1.531991 1.914753 4.255049 6.965310 -39.855188 188.327446 -1.569056 0.101360
Car -1 -1 2.804803 1686.692017 161.301392 1822.725098 212.435089 1.452181 1.888522 3.901713 29.358674 -13.008333 79.977347 -3.126567 0.205206
Car -1 -1 2.286850 390.374603 108.723946 462.495880 138.787674 1.321435 1.825382 3.455890 -31.675237 -25.331758 130.256186 2.048303 0.040612
