Car -1 -1 -1.675857 1169.427612 428.939148 1324.196045 572.514282 1.296704 1.729987 4.385736 3.974259 -0.287924 43.584813 -1.584924 1.750337
Car -1 -1 -1.739196 1269.098511 624.568970 1491.784546 826.855896 0.952166 1.544730 4.244814 4.126391 2.070805 30.160343 -1.603225 2.429127
Car -1 -1 1.866449 72.037430 281.690338 179.787079 350.850708 1.223159 1.302171 4.281037 -23.327300 -5.640714 74.975648 1.564811 0.906209
Car -1 -1 -1.521823 738.726013 366.846283 857.516785 482.192291 1.349718 1.896500 4.286131 -3.618255 -1.794799 52.533170 -1.590590 1.861065
Car -1 -1 -1.385868 214.528839 588.795471 474.030579 855.126953 1.503587 1.578377 4.277798 -6.482764 2.180833 28.387076 -1.610388 2.780608
Car -1 -1 -1.460149 504.063599 747.223633 748.484619 984.414673 0.741667 1.632564 4.227919 -3.137206 2.821112 24.686086 -1.586556 2.349477
Car -1 -1 -1.950222 1686.639771 542.773926 1920.118408 731.133972 1.321030 1.634413 4.127176 10.019240 1.447007 33.736131 -1.661531 4.773311
Car -1 -1 -1.313193 0.000000 825.696350 337.194305 1078.884399 1.006381 1.952303 4.257062 -6.562020 3.562648 21.541199 -1.608889 2.629083
Car -1 -1 -1.629831 941.976135 435.830719 1084.548584 568.186951 1.069899 1.879808 4.295560 0.298775 -0.394260 44.622824 -1.623135 2.487794
Car -1 -1 -1.622402 922.229309 519.657898 1142.248047 854.631104 1.920297 1.847754 4.769099 0.305591 2.011585 28.677154 -1.611746 1.385632
Car -1 -1 1.736339 447.629364 229.929489 525.967102 295.566742 1.537695 1.616243 4.260086 -16.088565 -8.203056 88.671137 1.556851 0.869736
Car -1 -1 1.758464 375.878265 203.470215 439.302551 248.209274 1.294512 1.516915 4.253383 -23.852625 -12.202704 113.231273 1.550846 0.617581
Car -1 -1 1.895938 0.713883 280.397034 52.119373 354.822906 1.420298 1.387271 4.221305 -27.361484 -5.544725 75.985464 1.550304 0.301334
