Car -1 -1 -1.658755 1036.484619 822.499268 1280.707031 1064.057617 0.669040 1.658484 4.232220 1.384585 3.335346 24.541607 -1.602397 3.042388
Car -1 -1 1.806047 262.702179 303.002045 366.439545 383.743408 1.448756 1.430697 4.236440 -17.035594 -4.904202 69.667697 1.566227 1.257406
Car -1 -1 -1.507975 631.314148 832.134033 896.147339 1079.660889 1.491413 1.701405 4.384091 -1.743549 4.098047 22.526525 -1.585221 1.826878
Car -1 -1 1.748905 421.017761 272.294159 520.623962 364.967926 1.762174 1.598213 4.678598 -13.806590 -5.698262 73.509366 1.563247 0.562112
Car -1 -1 1.706169 518.189209 294.696625 613.997620 381.552490 1.545096 1.644321 4.250905 -10.777279 -5.019570 70.144521 1.553717 1.147973
Car -1 -1 -1.367892 189.253967 840.292175 533.537842 1080.000000 0.993362 1.841723 4.241201 -5.213298 3.743526 23.500464 -1.586194 2.524364
Car -1 -1 1.657600 651.904724 281.159607 737.598694 367.288086 1.618220 1.690043 4.234099 -7.803454 -5.543042 72.621876 1.550558 1.236671
Car -1 -1 1.787758 326.293213 270.868439 415.014435 347.232727 1.541260 1.399062 4.235791 -17.445236 -6.428016 77.719691 1.566955 1.166567
Car -1 -1 -1.605666 1038.817017 236.630676 1098.721802 290.511017 1.281773 1.808426 4.267607 2.597187 -9.693839 95.501583 -1.578477 1.095391
Car -1 -1 -1.565810 939.172119 208.365204 986.821289 255.294037 1.459833 1.659006 4.254292 -1.172049 -12.364891 110.034048 -1.576461 0.817055
Car -1 -1 1.821388 244.772995 236.307724 322.271606 290.212585 1.330013 1.417366 4.240566 -24.592254 -9.721445 96.027601 1.570680 0.775381
Car -1 -1 -1.679221 1250.244995 224.953766 1313.465210 274.848846 1.366175 1.740713 4.246273 10.661214 -10.792187 101.742090 -1.574815 0.857205
Car -1 -1 1.724236 484.085419 243.228668 566.646301 325.504791 1.849934 1.583538 4.698763 -13.915367 -7.396201 82.246349 1.556632 0.632538
Car -1 -1 -1.576129 1033.410034 191.189041 1076.712524 228.660797 1.269846 1.725233 4.248106 2.811302 -15.088897 124.347293 -1.553524 0.574064
Car -1 -1 1.686210 568.519836 273.051636 644.889771 343.415710 1.463775 1.563606 4.243171 -10.779321 -6.458897 77.491206 1.547993 1.034175
Car -1 -1 1.688161 620.579285 242.590668 680.051941 296.061493 1.294190 1.380979 4.248974 -11.374084 -9.090561 91.728024 1.564793 1.050743
Car -1 -1 1.619221 787.466370 172.206711 828.087280 209.258011 1.406751 1.643738 4.246376 -9.382580 -18.018039 140.512762 1.552546 0.446430
Car -1 -1 -1.448117 1059.922974 165.289474 1106.526733 206.095306 1.812208 1.749489 4.330293 4.637815 -18.132975 141.120344 -1.415265 0.312486
Car -1 -1 -1.572019 935.998596 145.985992 966.319458 175.991455 1.532905 1.719832 4.286915 -2.568117 -24.073185 173.224254 -1.586843 0.324383
Car -1 -1 1.751401 392.214264 261.406006 462.459137 321.374298 1.281873 1.132986 4.266516 -17.189169 -7.635569 84.053122 1.549679 0.723517
Car -1 -1 -1.552606 881.769287 156.363495 917.341675 189.121185 1.530538 1.813470 4.253050 -5.263198 -20.959216 155.837469 -1.586366 0.469105
Car -1 -1 1.663439 690.268860 263.722870 753.205688 327.685944 1.318149 1.410972 4.254807 -8.064561 -7.360917 82.637224 1.566157 0.797728
Car -1 -1 -1.580178 1003.120422 151.375290 1037.394897 184.308975 1.594405 1.869346 4.249728 1.642324 -22.349107 164.007511 -1.570165 0.268447
Car -1 -1 1.664522 710.370300 246.694519 771.498535 303.667358 1.300874 1.500124 4.245316 -8.110971 -8.673565 89.583615 1.574228 0.670187
Car -1 -1 1.643415 747.758606 200.103760 797.541199 245.131561 1.346003 1.630141 4.229617 -9.008279 -13.246784 113.771926 1.564401 0.489868
Car -1 -1 -1.579563 963.238464 132.874329 990.118530 157.272476 1.450654 1.779978 4.259834 -1.129294 -29.399064 202.233475 -1.585147 0.265421
Car -1 -1 1.639559 720.132629 204.082352 780.564758 262.466003 1.648375 1.907226 4.262361 -9.277429 -11.793271 106.307501 1.552510 0.353783
Car -1 -1 1.717719 532.244446 244.415115 595.006531 296.163666 1.226791 1.332807 4.231257 -14.423573 -9.213115 92.745948 1.563438 0.421320
Car -1 -1 1.701038 597.056396 264.165771 660.348816 319.938965 1.231106 1.377305 4.249544 -11.138080 -7.796227 85.375330 1.571311 0.338875
