Car -1 -1 -1.474756 1333.206421 641.297119 1575.757202 889.527710 0.863596 1.750863 4.260993 4.857804 2.501621 21.949976 -1.256954 2.469108
Car -1 -1 -1.332350 997.581726 650.346924 1263.359131 859.581543 0.609564 1.552545 4.552818 1.749032 2.456083 23.694100 -1.258667 1.601036
Car -1 -1 -1.614378 1726.070312 697.681946 1919.741699 962.822815 0.574062 1.881239 4.543472 7.646181 2.602323 19.200881 -1.235407 1.559767
Car -1 -1 0.647403 210.678238 322.863647 353.682953 381.958344 1.275374 1.873169 3.487489 -22.351487 -4.740204 70.279212 0.339481 0.644082
Car -1 -1 1.004577 1369.603394 231.128357 1511.038452 326.884766 1.783872 1.617266 4.404500 12.030347 -5.359605 57.577661 1.210555 0.594765
Car -1 -1 0.674318 181.140808 342.777679 334.502045 406.208038 1.248940 1.882568 3.590149 -22.142105 -3.837959 67.117706 0.355661 0.818549
Car -1 -1 1.867459 1187.673340 210.603500 1266.068848 267.327515 1.231294 1.615089 4.255468 8.982238 -9.357080 79.524329 1.979931 0.598538
Car -1 -1 1.684899 1329.216797 184.600662 1388.552002 239.371933 1.444681 1.689286 4.260053 14.752239 -10.983854 85.482940 1.855791 0.874965
Car -1 -1 0.686957 72.923317 368.499512 245.909668 435.062103 1.248146 1.821583 3.901592 -23.783180 -2.898288 63.366681 0.327900 1.227195
Car -1 -1 1.852407 1118.814941 213.815506 1186.707275 264.180450 1.210066 1.302902 4.255671 6.477591 -9.690943 81.967996 1.931269 0.751872
Car -1 -1 1.357482 1312.635864 282.790314 1414.773926 365.129639 1.226297 1.443632 4.228063 9.180610 -4.121180 53.038418 1.528877 0.960309
Car -1 -1 -1.534382 1543.050659 155.561508 1599.151001 210.614395 1.593946 1.872370 4.293489 24.262722 -12.671307 90.178460 -1.271554 0.558809
Car -1 -1 -1.438365 1171.167358 863.812134 1531.462646 1078.234253 1.004765 1.769051 4.549283 2.934262 4.168016 16.290060 -1.260150 3.203009
Car -1 -1 -1.744198 980.580383 226.728043 1052.679565 293.726288 1.511888 1.507229 4.226218 1.175403 -8.298253 77.614186 -1.729055 0.479782
Car -1 -1 1.723643 1252.683594 190.411682 1313.623779 236.366653 1.243991 1.538089 4.275317 12.419647 -11.657492 89.920679 1.860893 0.656316
Car -1 -1 -1.576518 1679.721802 152.024796 1733.227417 198.535660 1.219707 1.869654 4.257217 30.781177 -13.598449 93.129231 -1.257301 0.878571
Car -1 -1 0.719302 1.947409 341.209900 118.539658 395.393951 1.236838 1.819361 2.841624 -30.527827 -4.522754 72.517972 0.320851 0.245271
Car -1 -1 -1.539926 1602.231812 143.803452 1647.013062 183.353775 1.247536 1.740869 4.262498 30.421995 -15.691304 103.549163 -1.254173 0.511274
Car -1 -1 1.725970 1291.699219 170.721985 1342.839478 211.465866 1.215187 1.459754 4.252401 15.247968 -13.856153 99.495428 1.878040 0.490623
Car -1 -1 1.798668 1187.968262 186.993698 1247.467407 229.043259 1.161215 1.464520 4.256849 10.195960 -12.450022 94.439874 1.906213 0.512917
Car -1 -1 0.763034 1.084343 357.107483 131.666275 417.749237 1.285229 1.816025 3.634629 -28.522678 -3.513479 68.130959 0.366558 0.182799
Car -1 -1 1.798558 1230.498413 171.542892 1281.104980 210.484543 1.232877 1.333328 4.275929 13.261705 -14.707157 105.432964 1.923685 0.405367
Car -1 -1 1.661971 1225.311157 224.191437 1291.572632 283.494507 1.187985 1.447576 4.242253 9.222107 -8.063245 72.839480 1.787910 0.660905
Car -1 -1 1.579019 1409.208618 199.631165 1479.377563 250.366699 1.145348 1.634121 4.270655 15.925525 -9.348946 75.556680 1.786755 0.525709
Car -1 -1 1.756789 1265.484009 161.758652 1314.632324 198.028351 1.234505 1.430605 4.236645 15.723294 -16.185750 111.870120 1.896424 0.448677
Car -1 -1 1.331212 1462.744751 149.865005 1521.956055 190.074265 1.273374 1.740189 4.271508 24.164578 -15.453294 103.838995 1.559854 0.298534
Car -1 -1 -1.578461 1684.647583 122.121071 1725.432251 157.603989 1.235289 1.741162 4.267912 37.384311 -18.311675 113.254065 -1.259630 0.348867
Car -1 -1 -1.526927 1568.705688 131.832230 1608.659180 166.571609 1.262730 1.736888 4.283632 32.234050 -18.351797 116.204521 -1.256339 0.303654
Car -1 -1 -1.562377 1641.092896 96.577263 1673.135986 125.261894 1.327872 1.693774 4.233321 47.492430 -27.066273 154.245427 -1.263687 0.167489
Car -1 -1 1.720101 1339.216187 131.099564 1381.110107 163.757080 1.508796 1.720771 4.248718 22.869091 -20.970279 132.250265 1.891331 0.302696
Car -1 -1 1.697266 1397.122925 151.738602 1447.452759 192.765778 1.316457 1.637980 4.278699 21.250682 -15.548445 105.332041 1.896343 0.322820
Car -1 -1 -1.571222 1664.544189 112.779968 1700.912964 148.323853 1.396186 1.782982 4.263797 40.400174 -20.943654 126.181233 -1.261359 0.278720
Car -1 -1 0.700097 34.566113 362.788666 192.827148 429.549408 1.336453 1.842356 3.938074 -24.918622 -2.963281 64.078171 0.329215 0.290782
Car -1 -1 1.623452 1413.418701 182.259705 1473.646851 225.750961 1.168025 1.623176 4.285162 17.798747 -11.376177 84.685752 1.830611 0.227959
Car -1 -1 -1.567425 1698.010376 83.175186 1725.488403 106.971298 1.261341 1.608627 4.260050 55.577080 -30.534945 166.589211 -1.245419 0.080570
Car -1 -1 1.693265 1382.480591 130.222244 1423.593018 162.962234 1.506640 1.693744 4.252146 25.128495 -20.815814 130.801192 1.883064 0.186267
Car -1 -1 -1.558631 1644.218506 76.961990 1670.853638 104.285614 1.412656 1.675213 4.258959 52.514199 -31.456337 169.860290 -1.258791 0.043609
