Car -1 -1 -1.476929 543.008301 492.382080 683.657654 625.383179 0.942649 1.585767 4.245070 -5.484351 0.052233 34.648732 -1.633911 2.837629
Car -1 -1 -1.126078 1790.094604 202.322083 1892.968140 261.179749 1.582866 1.772581 4.339994 33.273804 -11.705531 83.204427 -0.745654 0.665527
Car -1 -1 -1.603943 973.744385 181.940247 1015.109985 220.303696 1.590540 1.939286 4.273367 1.499286 -18.639116 119.018607 -1.591347 0.510796
Car -1 -1 1.186443 1807.711670 163.111404 1890.139771 212.222641 1.733515 1.810980 4.457481 41.690083 -16.657152 103.608591 1.569000 0.331600
Car -1 -1 -1.915204 1752.362061 170.867767 1822.124878 210.845688 1.420939 1.503450 4.227242 38.860343 -16.655027 103.660104 -1.556537 0.392820
Car -1 -1 2.824056 1723.214355 163.885147 1814.720825 202.955414 1.475077 1.807310 3.733075 40.618281 -18.274260 111.147265 -3.108762 0.138341
Car -1 -1 -1.596972 961.125305 144.615051 989.065002 169.638123 1.473943 1.811140 4.241650 0.664769 -30.157350 169.598116 -1.593053 0.409535
Car -1 -1 1.166430 1871.175171 170.496597 1918.090454 212.281845 1.379627 1.402109 4.201308 44.564955 -16.662056 103.641898 1.572519 0.468627
Car -1 -1 2.820085 1554.882080 134.705276 1633.424438 172.480774 1.846250 1.916539 3.881797 38.873679 -23.971108 135.513006 3.099446 0.118565
Car -1 -1 -2.797300 33.794601 194.958008 120.704277 228.404404 1.492108 1.903054 3.460048 -48.327683 -18.194636 119.265934 3.100896 0.117808
Car -1 -1 -1.100626 1717.990967 205.709991 1807.604614 254.013229 1.290711 1.323329 4.212271 31.163073 -12.284574 85.497396 -0.751099 0.592858
Car -1 -1 -0.401877 1423.599365 155.969208 1497.443970 185.092789 1.203146 1.768320 3.548890 27.670869 -20.927240 122.140249 -0.179088 0.106491
Car -1 -1 -2.742023 0.573936 202.293549 47.506973 237.118439 1.266532 1.838954 2.806843 -47.941549 -16.389887 109.286048 3.127762 0.054958
