Car -1 -1 -1.742573 1194.720703 399.906189 1408.831299 584.844543 1.145486 1.752307 4.512046 4.115647 -0.206831 35.170179 -1.626082 2.137329
Car -1 -1 -1.692410 1067.548340 219.039764 1181.000854 312.558563 1.128987 1.736619 4.277928 3.160488 -5.054245 57.755441 -1.637742 1.273687
Car -1 -1 -1.598957 878.154724 243.849792 991.651489 395.439819 1.602136 1.665099 4.736828 -0.699757 -3.081815 48.520316 -1.613378 1.178020
Car -1 -1 -1.396596 197.701675 600.867859 465.619720 826.487183 0.683590 1.526503 4.265468 -5.858353 1.681644 25.910859 -1.618954 2.833273
Car -1 -1 -1.330847 0.000000 720.952576 328.415680 1076.929443 1.582348 1.554930 4.211290 -6.082930 3.415718 20.729434 -1.616278 0.825775
Car -1 -1 1.828392 141.639786 155.856506 241.644180 230.048508 1.230611 1.233039 4.242857 -20.001304 -8.082989 71.315526 1.554955 1.200694
Car -1 -1 -1.680967 1006.016357 109.850616 1078.245728 172.010605 1.319777 1.603653 4.281020 2.223101 -11.414162 86.688824 -1.655328 1.146535
Car -1 -1 1.825282 174.889267 74.778252 248.494446 128.541519 1.473081 1.475939 4.259644 -29.094427 -15.484554 106.372021 1.558296 0.650590
Car -1 -1 1.729398 364.598480 116.513992 442.728699 181.307434 1.383232 1.442818 4.268697 -17.123637 -10.767185 83.838500 1.527923 0.971878
Car -1 -1 -1.593108 887.427063 131.234009 966.976624 205.750702 1.355904 1.916469 4.290772 -1.231852 -9.249232 76.379202 -1.609234 0.948682
Car -1 -1 1.772515 232.415543 87.639427 309.986023 144.170776 1.404721 1.635559 4.263877 -24.575492 -13.668170 97.290030 1.525091 0.628922
Car -1 -1 -1.579478 876.168396 70.198441 926.624756 114.307198 1.225590 1.762675 4.267553 -2.731724 -16.367902 109.129826 -1.604504 0.724416
Car -1 -1 -1.492653 1313.095581 135.221344 1389.344971 203.081390 1.197297 1.610814 4.294528 10.614319 -9.377969 76.869982 -1.355439 0.999123
Car -1 -1 1.810048 44.707630 135.512772 149.633179 216.802490 1.484561 1.551287 4.292398 -23.558507 -8.782829 74.749362 1.504736 0.984212
Car -1 -1 -1.559133 774.602722 84.188644 826.222778 133.820633 1.255494 1.640098 4.271543 -6.241207 -14.658508 102.040111 -1.620221 0.879208
Car -1 -1 1.869288 0.030750 138.213882 58.310131 209.515594 1.357077 1.761844 4.271996 -27.694099 -9.415954 78.947235 1.531908 1.187343
Car -1 -1 -1.726111 1250.033203 81.382011 1318.272949 134.742462 1.356235 1.684891 4.269881 11.228156 -14.221130 99.242796 -1.613452 0.809168
Car -1 -1 1.773499 286.781189 98.925575 366.764984 160.016617 1.417120 1.389479 4.280401 -20.992903 -12.178549 90.183209 1.544792 1.073061
Car -1 -1 1.714729 411.918793 106.041267 480.633698 161.356613 1.253755 1.443304 4.249099 -17.186076 -12.237186 90.774732 1.527617 0.804403
Car -1 -1 1.699396 381.668335 70.959579 443.469574 119.173485 1.285162 1.598035 4.267738 -21.298390 -15.695687 105.735340 1.500624 0.644142
Car -1 -1 1.874788 24.464962 77.169952 99.134995 122.533653 1.264787 1.169268 4.245235 -36.515791 -16.417582 111.454693 1.558180 0.593714
Car -1 -1 1.695910 466.662628 75.115532 524.587219 125.199585 1.242086 1.349124 4.241797 -17.886950 -15.302680 104.091635 1.525733 0.697296
Car -1 -1 1.704539 434.448517 89.481522 494.495911 140.151245 1.272085 1.419539 4.254523 -18.312418 -14.179953 100.297241 1.523946 0.709657
Car -1 -1 1.738553 307.112335 67.641380 371.873383 115.338081 1.412943 1.636239 4.277360 -25.305421 -16.626880 111.018308 1.514443 0.502448
Car -1 -1 -1.698800 1386.706543 106.334320 1490.546631 160.646149 1.186909 1.694243 4.260539 15.460100 -12.376255 91.560005 -1.531526 0.414123
Car -1 -1 -1.569314 864.922546 34.012772 908.809998 70.776520 1.402894 1.882967 4.270761 -4.107100 -22.214080 135.598479 -1.599593 0.375364
Car -1 -1 1.707836 384.120239 46.446316 436.437073 85.519531 1.312489 1.621378 4.270333 -26.075561 -20.548752 128.776276 1.508050 0.552100
Car -1 -1 1.771544 287.618805 47.121788 343.725372 88.325607 1.435755 1.559459 4.247341 -30.265069 -20.256226 127.717066 1.538866 0.428543
Car -1 -1 1.810006 112.137894 57.895515 173.302948 101.667191 1.358999 1.385358 4.252523 -36.736617 -18.963535 123.008658 1.519787 0.478019
Car -1 -1 -1.711028 1204.927979 70.145569 1259.477417 110.700279 1.299704 1.616635 4.297209 10.679657 -16.998166 112.695078 -1.616544 0.564299
Car -1 -1 1.659477 534.714661 47.581783 581.068787 89.228424 1.331774 1.587069 4.249584 -18.263300 -19.434048 122.736632 1.511760 0.360926
Car -1 -1 1.671338 487.084015 59.006786 542.648254 112.852898 1.539760 1.570392 4.375002 -18.419602 -16.901044 111.960238 1.508280 0.310275
Car -1 -1 -1.574515 980.321411 6.288126 1016.734558 36.402256 1.427197 1.936609 4.272927 1.685499 -30.180833 171.751420 -1.564702 0.180742
Car -1 -1 1.681253 452.910645 49.604156 502.524628 87.758255 1.183470 1.544026 4.241910 -22.591550 -20.274545 127.263375 1.505565 0.300174
