Car -1 -1 -2.154133 366.156097 416.093933 568.301819 520.324646 1.173082 1.603840 4.099629 -10.105464 -1.626869 44.322944 -2.378297 0.755540
Car -1 -1 -1.514718 727.583252 549.595276 895.968750 721.785095 1.151681 1.986117 4.360004 -2.158478 1.210355 31.630736 -1.582853 2.409886
Car -1 -1 -1.625993 1010.918640 349.182648 1112.165039 455.105560 1.464571 1.881656 4.266822 2.097338 -3.134256 49.355003 -1.583524 1.493602
Car -1 -1 -1.639346 1051.727539 504.891418 1195.796631 641.862671 0.909259 1.769004 4.256518 2.346899 0.266175 33.605114 -1.569622 2.957734
Car -1 -1 1.947945 41.291943 320.364807 154.061111 392.378967 1.230677 1.183569 4.441170 -24.806272 -5.494008 62.786624 1.571679 0.734978
Car -1 -1 -1.534503 819.628357 381.882294 923.838196 486.762878 1.309304 1.849339 4.245656 -1.936589 -2.312700 46.021477 -1.576559 2.347340
Car -1 -1 -1.694165 1116.622192 288.621246 1191.961792 354.353363 1.210269 1.680075 4.263147 5.642430 -6.798761 66.078090 -1.608981 1.223791
Car -1 -1 -1.541453 869.864624 305.246277 942.875305 375.266510 1.246412 1.833566 4.236858 -1.654226 -5.810596 61.766607 -1.568228 1.442182
Car -1 -1 1.750443 535.077332 224.457733 597.597595 273.622345 1.506606 1.753111 4.244569 -17.062183 -12.613629 93.600947 1.570136 0.718528
Car -1 -1 1.175247 1813.557007 165.506271 1894.095337 214.343674 1.704888 1.733212 4.492828 42.261669 -16.708297 104.412396 1.559848 0.387519
Car -1 -1 -1.628112 1085.178101 233.121765 1136.435913 279.166718 1.238491 1.638527 4.262197 5.877106 -11.897968 89.441537 -1.562497 0.808253
Car -1 -1 -1.564218 907.681946 186.283829 952.189087 227.407242 1.699150 2.006447 4.267598 -1.924035 -17.885654 116.545884 -1.580725 0.518070
Car -1 -1 -1.587962 1019.030884 210.004349 1064.515381 250.111389 1.270907 1.732637 4.243361 3.500592 -14.761423 102.028550 -1.553665 0.756980
Car -1 -1 -1.577583 982.043091 184.609039 1021.069092 219.748596 1.408791 1.825456 4.237229 1.933777 -19.109400 121.541269 -1.561674 0.534929
Car -1 -1 -1.912203 1755.398193 174.046860 1824.859619 213.430618 1.394091 1.528319 4.181384 39.483820 -16.828672 105.044752 -1.552665 0.522440
Car -1 -1 1.996958 1736.626587 204.710236 1831.480713 257.437347 1.437293 1.705686 4.220213 32.043910 -12.170968 85.617510 2.355087 0.517324
Car -1 -1 1.706282 600.024231 162.265778 639.212341 191.354111 1.627407 1.869013 4.262192 -25.173990 -26.769761 158.830077 1.549093 0.282699
Car -1 -1 1.689013 632.862244 169.845291 669.785889 197.695374 1.549509 1.779968 4.271570 -21.779149 -25.083961 151.545823 1.546277 0.481923
Car -1 -1 2.763673 1728.623779 164.305771 1822.288086 202.890121 1.494749 1.822009 3.702926 41.405531 -18.430224 112.295170 3.116927 0.149049
Car -1 -1 -1.639044 1028.370239 169.302094 1064.494751 200.086884 1.455418 1.850245 4.243989 5.011330 -22.861301 138.474949 -1.602871 0.514191
Car -1 -1 -1.573808 965.483459 158.371384 998.275452 194.815292 1.744757 1.891692 4.261413 1.032274 -24.658379 146.706929 -1.566772 0.374037
Car -1 -1 1.139183 1877.450195 169.867416 1918.694824 212.078873 1.465883 1.285872 4.229445 45.679554 -16.950070 105.420755 1.548068 0.376204
Car -1 -1 -1.565091 911.151550 159.834885 943.545959 190.004196 1.499453 1.797378 4.216251 -2.646031 -25.312714 149.142868 -1.582830 0.294575
Car -1 -1 -1.617484 1007.808105 142.069992 1035.887085 167.773270 1.512543 1.792848 4.249761 4.477744 -31.138122 174.452430 -1.591822 0.300872
Car -1 -1 -2.742223 0.987563 205.538071 66.960670 244.183060 1.551742 1.863443 3.865602 -48.860392 -16.537136 112.975391 3.132767 0.129695
Car -1 -1 -1.559406 922.425537 144.144577 949.720642 168.880966 1.528050 1.856867 4.234102 -2.442008 -31.190326 175.558603 -1.573315 0.188816
Car -1 -1 -1.657535 1142.577271 133.078644 1172.044189 158.216568 1.624612 1.800250 4.216880 16.527459 -34.487074 188.680601 -1.570163 0.178910
Car -1 -1 2.885409 1594.782715 151.505249 1680.432495 184.220001 1.574470 1.841595 3.977283 40.105855 -22.563682 131.092573 -3.100884 0.082180
Car -1 -1 -1.569498 917.337952 149.474854 946.763123 180.174088 1.526702 1.755181 4.242542 -2.489684 -27.797256 159.651390 -1.585091 0.119708
