Car -1 -1 -1.372846 0.000000 571.549622 396.328766 1079.578125 2.128023 2.019323 4.889759 -5.808029 2.857681 21.202152 -1.640223 1.896630
Car -1 -1 1.864479 0.295637 125.255920 74.469040 209.870972 1.668512 1.828393 4.518779 -27.767297 -9.634839 80.340499 1.531711 0.848468
Car -1 -1 1.859959 0.706985 229.878937 89.920486 345.106384 1.293367 1.755700 4.463750 -19.096081 -4.269582 54.617086 1.523609 1.547385
Car -1 -1 1.711828 364.814148 120.700928 448.073517 181.025101 1.221545 1.704184 4.267173 -17.190783 -10.896737 84.659190 1.511493 0.886185
Car -1 -1 -1.625968 909.463257 122.046463 982.556519 192.054108 1.368614 1.739492 4.265297 -0.745187 -10.170700 81.089392 -1.635158 1.247345
Car -1 -1 1.797359 202.708740 72.729652 274.288269 122.453445 1.412282 1.579557 4.280333 -29.279082 -16.389450 110.923793 1.539288 0.674168
Car -1 -1 1.704516 411.099457 93.139908 481.354553 152.010849 1.393159 1.544950 4.262260 -17.803452 -12.993475 94.093637 1.517517 0.819482
Car -1 -1 -1.553815 762.861267 134.626495 834.190674 197.780640 1.173324 1.813173 4.239983 -4.987303 -9.915437 80.265106 -1.615871 0.916276
Car -1 -1 1.678550 455.498871 79.395706 517.401367 131.918533 1.375089 1.667784 4.260104 -17.851851 -14.799502 102.328133 1.505831 0.727070
Car -1 -1 1.701936 429.432892 41.521080 483.415588 90.166519 1.725174 1.679532 4.494811 -22.875446 -19.464096 123.413011 1.518659 0.307342
Car -1 -1 1.752978 324.997131 54.381054 385.608124 103.101128 1.557620 1.602618 4.265374 -26.364047 -18.310654 118.745108 1.534500 0.446181
Car -1 -1 1.668157 532.493652 44.282490 579.571045 82.899994 1.275987 1.647360 4.243909 -19.233462 -20.594579 128.408205 1.519478 0.493488
Car -1 -1 1.689373 486.539825 28.424414 537.410828 73.722595 1.677229 1.691955 4.433978 -22.412087 -22.136466 135.456815 1.525403 0.266422
Car -1 -1 1.663392 531.337585 5.472680 571.453186 45.973866 1.853614 1.656104 4.475076 -24.585064 -28.007301 162.244743 1.513006 0.114091
