Car -1 -1 -1.727675 1141.829224 314.009491 1317.494019 467.441681 1.241417 1.767279 4.527259 3.920783 -1.754369 42.547346 -1.635783 1.553164
Car -1 -1 -1.541172 671.264709 292.703583 796.448975 420.067932 1.261096 1.778342 4.263763 -3.900111 -2.455166 46.009052 -1.625738 2.045887
Car -1 -1 -1.647688 789.003052 180.825882 897.768860 274.854858 1.353862 1.956416 4.278540 -2.923589 -6.200551 62.428082 -1.694485 1.067075
Car -1 -1 1.782605 220.680771 123.157524 313.383911 198.485413 1.467124 1.579226 4.257443 -20.118557 -9.797118 79.343933 1.534277 1.059051
Car -1 -1 -1.835404 1253.744873 225.239395 1395.458740 318.532806 1.059885 1.439806 4.288827 7.217048 -4.890208 56.755071 -1.708922 1.113359
Car -1 -1 -1.654951 888.052490 264.243713 1010.847473 366.895172 1.014773 1.771121 4.318000 -0.436623 -3.626097 51.141541 -1.663489 1.258424
Car -1 -1 -1.407314 158.334045 571.269470 459.348663 852.265564 1.015938 1.703785 4.480609 -5.828975 1.739880 25.002042 -1.636362 1.760963
Car -1 -1 -1.693475 1376.967041 163.696625 1472.820801 240.603165 1.160624 1.623766 4.241249 11.430671 -7.716850 69.826756 -1.531214 1.210868
Car -1 -1 -1.654266 1042.951050 176.682220 1134.982544 251.140793 1.104208 1.668625 4.262024 2.850543 -7.197914 67.548753 -1.612091 0.939748
Car -1 -1 -1.286428 2.104531 871.616089 320.765533 1080.000000 1.125743 1.948109 4.224674 -5.684554 3.887058 18.160214 -1.589789 3.544295
Car -1 -1 1.809970 87.906090 138.416489 187.846298 206.335114 1.233977 1.528905 4.263905 -23.524750 -9.481199 78.404676 1.518474 0.961267
Car -1 -1 -1.634959 944.086426 103.543877 1019.595703 168.796280 1.524564 1.961640 4.272184 0.359122 -11.803128 89.226384 -1.630934 0.898351
Car -1 -1 -1.711007 1309.358154 105.039047 1381.236206 166.864624 1.439230 1.556218 4.252424 12.144342 -11.965760 89.868375 -1.576686 1.025174
Car -1 -1 1.796360 190.529648 80.990990 280.943085 166.062027 1.956293 1.456086 4.970694 -24.753203 -12.639857 93.480557 1.537505 0.315570
Car -1 -1 1.848626 56.706139 117.224953 143.757248 176.833496 1.257178 1.286526 4.253963 -27.884901 -11.565488 88.816187 1.544410 0.677400
Car -1 -1 1.750383 321.191559 97.191338 393.601410 149.638840 1.264903 1.585803 4.271135 -21.156534 -13.286322 95.664292 1.532732 0.799678
Car -1 -1 -1.508727 1286.025879 135.963715 1360.950928 202.459747 1.169380 1.464965 4.269167 10.105499 -9.642910 78.870156 -1.381293 0.901507
Car -1 -1 -1.550593 747.382751 145.286194 822.200806 214.154190 1.214762 1.727024 4.238295 -5.137345 -9.071846 76.600944 -1.617559 1.188660
Car -1 -1 1.802309 135.319275 91.971222 210.415619 147.605179 1.346076 1.436850 4.263319 -28.590860 -13.896644 99.464352 1.522407 0.786793
Car -1 -1 1.727968 379.717865 116.950027 457.966431 177.721878 1.255846 1.591379 4.266588 -16.940380 -11.059054 85.171663 1.531633 0.795922
Car -1 -1 -1.565106 781.217285 63.808308 831.009949 108.042870 1.328394 1.811443 4.271016 -6.909664 -17.675990 116.141539 -1.624529 0.621568
Car -1 -1 -1.631410 980.102356 68.545387 1036.318848 118.902351 1.469552 1.859745 4.280107 1.422900 -16.209555 109.220316 -1.618382 0.599435
Car -1 -1 -1.583676 881.946289 66.108246 933.690308 109.656357 1.258722 1.805108 4.270070 -2.566578 -17.008330 112.207548 -1.606546 0.718465
Car -1 -1 1.691541 407.262177 56.059113 466.086365 108.143547 1.593244 1.655809 4.296770 -22.296201 -17.604017 115.607211 1.501019 0.528705
Car -1 -1 1.731061 347.142700 57.572956 406.089722 102.227234 1.354465 1.660931 4.270667 -25.797649 -18.559757 120.337646 1.519880 0.567960
Car -1 -1 1.770593 275.730682 76.039551 342.088318 128.329605 1.288952 1.331661 4.262797 -24.312462 -14.874932 102.032484 1.536674 0.660923
Car -1 -1 -1.759192 1222.619263 72.614166 1289.476562 122.825119 1.396638 1.632057 4.261010 10.975674 -15.687386 106.658537 -1.656648 0.723515
Car -1 -1 1.862988 0.000000 245.255600 92.822464 349.071045 1.232249 1.709144 4.278121 -19.270900 -4.203290 55.427454 1.528384 1.208427
Car -1 -1 1.700721 459.333221 48.081303 508.840393 88.789925 1.284726 1.558341 4.229647 -21.701262 -19.556021 123.488254 1.526762 0.467822
Car -1 -1 -1.574747 875.965271 32.309067 919.199097 72.013115 1.398476 1.827728 4.265442 -3.546825 -22.155326 135.227059 -1.600969 0.410519
Car -1 -1 -1.554048 894.530273 155.822250 950.624023 232.840668 1.284148 1.277176 4.239859 -1.270034 -8.310147 73.880196 -1.571237 0.650498
Car -1 -1 -1.558646 804.008484 39.922237 848.650818 80.874901 1.368987 1.733151 4.256266 -6.788944 -20.871424 129.391122 -1.611066 0.387942
Car -1 -1 1.837810 0.000000 140.706192 44.890839 198.790833 1.270215 1.240927 4.210679 -29.927162 -10.425051 85.322769 1.500465 0.378591
Car -1 -1 1.764111 268.036865 55.988392 325.787231 97.198372 1.276605 1.407777 4.260492 -29.795099 -19.105602 122.681815 1.525859 0.337395
Car -1 -1 1.842925 27.139555 78.716507 97.576859 125.559227 1.315352 1.388504 4.273705 -36.836046 -16.457371 112.724786 1.527085 0.218602
Car -1 -1 1.664604 489.458038 39.727871 531.980896 72.931992 1.341396 1.644869 4.256607 -22.336318 -21.870072 134.340635 1.499845 0.276578
