Car -1 -1 -1.684991 1104.493530 431.931244 1241.743286 542.797058 1.078007 1.728483 4.302572 3.047679 -0.970613 47.514422 -1.620936 1.558942
Car -1 -1 -1.741310 1273.302734 658.096008 1507.901245 885.531372 1.131687 1.702262 4.231321 4.200124 2.478224 29.953228 -1.601996 4.057230
Car -1 -1 -1.510085 688.226868 680.382019 875.156311 867.292847 0.837508 1.710959 4.249062 -2.247713 2.405880 30.461720 -1.583740 2.642324
Car -1 -1 -1.610159 980.543274 680.744202 1176.344238 870.209351 0.842361 1.776137 4.237317 0.863812 2.390345 29.845065 -1.581224 3.589039
Car -1 -1 -1.546354 831.898743 306.353210 912.694885 389.422211 1.446287 1.784842 4.244774 -2.980277 -4.768781 69.161397 -1.589419 1.588926
Car -1 -1 -1.599804 962.182922 334.441986 1043.200195 412.875946 1.214299 1.677292 4.235785 0.211218 -3.958629 64.722080 -1.596540 1.217631
Car -1 -1 1.345301 662.720215 270.254974 772.410034 361.614990 1.749734 1.829259 4.277099 -7.391827 -5.819776 74.062005 1.245824 0.672211
Car -1 -1 -1.756757 1344.721924 282.468414 1430.954712 346.243988 1.269953 1.563200 4.240137 11.319150 -6.570923 79.365015 -1.615091 0.889192
Car -1 -1 -1.548402 897.355164 166.655411 935.473755 200.753708 1.400306 1.819551 4.252396 -4.019397 -19.136762 146.241490 -1.575880 0.583290
Car -1 -1 -1.588071 978.803833 153.615601 1013.884705 185.445740 1.457139 1.805014 4.264445 0.250279 -21.593675 158.870556 -1.586495 0.427235
Car -1 -1 -1.550620 892.658325 148.043411 924.053711 175.639343 1.413677 1.802977 4.231562 -5.446237 -24.859014 177.888191 -1.581226 0.288227
Car -1 -1 -1.569789 937.609436 141.910767 967.324646 168.589142 1.383872 1.743649 4.259830 -2.639992 -25.707184 181.615320 -1.584324 0.430865
Car -1 -1 -1.635278 1182.851929 183.474625 1229.977051 224.159882 1.466136 1.827119 4.253043 10.042645 -15.968261 129.776100 -1.558047 0.482801
Car -1 -1 -1.460354 1081.222412 165.309631 1125.218384 199.542297 1.565662 1.840028 4.245196 5.912841 -19.367707 147.803097 -1.420370 0.146967
Car -1 -1 -1.551404 893.477844 137.339203 924.111450 166.145615 1.498328 1.794153 4.254460 -5.491565 -25.671478 180.902386 -1.581752 0.301068
