Car -1 -1 -1.659336 955.539734 711.230225 1182.759644 957.102844 0.812871 1.740507 4.222847 1.174489 2.820500 22.246416 -1.606590 3.576521
Car -1 -1 2.891180 362.224274 396.908569 630.404358 505.470245 1.258129 1.887527 4.234579 -8.202876 -1.436667 40.412399 2.690921 4.248786
Car -1 -1 -0.107984 365.064209 356.472321 603.530518 452.012177 1.294100 1.893226 4.160678 -9.416826 -2.558027 45.085157 -0.313891 3.035791
Car -1 -1 -1.218338 798.917969 295.392487 923.398987 369.607574 1.214471 1.599173 4.258160 -2.052161 -5.299820 58.164229 -1.253606 1.323928
Car -1 -1 2.652298 1727.644409 342.228210 1918.635132 456.158997 1.833325 1.898069 4.391050 20.101553 -2.581831 48.184059 3.047528 0.893289
Car -1 -1 1.819605 296.066742 249.974564 397.603760 319.031921 1.388822 1.770126 4.439875 -18.194476 -7.507257 67.209954 1.555230 1.261649
Car -1 -1 1.858614 177.676895 246.893417 280.228790 320.322968 1.546081 1.588423 4.240110 -21.798805 -7.448593 67.254432 1.545174 1.348222
Car -1 -1 1.922355 41.133667 263.239166 155.124039 328.434967 1.276537 1.500505 4.301867 -24.919103 -6.962448 64.872424 1.555609 1.315674
Car -1 -1 1.789472 380.728516 218.506195 459.440186 281.399628 1.556065 1.570208 4.242070 -17.993912 -9.588074 75.845028 1.556533 1.202659
Car -1 -1 1.834358 281.044769 214.746597 373.745728 281.235779 1.739207 1.777201 4.409060 -21.335415 -9.598455 76.289292 1.561660 0.664612
Car -1 -1 1.779149 447.405548 223.573441 529.895935 301.786621 1.815255 1.374454 4.504835 -14.440513 -8.320541 70.222177 1.576336 0.608300
Car -1 -1 1.704918 586.156494 180.199173 636.739502 220.051651 1.313235 1.576255 4.243871 -15.110601 -15.213513 100.538065 1.555737 0.709851
Car -1 -1 1.844207 237.907745 193.482162 321.312195 264.125610 1.996563 1.586073 4.796995 -24.755306 -10.993322 82.172981 1.551596 0.421048
Car -1 -1 1.805463 358.837097 199.285751 427.221558 250.986252 1.477068 1.389404 4.238582 -21.423820 -11.898961 85.841423 1.560885 0.751361
Car -1 -1 1.675112 602.167908 141.344070 640.881226 171.340836 1.418842 1.719698 4.237960 -20.207709 -23.780394 138.708401 1.530444 0.486353
Car -1 -1 1.779089 400.441315 188.054169 461.277985 232.286575 1.317535 1.559865 4.244579 -22.257376 -14.059517 95.714437 1.550610 0.737811
