Car -1 -1 2.772206 1701.312256 230.336838 1865.935181 299.374969 1.571445 1.860012 3.846835 24.502512 -8.300794 65.130447 3.132034 2.479526
Car -1 -1 -1.532148 760.322998 578.936401 955.639099 793.465393 0.967394 1.847471 4.240469 -1.100772 1.396665 24.510364 -1.577029 3.820837
Car -1 -1 2.869773 1436.505371 232.711807 1618.112183 295.282959 1.369309 1.884199 4.479703 16.857691 -8.436531 65.180064 3.122860 2.875156
Car -1 -1 -2.280711 524.279236 193.882980 665.716492 267.269684 1.757147 1.832899 3.969981 -11.688054 -9.801216 69.076621 -2.448328 1.502012
Car -1 -1 1.117452 884.967346 224.132019 1006.526245 309.425232 1.546556 1.330135 4.731200 -0.487616 -7.580652 59.892026 1.109311 0.715912
Car -1 -1 -1.570735 1195.431763 748.066467 1466.348755 1069.017822 0.775740 1.798592 4.504004 3.160628 2.794785 18.889062 -1.404945 2.518459
Car -1 -1 0.417849 0.000000 251.490540 132.251709 333.450653 1.423765 1.864341 3.850096 -23.027123 -6.185562 53.874765 0.013931 0.439766
Car -1 -1 -1.553713 927.025208 142.552094 967.454041 179.196793 1.325407 1.849062 4.250961 -0.735124 -20.032025 112.327431 -1.560258 0.614812
Car -1 -1 -1.917543 1732.518188 159.869537 1802.910522 194.101822 1.041453 1.351541 4.240373 36.306698 -16.904131 98.206302 -1.563429 0.599252
Car -1 -1 -1.961431 1795.008789 152.887939 1870.289185 191.939346 1.285150 1.360683 4.244328 39.583417 -17.108369 99.076573 -1.581336 0.490059
Car -1 -1 -1.892504 1672.566162 158.963745 1740.459351 193.467072 1.000649 1.317873 4.233413 33.504406 -16.888115 97.931557 -1.562866 0.614807
Car -1 -1 2.673228 1883.563965 138.443329 1918.663818 165.576721 1.116342 1.865394 2.520886 51.656903 -21.497575 117.623359 3.087041 0.088086
Car -1 -1 -1.566903 922.129883 92.012589 945.683594 114.114388 1.397878 1.713946 4.284482 -2.345463 -37.561472 183.078966 -1.579713 0.203828
Car -1 -1 1.595593 840.876160 83.459206 862.138550 105.773468 1.702880 1.735852 4.302395 -9.394983 -38.677983 185.993561 1.545124 0.081182
