Car -1 -1 -1.469193 1376.536743 618.650574 1607.708984 838.512268 0.750856 1.740318 4.379477 5.488796 2.206453 23.057335 -1.235493 2.160702
Car -1 -1 -1.146433 786.034973 593.973755 1044.661499 767.702881 0.758364 1.287886 4.210021 -0.678476 2.012431 26.879693 -1.171669 3.107032
Car -1 -1 0.522154 203.752396 312.328339 380.005127 389.419037 1.762328 1.936542 4.405227 -22.080918 -4.561159 70.430477 0.218346 1.985433
Car -1 -1 -1.627104 1715.596069 613.976868 1919.047485 890.367798 0.965643 1.932190 4.368208 8.096684 2.300184 20.843416 -1.256592 1.927637
Car -1 -1 -1.285359 920.052002 697.734436 1216.636597 928.786194 0.517232 1.471513 4.564647 0.999720 2.713478 21.363917 -1.238599 2.834420
Car -1 -1 0.466073 467.184113 314.701904 623.342346 373.490692 1.195076 1.882901 3.914083 -13.640621 -4.917137 68.833413 0.270439 1.504016
Car -1 -1 -1.439239 1213.814819 841.637634 1531.949341 1079.782715 0.940173 1.721235 4.235682 3.209416 3.970746 17.103991 -1.253755 3.325755
Car -1 -1 -1.125433 479.419800 756.982422 833.020752 1002.601135 0.547579 1.338813 4.272337 -2.858192 3.208145 20.555894 -1.263592 3.488652
Car -1 -1 1.685520 1426.498291 159.589630 1475.068604 199.647827 1.206922 1.473767 4.260848 22.111394 -14.968254 103.171781 1.896643 0.556817
Car -1 -1 1.741251 1310.289429 167.949890 1361.359985 206.481033 1.205275 1.326009 4.251616 16.933279 -14.845882 104.634516 1.901693 0.465812
Car -1 -1 1.722634 1363.314453 159.460403 1416.810425 203.007141 1.338207 1.655943 4.245826 19.315880 -14.818722 103.451594 1.907223 0.549778
Car -1 -1 1.768145 1267.832275 157.163177 1315.625610 196.403305 1.401219 1.440667 4.252534 16.066832 -16.474184 113.134332 1.909217 0.478883
Car -1 -1 1.787918 1231.876831 175.195236 1285.916992 212.528214 1.180453 1.511399 4.275169 13.371280 -14.641776 105.491339 1.913998 0.462153
Car -1 -1 -1.764678 1874.228638 131.556549 1917.028687 176.116516 1.363896 1.750215 4.363570 40.840711 -14.820611 95.980803 -1.362376 0.422291
Car -1 -1 0.650095 0.241914 384.961823 55.963665 440.758942 1.189927 1.639123 2.702641 -29.544982 -2.724111 65.929772 0.228799 0.145727
Car -1 -1 1.675163 1448.993530 137.168884 1492.585815 182.977249 1.730980 1.595352 4.419135 25.337949 -17.159518 113.235162 1.895301 0.297079
