Car -1 -1 1.904995 83.565712 328.913757 222.004959 420.445068 1.173725 1.220409 4.497934 -17.413263 -3.476877 48.555064 1.560653 1.345836
Car -1 -1 1.805887 308.040405 236.723465 405.628357 310.226654 1.622679 1.714267 4.396436 -18.404232 -7.964264 69.172584 1.545848 0.903772
Car -1 -1 -1.610993 962.092834 316.016846 1046.024902 394.931061 1.155598 1.736832 4.232841 1.548205 -4.435242 54.578798 -1.582634 1.729565
Car -1 -1 1.884440 175.341537 253.983109 273.140442 318.834595 1.284756 1.381640 4.257067 -22.110688 -7.563647 67.748827 1.568976 0.786173
Car -1 -1 1.750749 510.247742 182.013336 567.782776 226.153564 1.392835 1.638886 4.236075 -17.949692 -14.621546 98.018867 1.569631 0.663370
Car -1 -1 1.789799 415.659210 207.453293 490.002014 260.085022 1.357953 1.651443 4.240705 -18.744010 -11.405828 84.248513 1.570880 1.048199
Car -1 -1 1.716620 551.684326 160.873077 603.197083 202.653870 1.634110 1.791795 4.241309 -17.987386 -17.198851 108.632649 1.552528 0.494037
Car -1 -1 1.845653 306.981018 204.026443 381.035095 263.821106 1.596893 1.341601 4.392451 -22.654752 -11.140708 83.274930 1.580033 0.664995
Car -1 -1 1.758432 465.708649 171.955612 521.894104 210.272919 1.366018 1.764960 4.256779 -21.996388 -16.768867 107.970246 1.557456 0.647239
Car -1 -1 1.782155 400.287201 192.351334 463.463440 236.344254 1.345432 1.611843 4.251074 -21.716257 -13.541038 93.584097 1.554140 0.743710
Car -1 -1 1.682714 584.645447 151.306412 628.796326 188.439087 1.575364 1.727331 4.239034 -18.323435 -19.734819 120.275540 1.531531 0.411146
Car -1 -1 1.842211 310.180511 220.451431 393.605560 285.785126 1.553394 1.655356 4.290516 -19.220578 -8.585540 71.743507 1.580451 0.523315
Car -1 -1 1.678926 628.708130 113.744812 657.240845 140.628494 1.619048 1.875935 4.236598 -24.940670 -33.723878 182.891936 1.543394 0.143991
Car -1 -1 1.914135 0.000000 289.396484 37.665627 378.353760 1.633378 0.987120 4.449441 -24.850642 -4.920523 57.397651 1.505545 0.368309
