Car -1 -1 -1.055720 592.369751 343.345551 786.478760 447.829712 1.121463 1.446512 4.437720 -4.943000 -2.311362 51.004890 -1.152331 1.312998
Car -1 -1 -0.300990 1556.228271 442.785034 1861.232300 556.022461 1.250914 1.850395 3.852214 11.664352 -0.272506 43.439520 -0.038659 3.259692
Car -1 -1 -0.093009 33.627644 375.948151 355.763977 488.844696 1.235943 1.903953 4.762104 -12.861956 -1.424855 46.579291 -0.362426 4.076670
Car -1 -1 -1.660294 866.779602 636.239685 1104.583740 878.439026 0.929091 1.793046 4.292683 0.132466 2.180451 27.089546 -1.655404 2.012075
Car -1 -1 1.781382 19.194550 272.116882 144.387512 354.624023 1.165306 1.656985 4.259853 -20.196643 -4.771089 63.918073 1.475332 1.299667
Car -1 -1 -1.630370 985.696045 259.009125 1066.833984 326.586243 1.102757 1.699940 4.262273 1.611955 -5.786500 69.955055 -1.607332 1.015474
Car -1 -1 1.746669 160.044357 271.512482 274.132874 351.385223 1.182679 1.741689 4.273256 -17.258991 -4.849370 64.505856 1.485236 1.231744
Car -1 -1 1.800887 32.886635 205.270172 135.980316 281.402496 1.607509 1.723646 4.245074 -25.497922 -7.877203 80.908149 1.495593 1.042387
Car -1 -1 1.795176 0.045258 243.690887 52.901440 319.768829 1.275563 1.363408 4.276325 -25.092025 -6.216631 72.487195 1.461928 1.516283
Car -1 -1 1.765404 110.426132 242.555344 209.871689 313.074768 1.215539 1.545932 4.242944 -20.734223 -6.281154 71.956069 1.484853 1.272589
Car -1 -1 1.710463 230.281876 243.962494 327.532104 316.492126 1.219936 1.567604 4.244604 -17.300926 -6.076623 70.458312 1.469679 1.179131
Car -1 -1 1.712398 333.657013 202.404053 411.020630 260.212067 1.264494 1.569764 4.238878 -18.331497 -8.992464 86.524968 1.503622 1.191445
Car -1 -1 1.776145 109.208969 187.026657 195.061584 250.728561 1.466272 1.665361 4.255924 -25.813021 -9.499404 88.570931 1.492561 0.991124
Car -1 -1 1.723191 277.551666 219.046448 366.142273 284.959900 1.256906 1.625268 4.246075 -18.025224 -7.563160 78.399813 1.497204 0.924873
Car -1 -1 1.736011 181.644791 218.891846 271.295837 281.492584 1.207544 1.552541 4.246405 -21.478767 -7.926978 81.189129 1.477384 1.154649
