Car -1 -1 -1.530365 766.879211 500.110321 904.406128 632.647217 0.996729 1.751151 4.247467 -2.255868 0.294774 40.593118 -1.585880 2.420668
Car -1 -1 -1.690423 1154.247192 447.287140 1293.925049 563.381165 1.091296 1.673521 4.275874 3.774659 -0.636457 45.689159 -1.607994 1.976456
Car -1 -1 -1.502603 668.604065 645.025818 862.355774 854.067261 1.083350 1.742232 4.238859 -2.414954 2.281110 30.660556 -1.581205 3.510446
Car -1 -1 -1.610450 978.432556 489.083191 1124.129639 638.428467 1.260925 1.843173 4.248259 0.809711 0.386504 40.992112 -1.590700 2.262378
Car -1 -1 1.662743 645.766235 291.992706 733.358459 377.132263 1.531060 1.681197 4.244840 -7.675874 -5.142354 70.343673 1.554053 1.075114
Car -1 -1 -1.641617 1052.967163 785.221680 1299.642334 1044.858765 0.882883 1.786444 4.236521 1.556763 3.230372 24.937958 -1.579272 2.645426
Car -1 -1 -1.532743 878.823242 362.884583 973.344360 451.891205 1.144167 1.708710 4.229349 -1.362481 -2.836566 57.750853 -1.556331 1.749923
Car -1 -1 -1.376332 192.947021 836.019958 536.388916 1079.032471 0.992886 1.867109 4.277784 -5.214111 3.698859 23.674013 -1.593117 2.206342
Car -1 -1 -1.635490 1061.105469 287.974518 1137.331421 354.869873 1.233956 1.700567 4.257053 2.904660 -6.089168 75.819678 -1.597198 1.514580
Car -1 -1 -1.566615 932.639587 217.583633 987.727417 266.542511 1.332332 1.855917 4.229928 -1.222763 -11.412271 104.588221 -1.578305 0.953600
Car -1 -1 -1.642615 1001.476624 245.179916 1069.684814 298.810181 1.261167 1.820327 4.256415 1.408705 -9.019682 91.669534 -1.627249 0.924217
Car -1 -1 -1.570659 945.686340 180.972321 985.571899 218.063599 1.425482 1.660826 4.226250 -1.284025 -16.637004 133.364534 -1.580286 0.549505
Car -1 -1 -1.551104 878.061401 177.557892 918.925659 215.872574 1.418735 1.790582 4.254282 -4.580199 -16.919278 134.620090 -1.585114 0.647779
Car -1 -1 -1.552414 890.026367 145.894562 923.763000 179.672714 1.597063 1.757813 4.248260 -5.188770 -23.021111 166.916345 -1.583490 0.377358
Car -1 -1 -1.606510 1086.636108 136.540649 1118.987427 163.088364 1.530962 1.918178 4.219005 7.351353 -26.623698 185.916079 -1.566989 0.206171
