Car -1 -1 -1.719317 1161.877563 511.870331 1339.464478 645.158691 0.943103 1.783772 4.473573 3.672469 0.429918 40.114400 -1.628021 1.498994
Car -1 -1 -1.530145 747.274963 610.767883 926.538452 811.003113 1.111201 1.805748 4.236798 -1.749045 1.971774 32.116524 -1.584550 3.667950
Car -1 -1 -1.642777 1094.732910 306.608429 1194.959961 417.051422 1.775541 1.933819 4.244754 3.446112 -3.859442 63.607374 -1.588652 1.302338
Car -1 -1 -1.739526 1286.786987 713.197815 1567.806885 954.506897 0.963392 1.755850 4.366277 4.164797 2.780547 27.276914 -1.588010 2.464592
Car -1 -1 -1.528032 773.051453 425.523926 892.520813 542.003235 1.237144 1.715645 4.242877 -2.758723 -0.986281 48.547263 -1.584797 2.409183
Car -1 -1 -1.628799 1002.369446 795.555603 1237.697876 1031.970459 0.707522 1.727594 4.256243 1.066284 3.170075 25.033870 -1.586231 3.016610
Car -1 -1 -1.588425 951.062683 320.542145 1038.596802 409.005493 1.434499 1.842664 4.252376 0.019623 -4.090920 65.309875 -1.588125 1.278799
Car -1 -1 1.657740 643.696899 310.654297 723.780945 385.679260 1.281131 1.517251 4.239234 -7.701036 -4.844837 69.221579 1.546944 1.006135
Car -1 -1 -1.589387 953.819824 263.213562 1016.741089 319.227173 1.212782 1.755455 4.233286 -0.219008 -7.872344 85.880463 -1.591938 1.509221
Car -1 -1 -1.547823 829.397339 265.757568 897.942139 352.486237 1.707855 1.704650 4.540293 -3.517778 -6.173817 75.943475 -1.594111 0.733079
Car -1 -1 -1.542593 858.424744 213.032349 906.520020 258.113220 1.324590 1.675663 4.246288 -4.326968 -12.164444 108.920315 -1.582298 0.900941
Car -1 -1 -1.583926 944.124390 219.331512 991.753357 264.437897 1.261597 1.641505 4.251330 -0.958759 -11.609427 105.950859 -1.592975 0.817966
Car -1 -1 -1.422688 220.027908 827.843689 524.165283 1079.641602 1.049218 1.751455 4.245718 -5.145078 3.707279 23.638370 -1.637003 2.385834
Car -1 -1 -1.595995 1057.108643 243.406097 1114.946167 298.832153 1.313492 1.631901 4.237328 3.126602 -9.123132 92.629494 -1.562254 1.174896
Car -1 -1 -1.579511 1025.302612 202.194901 1074.149048 248.740112 1.444856 1.753115 4.219962 2.365216 -13.270362 115.322860 -1.559004 0.704960
Car -1 -1 -1.583481 1014.078186 162.446564 1061.380249 218.613510 2.235650 1.963800 4.751368 2.105392 -16.281880 130.591710 -1.567360 0.220636
Car -1 -1 -1.572864 941.121521 171.847504 977.999573 205.993683 1.395022 1.743346 4.254755 -1.694371 -18.362977 142.551635 -1.584749 0.560018
Car -1 -1 -1.551496 877.272644 156.809616 912.140686 189.594406 1.501814 1.802967 4.256596 -5.483826 -20.783027 154.953860 -1.586872 0.407014
Car -1 -1 1.651177 708.300598 246.082108 769.820251 302.072998 1.329166 1.541590 4.241596 -8.354115 -8.904836 91.520326 1.560148 0.830666
Car -1 -1 1.657304 687.043030 258.824524 750.920288 318.127655 1.294130 1.451680 4.245665 -8.412045 -7.817824 85.067480 1.558738 0.979444
Car -1 -1 1.653661 733.573792 217.129349 791.447083 275.030060 1.524039 1.691406 4.250383 -8.218844 -10.505061 98.926591 1.570771 0.718026
Car -1 -1 -1.550418 885.211304 137.709869 914.338440 163.414658 1.380811 1.696019 4.224534 -6.378191 -27.454277 191.336726 -1.583741 0.283871
Car -1 -1 -1.573459 932.207825 140.547089 963.626343 168.615082 1.377015 1.767151 4.241696 -2.957915 -25.694030 181.333119 -1.589770 0.333487
Car -1 -1 -1.604092 1083.397217 133.126373 1113.388672 158.172012 1.476151 1.831141 4.265799 7.887287 -29.746455 205.155432 -1.565665 0.175970
Car -1 -1 -1.617747 1123.882812 158.435608 1163.715332 192.488449 1.618277 2.034189 4.241339 8.609398 -21.095891 158.374962 -1.563439 0.113313
Car -1 -1 1.644141 764.316284 130.771973 793.298950 156.202866 1.481780 1.656472 4.250064 -15.754529 -29.684908 203.693547 1.566951 0.153927
Car -1 -1 -1.573602 936.631592 132.750107 965.937927 160.360977 1.534722 1.817376 4.231969 -2.937574 -27.375815 190.817507 -1.588996 0.164194
