Car -1 -1 -1.740626 1459.560913 685.074463 1736.682373 938.041748 0.806373 1.782179 4.420810 6.213292 2.533945 22.089886 -1.466437 2.544547
Car -1 -1 -1.513235 739.618835 737.391785 967.453064 986.015259 0.564578 1.677884 4.256593 -0.967308 2.652112 20.010764 -1.561537 4.189747
Car -1 -1 -1.403740 468.332184 636.201599 712.701416 852.821472 0.813896 1.683352 4.255159 -3.918166 2.012598 23.272725 -1.570534 4.454754
Car -1 -1 2.792619 1665.335205 254.245834 1824.563721 325.339142 1.783425 1.903704 3.704605 23.926323 -7.343304 67.518139 3.133181 0.847849
Car -1 -1 2.934477 1211.006714 259.242218 1356.318970 315.953217 1.414503 1.812193 3.857577 10.012398 -7.853594 69.624217 3.077304 0.596630
Car -1 -1 2.813996 1567.964233 266.674255 1741.727051 335.092499 1.649951 1.837439 4.157631 20.165423 -6.721537 64.274640 3.118008 2.432550
Car -1 -1 2.932048 1142.581787 268.870392 1302.376953 326.917572 1.340548 1.847255 4.396203 7.635874 -7.236485 66.612075 3.046181 2.151703
Car -1 -1 -1.660710 991.511597 200.963974 1041.969727 238.267395 1.245609 1.814753 4.263704 2.224008 -15.193374 103.778753 -1.639283 0.635719
Car -1 -1 1.667955 687.671448 204.292084 744.403137 257.638428 1.605057 1.751804 4.509348 -10.601913 -12.649001 91.212949 1.552242 0.444838
Car -1 -1 1.713619 625.123413 152.300369 668.061401 188.609421 1.864096 1.843834 4.311936 -20.495858 -23.132482 138.639184 1.566846 0.297789
Car -1 -1 1.645966 712.432983 195.061981 757.579956 237.179657 1.425850 1.672047 4.244327 -10.980503 -14.984942 102.051951 1.538781 0.613653
Car -1 -1 1.627086 756.976196 171.311798 792.788879 201.613007 1.355941 1.647280 4.233552 -11.212660 -20.304311 126.028471 1.538350 0.370027
Car -1 -1 0.168100 1295.511963 156.714844 1365.592529 188.000031 1.579186 1.839897 3.922299 23.292254 -23.435168 140.445420 0.332450 0.129802
Car -1 -1 1.649762 738.834106 191.309860 778.327698 225.572464 1.264825 1.560325 4.245321 -10.268311 -16.089684 106.661194 1.553787 0.435589
Car -1 -1 1.401520 736.140625 135.714035 765.496643 157.628784 1.523370 1.924583 4.199656 -19.359328 -34.489830 191.823940 1.300938 0.097468
