Car -1 -1 2.813718 1608.145508 270.699310 1775.141968 325.096954 1.312388 1.836503 4.167841 22.304260 -7.342197 67.488965 3.132905 2.377979
Car -1 -1 -1.562952 938.112732 317.689606 1019.697205 400.509918 1.190822 1.779085 4.255895 0.222425 -4.385534 53.680521 -1.558808 1.990508
Car -1 -1 1.176560 741.594238 303.191101 876.975281 382.921509 1.168544 1.572697 4.674984 -4.148638 -4.946844 55.338120 1.101731 0.960435
Car -1 -1 1.347151 718.199707 247.361282 797.227356 303.781952 1.194777 1.543958 4.274004 -7.139577 -8.762129 72.974541 1.249625 0.821490
Car -1 -1 1.641829 685.432251 225.393494 741.589722 275.676361 1.314165 1.645313 4.267207 -9.566934 -10.663541 81.424242 1.524870 0.811018
Car -1 -1 -1.585773 929.112793 234.373215 983.589539 289.895813 1.414381 1.778394 4.266817 -0.478547 -9.898244 79.044442 -1.591827 1.016829
Car -1 -1 -1.588120 933.457947 175.837219 970.125732 210.494904 1.419901 1.787406 4.273193 -1.016765 -19.359471 122.548776 -1.596416 0.615739
Car -1 -1 -1.545656 867.501831 181.049744 905.451416 215.879669 1.423427 1.782035 4.258610 -4.429255 -18.114874 116.584175 -1.583630 0.564184
Car -1 -1 1.667956 652.585876 195.294510 696.367310 231.575851 1.277822 1.461924 4.265474 -14.249908 -15.741745 105.762801 1.534028 0.560228
Car -1 -1 1.388098 714.236816 271.461029 799.830811 339.391144 1.231570 1.583464 4.251718 -6.098260 -6.555420 62.144510 1.290281 0.828387
Car -1 -1 1.358302 735.625305 196.927719 795.594666 242.946060 1.475031 1.641017 4.321209 -9.403792 -14.503075 100.065664 1.264601 0.330812
Car -1 -1 -1.585609 927.950623 151.630066 957.566711 180.798569 1.557505 1.896160 4.281886 -1.908240 -26.285054 154.353779 -1.597971 0.315957
Car -1 -1 1.624766 772.723938 159.781601 807.898132 191.555023 1.592816 1.828161 4.279172 -11.171549 -22.402183 135.644219 1.542592 0.316370
Car -1 -1 -1.547625 883.887451 165.503769 916.253052 195.217545 1.404638 1.772869 4.262408 -4.414737 -22.674108 137.949870 -1.579616 0.443482
Car -1 -1 1.691818 613.283203 166.455383 651.613586 196.296204 1.373604 1.720982 4.267238 -20.666651 -21.791288 133.356787 1.538068 0.420238
Car -1 -1 0.188759 1298.820312 157.301651 1374.230469 189.008286 1.564330 1.848663 4.110117 23.247077 -23.111928 138.694027 0.354830 0.122956
Car -1 -1 1.622381 730.690918 186.537003 776.416992 226.862320 1.452695 1.602003 4.245929 -10.711068 -16.346599 107.979005 1.523509 0.219726
