Car -1 -1 2.568934 686.485962 492.472260 960.727234 638.593323 1.286669 1.845024 3.318152 -2.458912 0.429070 40.074193 2.507652 3.338523
Car -1 -1 -0.199045 413.808319 404.432861 681.845825 505.166962 1.239976 1.841336 4.411335 -8.275777 -1.569651 51.378914 -0.358746 3.820106
Car -1 -1 -1.631328 1020.195312 808.102356 1258.716919 1047.788330 0.646890 1.730582 4.308988 1.209881 3.198414 24.579737 -1.582145 3.040343
Car -1 -1 -1.502066 663.040771 777.519409 886.394043 1012.036194 0.729165 1.656267 4.234615 -1.888312 3.033568 25.207424 -1.576838 2.576736
Car -1 -1 1.735032 394.288940 302.643036 491.379730 379.932434 1.329768 1.594042 4.245721 -13.925927 -5.063674 70.219967 1.539254 1.102109
Car -1 -1 -1.769045 1366.750122 796.375427 1659.299438 1035.760498 0.647886 1.589620 4.353712 4.540001 3.121063 24.790585 -1.587918 2.579438
Car -1 -1 -1.354044 1025.402710 288.094727 1120.077393 353.814728 1.267819 1.655299 4.264480 2.274309 -6.156690 76.753430 -1.324421 0.962447
Car -1 -1 0.232647 752.271606 287.245544 934.325439 369.714203 1.580132 1.871446 4.074350 -3.823826 -5.382560 72.113341 0.179671 1.612560
Car -1 -1 -1.366966 134.523926 882.172607 501.671692 1079.795410 1.057570 1.820991 4.270042 -5.201589 3.984003 22.048215 -1.598649 2.599702
Car -1 -1 1.695582 534.546570 298.798492 617.476990 371.201538 1.296208 1.589306 4.245275 -10.775026 -5.336489 71.621335 1.546258 1.189785
Car -1 -1 1.644632 721.743530 210.280899 787.381348 286.878845 2.114496 1.769533 4.623215 -8.137938 -9.701837 94.776431 1.558977 0.368240
Car -1 -1 1.662459 671.938416 268.866364 748.935791 339.013519 1.387632 1.768462 4.253213 -8.086220 -6.810760 79.574485 1.561188 1.024828
Car -1 -1 1.690700 549.915405 223.565918 612.516602 276.675293 1.396559 1.566800 4.245269 -14.778841 -10.511901 99.507350 1.543258 0.722378
Car -1 -1 1.713840 444.980316 280.445099 527.671875 345.654022 1.281707 1.524600 4.256358 -14.209405 -6.441063 77.656518 1.532864 0.694389
Car -1 -1 1.674461 616.139893 211.915497 688.777527 292.728088 2.157423 1.674007 4.616729 -11.294275 -9.273658 92.362515 1.552783 0.424464
Car -1 -1 -1.564454 938.205566 148.939545 969.990784 177.434769 1.381537 1.818951 4.246766 -2.324527 -23.647893 170.852548 -1.578059 0.330657
Car -1 -1 1.668466 578.741760 270.255859 652.720764 336.922791 1.325259 1.522355 4.247890 -10.649999 -6.735319 78.387349 1.533429 1.025564
Car -1 -1 1.716612 496.326263 260.728424 570.705505 319.975220 1.306207 1.570637 4.250059 -14.076525 -7.775587 85.140655 1.552762 0.883834
Car -1 -1 1.632178 759.506775 187.872955 808.773499 232.172928 1.438040 1.758987 4.243674 -9.365546 -15.058087 124.771412 1.557257 0.456765
Car -1 -1 -1.580881 994.494507 150.938248 1026.663940 177.170502 1.350794 1.716927 4.248817 1.152123 -23.983320 173.171203 -1.574228 0.350688
Car -1 -1 1.642182 746.552124 160.271194 788.123291 196.962036 1.621695 1.808005 4.261534 -12.079584 -19.605993 148.657148 1.561103 0.257517
Car -1 -1 1.602645 797.388428 142.247238 828.375916 170.856445 1.479266 1.724949 4.248283 -11.716608 -25.414429 180.721430 1.537903 0.190873
Car -1 -1 1.627275 739.106812 138.488510 769.422485 165.426071 1.523248 1.681608 4.248649 -16.748156 -27.825603 194.853724 1.541533 0.158001
Car -1 -1 -1.571588 938.757751 137.815842 967.842163 163.450562 1.413423 1.732431 4.246742 -2.660697 -27.497792 192.060384 -1.585440 0.155347
Car -1 -1 1.674829 643.008606 184.922104 689.243408 217.114792 1.197727 1.595423 4.260636 -15.499948 -16.427693 131.372230 1.557387 0.266506
Car -1 -1 -1.572277 1106.554688 156.873505 1153.429077 190.446121 1.600000 1.920625 4.244341 8.112997 -21.718222 162.462100 -1.522381 0.084327
Car -1 -1 -1.565189 1028.281372 171.811111 1074.165527 206.367706 1.271875 1.765496 4.276722 3.144585 -18.443218 142.821989 -1.543175 0.159120
Car -1 -1 -1.579440 990.761292 139.639038 1019.575317 165.102692 1.435141 1.717183 4.227299 0.829718 -25.285505 178.429509 -1.574790 0.150077
Car -1 -1 1.682434 674.483032 207.415314 725.171631 252.536743 1.274499 1.429613 4.241787 -11.577964 -12.423431 108.958074 1.576571 0.250835
