Car -1 -1 -1.683566 1159.123779 444.189423 1294.574829 559.673523 1.094953 1.626261 4.249821 3.866708 -0.686267 46.119879 -1.599921 2.152368
Car -1 -1 -1.728653 1251.972412 621.232788 1455.915405 797.807190 0.911209 1.630591 4.220991 4.162626 1.869995 32.532515 -1.601392 3.091483
Car -1 -1 -1.614826 996.652771 595.683167 1166.972168 764.436035 0.953398 1.751937 4.242151 1.037603 1.630109 34.314229 -1.584597 3.564420
Car -1 -1 -1.653797 1085.570435 336.017822 1185.846436 428.414734 1.384770 1.790160 4.262346 3.172478 -3.493625 61.910453 -1.602598 1.348057
Car -1 -1 -1.532170 784.739319 443.518707 902.689270 555.159790 1.052047 1.758467 4.259940 -2.472053 -0.760006 46.587629 -1.585183 2.452616
Car -1 -1 -1.607234 972.896240 397.194458 1085.595093 509.173187 1.302524 1.825846 4.249144 0.636147 -1.550449 50.757761 -1.594702 1.659137
Car -1 -1 -1.554218 844.165039 328.053833 924.244141 403.327332 1.161533 1.728147 4.239426 -2.555106 -4.205025 65.421362 -1.593255 1.540915
Car -1 -1 -1.405908 189.668640 878.650879 528.270142 1078.792603 1.019151 1.778619 4.291027 -4.891422 3.959085 22.068359 -1.624031 2.365830
Car -1 -1 1.666931 638.398560 298.415894 730.334412 374.818359 1.353655 1.812604 4.262124 -7.871803 -5.219155 70.849959 1.556279 1.132559
Car -1 -1 -1.572070 944.953674 240.614243 999.595154 294.507874 1.388383 1.654792 4.243708 -0.678199 -9.222798 92.807634 -1.579378 1.461855
Car -1 -1 -1.547089 839.027649 258.862762 906.651428 325.622162 1.407738 1.741427 4.255681 -3.544173 -7.385497 82.321240 -1.590115 1.284332
Car -1 -1 1.830657 188.382401 225.256577 282.268219 307.411957 1.968849 1.519488 4.677526 -24.311253 -8.538639 88.896468 1.563706 0.530386
Car -1 -1 -1.563580 947.607361 188.811707 990.399475 229.730392 1.401229 1.799041 4.261063 -1.046861 -15.179217 125.316527 -1.571933 0.712095
Car -1 -1 -1.550106 859.214600 219.398636 916.141724 276.847717 1.578704 1.919690 4.277093 -3.792626 -10.621287 100.479561 -1.587833 0.755086
Car -1 -1 -1.576149 1031.139771 278.231201 1095.223267 338.536469 1.228860 1.678669 4.240975 2.029386 -6.845795 80.346397 -1.550897 1.000524
Car -1 -1 1.686906 634.190735 204.961792 694.840698 257.230621 1.561263 1.762884 4.255751 -12.808055 -12.123729 108.139213 1.569014 0.510107
Car -1 -1 1.651413 661.758301 258.786377 742.532654 331.956696 1.542186 1.851114 4.254514 -8.355231 -6.986961 79.803036 1.547095 1.467832
Car -1 -1 -1.545746 867.645874 195.251724 912.768372 236.245697 1.386078 1.739662 4.220500 -4.338229 -13.969965 117.926777 -1.582517 0.572831
Car -1 -1 -1.550223 887.151917 163.896393 923.584839 196.552658 1.423266 1.786398 4.240460 -4.680063 -19.782908 149.685041 -1.581478 0.429144
Car -1 -1 -1.588816 997.196228 148.200592 1028.666870 174.530792 1.370584 1.781688 4.248939 1.251017 -24.047075 172.721788 -1.581573 0.279267
Car -1 -1 -1.550357 890.723755 136.450729 918.855530 160.572617 1.381445 1.716007 4.242505 -6.137476 -27.700486 191.979131 -1.582315 0.231740
Car -1 -1 1.643445 811.916382 131.869034 840.523499 155.951385 1.408306 1.717816 4.248200 -12.097598 -29.411374 201.934982 1.583608 0.303953
Car -1 -1 1.658490 688.571655 163.613586 731.466736 199.106094 1.419508 1.742266 4.244344 -14.723620 -19.033155 144.831662 1.557177 0.332625
Car -1 -1 -1.562551 929.426697 141.332489 957.879089 167.281830 1.375558 1.735757 4.235395 -3.264575 -25.246011 178.509798 -1.580837 0.199192
Car -1 -1 -1.583332 983.545898 134.009872 1011.825439 158.621567 1.424707 1.828359 4.219606 0.401969 -28.274168 195.803691 -1.581279 0.137986
