Car -1 -1 -0.745875 610.679871 369.081665 818.398682 461.444580 1.179898 1.808669 3.817937 -5.587748 -2.571646 56.199309 -0.844976 2.070623
Car -1 -1 1.798090 267.543427 294.895599 374.928070 381.940674 1.583706 1.560247 4.237381 -17.060203 -5.026044 70.464458 1.560550 1.339079
Car -1 -1 -1.522138 706.169189 797.459839 930.032532 1044.470337 0.723993 1.651540 4.227269 -1.461739 3.161779 24.402017 -1.581968 3.161509
Car -1 -1 1.747775 399.331116 299.940979 501.255127 375.812775 1.356707 1.694654 4.248647 -13.978024 -5.234800 71.451347 1.554585 1.282210
Car -1 -1 -1.479186 846.269836 287.772339 924.580261 353.968384 1.224556 1.692889 4.256045 -2.908020 -6.139814 76.323919 -1.517268 1.228800
Car -1 -1 1.705533 529.001953 302.169739 613.469910 375.722748 1.291507 1.512222 4.235772 -10.821517 -5.225765 71.255036 1.554814 1.324063
Car -1 -1 -1.778736 1371.680420 802.710938 1695.022583 1062.803711 0.665200 1.674094 4.611488 4.596362 3.197942 24.253901 -1.591446 3.731095
Car -1 -1 -1.397949 244.352173 824.202393 564.183411 1079.560181 1.142612 1.780159 4.240232 -4.898102 3.763429 23.688133 -1.601850 3.872290
Car -1 -1 1.818285 224.951675 234.896561 308.997437 294.800995 1.580030 1.677233 4.263262 -24.518238 -9.289908 93.612448 1.562127 0.814513
Car -1 -1 -1.538661 874.541199 242.437561 938.020935 305.354919 1.547399 1.858095 4.235515 -2.811372 -8.641400 89.855071 -1.569938 1.105213
Car -1 -1 -1.564657 929.878784 195.952591 975.899719 237.258636 1.385434 1.829911 4.242156 -1.735603 -14.289385 120.553712 -1.579053 0.894547
Car -1 -1 1.730258 470.878876 270.382629 545.780640 333.820190 1.311692 1.414248 4.242136 -14.221771 -7.072152 81.399678 1.557289 1.185174
Car -1 -1 1.690947 576.156250 179.156509 628.079285 221.361176 1.524351 1.792028 4.244975 -18.482275 -16.252862 130.968678 1.550753 0.581913
Car -1 -1 -1.547183 875.120911 173.884277 915.631775 214.173492 1.608012 1.777229 4.253956 -4.799880 -17.262862 136.956754 -1.582216 0.571237
Car -1 -1 1.660630 629.733887 185.887421 681.744202 229.382339 1.544150 1.788381 4.243123 -15.076532 -14.985202 123.799232 1.539444 0.588680
Car -1 -1 -1.561856 938.779419 153.499741 971.926758 182.000122 1.384521 1.874075 4.253330 -2.211594 -22.741156 166.252356 -1.575158 0.413762
Car -1 -1 1.669864 696.950928 160.913055 736.937256 193.667908 1.433539 1.640396 4.248290 -15.124260 -20.200883 151.731851 1.570515 0.347677
Car -1 -1 -1.648908 1157.418701 173.706680 1206.313965 216.438736 1.757226 1.988759 4.315723 9.131610 -16.744355 133.561891 -1.580644 0.363602
Car -1 -1 -1.554726 933.950745 135.490234 961.864197 161.028488 1.451949 1.721893 4.233992 -3.117327 -27.578082 191.449379 -1.571008 0.287385
