Car -1 -1 -1.614388 1020.935059 537.234741 1170.925781 673.919617 0.954618 1.765149 4.252497 1.397482 0.807598 38.865988 -1.578447 2.238147
Car -1 -1 -1.378992 195.883179 851.598816 534.075439 1079.155640 1.021528 1.801367 4.250911 -5.040393 3.790485 22.921388 -1.595446 3.195331
Car -1 -1 -1.576136 958.173462 272.173065 1024.024780 356.670197 1.667545 1.582225 4.521276 -0.057230 -5.981780 75.097343 -1.576898 0.743998
Car -1 -1 1.663232 648.626587 298.517639 730.486389 380.164581 1.437128 1.563250 4.244305 -7.610060 -5.022441 69.809116 1.554648 1.236262
Car -1 -1 -1.550854 828.303467 290.941162 901.833923 359.928894 1.251633 1.808942 4.257111 -3.446916 -5.912919 75.233903 -1.596638 1.580483
Car -1 -1 -1.591912 1037.017090 231.974319 1095.332397 285.270416 1.368110 1.878060 4.262396 2.599634 -10.084575 98.057353 -1.565407 1.121110
Car -1 -1 -1.547967 845.247986 244.239273 905.510498 299.133301 1.293758 1.806124 4.242745 -3.861964 -8.984045 91.336993 -1.590224 1.097497
Car -1 -1 -1.567960 934.532471 223.708313 985.662903 270.005829 1.215865 1.740532 4.241834 -1.194863 -11.141469 103.353773 -1.579521 0.878883
Car -1 -1 -1.545251 864.143921 195.003418 909.507690 237.079544 1.372186 1.754464 4.252743 -4.588766 -14.285549 120.287966 -1.583381 0.779738
Car -1 -1 -1.562207 923.530212 183.987564 966.387329 223.799179 1.440049 1.775619 4.244092 -2.223163 -15.721998 127.765099 -1.579605 0.533170
Car -1 -1 -1.584220 995.099548 173.953552 1037.014404 210.575516 1.423167 1.890811 4.232494 1.133003 -17.302218 135.859711 -1.575880 0.522529
Car -1 -1 -1.569229 1045.581421 190.208984 1087.048950 226.108627 1.240753 1.649236 4.268378 3.372265 -15.462084 126.507126 -1.542578 0.506215
Car -1 -1 -1.588052 1036.561523 209.770309 1086.596802 251.060486 1.238996 1.698306 4.238756 2.782379 -12.767849 111.628192 -1.563131 0.664656
Car -1 -1 -1.564221 936.188232 160.945343 973.745422 196.083893 1.598095 1.835307 4.234047 -2.008836 -19.679328 149.058546 -1.577697 0.461054
Car -1 -1 -1.391967 1073.269897 169.944183 1117.943481 202.301727 1.330087 1.583885 4.237612 5.451278 -18.960174 145.656391 -1.354559 0.272402
Car -1 -1 -1.573997 939.944275 139.159561 968.330994 163.482880 1.335155 1.714162 4.260779 -2.616527 -27.023115 189.162720 -1.587828 0.234518
Car -1 -1 -1.547720 880.851196 136.660614 910.565918 163.776245 1.439410 1.773266 4.250515 -6.468655 -26.506991 185.290025 -1.582617 0.244257
Car -1 -1 1.654452 704.264465 155.739029 744.143921 191.415131 1.601145 1.694379 4.251194 -14.766709 -20.367017 152.242906 1.557760 0.348022
Car -1 -1 -1.601767 1088.750000 135.993378 1122.565674 164.222549 1.559497 1.985625 4.254387 7.728549 -26.918585 188.372379 -1.560762 0.121480
Car -1 -1 -1.550367 876.719482 162.880203 912.841614 201.814087 1.466566 1.673920 4.271684 -4.940549 -18.282628 140.409169 -1.585539 0.257758
