Car -1 -1 -1.641072 669.956726 355.263000 787.270874 465.429382 1.023315 1.668392 4.258470 -4.121198 -2.534498 39.231471 -1.745736 2.616465
Car -1 -1 -1.651227 1035.870605 383.397430 1175.794067 510.473694 1.047462 1.778744 4.303768 2.362446 -1.650816 35.103406 -1.584028 2.899849
Car -1 -1 -1.707858 1116.032471 567.558533 1360.710693 796.164795 1.004546 1.803316 4.265374 2.901302 1.339875 23.342734 -1.584200 2.878992
Car -1 -1 -1.601697 860.830994 458.097046 1020.638550 631.860718 1.097749 1.751132 4.235137 -0.252053 -0.078583 29.563841 -1.610222 3.825039
Car -1 -1 -1.585892 988.310669 234.907455 1071.229614 316.080261 1.385020 1.846071 4.258900 1.947003 -7.053753 57.386120 -1.551977 1.795047
Car -1 -1 1.734363 482.966248 273.322327 597.404053 370.621887 1.228119 1.467623 4.245144 -8.894103 -4.811996 47.131800 1.547849 1.986493
Car -1 -1 -1.585318 861.302063 289.153351 953.233826 376.459198 1.103570 1.710585 4.242774 -1.068493 -4.752980 48.102220 -1.607528 2.211450
Car -1 -1 1.776500 244.587418 375.369354 395.066345 505.553375 1.169753 1.322368 4.246636 -10.190790 -1.696394 35.309090 1.495519 3.152439
Car -1 -1 2.744558 1666.282959 195.729797 1839.750488 250.759979 1.318290 1.852157 4.269754 25.320440 -10.228123 69.343437 3.094661 1.782300
Car -1 -1 1.740251 408.597351 209.990311 507.891907 298.809967 1.613713 1.640074 4.272559 -13.243940 -7.596587 58.369951 1.517132 1.224060
Car -1 -1 1.577232 697.159790 146.760788 752.295654 203.045532 1.604942 1.719269 4.267453 -8.876860 -14.167319 84.196827 1.472190 0.819984
Car -1 -1 1.739708 539.647095 144.750488 600.095032 198.222900 1.582042 1.676988 4.305709 -15.662549 -15.152957 88.869922 1.565258 0.664172
Car -1 -1 2.795773 1584.536865 179.380600 1723.298462 233.207825 1.301357 1.855107 3.728663 24.005636 -11.658228 75.098360 3.105164 0.527960
Car -1 -1 2.719427 1807.801880 182.585815 1918.413818 235.283813 1.343288 1.842277 4.322747 32.190617 -11.632045 75.461768 3.122637 0.484771
Car -1 -1 -1.568102 894.302734 199.791794 957.705017 258.781036 1.237866 1.762639 4.260094 -0.925278 -10.214576 70.088540 -1.581303 1.243163
Car -1 -1 1.717144 546.340759 183.699432 617.408447 239.675980 1.258096 1.642808 4.258775 -12.779490 -11.547449 75.000562 1.548373 0.828681
Car -1 -1 2.830114 1516.263916 168.686386 1658.413940 221.096512 1.575241 1.860177 4.263313 23.429849 -12.868167 80.761411 3.112475 0.679293
Car -1 -1 1.669382 689.973999 116.430946 730.210083 152.695435 1.450444 1.640580 4.262938 -13.298594 -22.349276 118.361304 1.557496 0.573025
Car -1 -1 1.675508 631.534973 124.925133 688.116394 183.368515 1.999276 1.791219 4.686162 -13.623688 -17.876016 101.014055 1.541448 0.195703
