Car -1 -1 1.702599 512.103760 291.040588 609.504028 380.507935 1.645654 1.684845 4.447052 -10.955991 -5.070988 70.407981 1.548230 0.658973
Car -1 -1 2.778397 505.591797 436.034973 816.796204 555.135437 1.232305 1.886589 4.564306 -5.492799 -0.725527 45.880676 2.659245 3.890985
Car -1 -1 -1.639709 998.180176 822.065552 1236.568359 1073.754150 0.653401 1.641012 4.273390 0.984015 3.284740 23.930117 -1.598612 2.781324
Car -1 -1 -1.524890 679.266418 792.368530 897.406982 1025.476807 0.654087 1.668215 4.249512 -1.755002 3.094016 24.966485 -1.595069 4.135115
Car -1 -1 -0.451792 85.032555 400.124237 348.370483 502.046417 1.171017 1.849383 4.114635 -14.526472 -1.707388 51.956749 -0.724419 4.037052
Car -1 -1 1.780534 273.203644 290.096466 387.091431 377.430176 1.617260 1.785798 4.297883 -17.012014 -5.186087 71.245056 1.546141 0.938634
Car -1 -1 -0.332857 1726.558228 459.769592 1920.815186 567.328735 1.299479 1.846470 4.356966 14.375540 -0.344060 44.941432 -0.023269 1.140455
Car -1 -1 -1.779759 1372.307373 833.546265 1666.382324 1079.251587 0.805056 1.601412 4.223772 4.523757 3.558212 24.323040 -1.595874 3.057407
Car -1 -1 -1.556007 913.997070 204.989151 961.288574 249.716446 1.375797 1.786446 4.242949 -2.226638 -12.888565 112.613578 -1.575776 0.844708
Car -1 -1 -0.829316 535.694397 355.538269 728.323792 444.809418 1.147362 1.663301 4.073035 -7.694551 -3.079967 59.330552 -0.958285 0.781074
Car -1 -1 -1.513593 1034.921875 182.292252 1080.803101 223.057983 1.510834 1.819862 4.264113 3.042248 -15.944981 129.387595 -1.490084 0.480366
Car -1 -1 -1.573483 942.404297 135.999893 970.658630 164.062378 1.583336 1.738412 4.268932 -2.414508 -27.124709 189.585019 -1.586219 0.277576
Car -1 -1 -1.549885 884.900696 142.832245 915.395508 171.500000 1.526892 1.806226 4.253961 -5.892868 -24.712093 176.023477 -1.583351 0.415441
Car -1 -1 -1.567848 924.800842 153.329880 958.045044 184.276505 1.441427 1.829123 4.264484 -3.024083 -22.360080 163.975778 -1.586288 0.408585
Car -1 -1 1.621669 786.175659 158.038849 821.686707 189.067764 1.377957 1.632826 4.249212 -10.618983 -20.936434 155.641802 1.553548 0.412290
Car -1 -1 -1.610407 1086.657227 136.689560 1119.999390 164.722198 1.669343 1.952307 4.272474 7.551160 -26.995169 189.603642 -1.570602 0.115492
