Car -1 -1 0.337085 0.824892 261.111969 153.590393 334.280060 1.361731 1.915551 4.736438 -24.028864 -4.964047 55.273634 -0.072995 0.781515
Car -1 -1 0.291384 157.918503 294.399658 391.361908 376.930389 1.344099 1.895265 4.315062 -15.975474 -3.522863 48.941379 -0.024133 3.059818
Car -1 -1 -1.545408 661.374695 664.708008 884.839966 915.271484 0.687760 1.757494 4.426977 -2.020763 2.525064 20.874355 -1.641913 2.281594
Car -1 -1 -0.388989 1593.498047 281.430908 1832.281006 366.969666 1.328820 1.870183 4.086972 16.133986 -3.732646 48.530707 -0.068035 3.656226
Car -1 -1 2.482406 488.919128 158.946198 599.828064 208.963684 1.557080 1.841682 4.103604 -18.513236 -12.894523 90.626838 2.280898 0.741996
Car -1 -1 2.772682 326.401123 161.997360 454.336853 217.114136 1.672598 1.936000 4.047920 -23.893134 -12.022280 86.594437 2.503461 1.330597
Car -1 -1 1.630185 750.660583 137.984802 795.461853 188.810684 1.899541 1.564044 4.566116 -10.010503 -15.179860 100.905102 1.531301 0.297337
Car -1 -1 2.202757 604.929993 159.594971 687.806763 200.388916 1.285304 1.578701 4.097630 -15.219372 -14.126429 96.916852 2.046993 0.293934
Car -1 -1 -3.128474 108.963348 172.881760 253.855988 225.424301 1.427925 1.866417 4.680526 -30.987282 -11.329923 83.507165 2.799387 1.037414
Car -1 -1 1.684842 674.517578 133.009247 727.985840 186.569168 1.956211 1.804135 4.820685 -13.987125 -16.110484 106.012668 1.553662 0.185274
Car -1 -1 1.644294 770.960876 127.198242 806.838379 161.492523 1.341450 1.525581 4.260076 -10.647130 -18.840566 116.137865 1.552872 0.244856
Car -1 -1 1.582199 776.381042 113.693367 811.312012 147.805466 1.452231 1.804177 4.318305 -11.025203 -20.535980 122.855492 1.492698 0.215667
Car -1 -1 1.623976 823.548035 80.735397 848.718750 104.054718 1.688126 1.810694 4.298996 -13.268498 -35.059342 188.704826 1.553778 0.112097
Car -1 -1 1.683351 721.898010 123.861183 759.833923 155.638031 1.366893 1.469686 4.281852 -14.033442 -20.023181 122.273809 1.569080 0.172097
