Car -1 -1 -1.524817 799.216003 410.109497 909.063538 513.609070 1.112568 1.760442 4.265031 -2.501475 -1.491915 50.595987 -1.574217 1.704422
Car -1 -1 -2.524189 1630.489990 345.381409 1860.643066 427.328064 1.114322 1.824914 4.463496 17.192824 -3.634530 63.324634 -2.259077 1.688419
Car -1 -1 -1.578425 939.047241 287.769928 1020.086304 387.247284 1.843235 1.774738 4.250829 -0.326985 -4.806532 68.738505 -1.583182 1.571613
Car -1 -1 1.743937 384.472107 310.426392 478.411072 384.336914 1.262467 1.467621 4.240456 -14.028912 -4.874279 69.289454 1.544169 1.268618
Car -1 -1 1.818799 195.659012 239.282837 285.550232 309.197876 1.685910 1.658428 4.240441 -24.463281 -8.566136 90.083752 1.553633 0.944795
Car -1 -1 -1.688521 1309.716919 270.784729 1390.590332 333.260376 1.313002 1.744022 4.233584 10.658532 -7.195757 82.624791 -1.560230 1.080362
Car -1 -1 1.717706 481.588501 222.584961 546.713867 269.912720 1.299524 1.644275 4.245743 -17.548173 -10.928357 101.503022 1.546515 0.861012
Car -1 -1 1.804839 301.456329 280.994812 404.853119 360.357941 1.570413 1.563316 4.249277 -17.172897 -5.806668 74.418289 1.578048 1.103129
Car -1 -1 1.387723 658.729858 288.649048 756.625000 360.392395 1.284677 1.789099 4.260639 -7.705048 -5.849123 74.335862 1.284440 0.732032
Car -1 -1 -1.609834 1042.853394 252.382172 1113.717529 318.829987 1.489577 1.924554 4.252317 2.605022 -7.780265 84.749765 -1.579106 1.129198
Car -1 -1 1.705476 519.473206 303.619415 610.688538 377.289062 1.303789 1.625539 4.246065 -10.917435 -5.143932 70.820423 1.552523 1.177385
Car -1 -1 -1.544172 867.456909 185.613800 910.074280 224.880798 1.416888 1.784119 4.239956 -4.840838 -15.862743 129.119023 -1.581646 0.693061
Car -1 -1 -1.689873 1058.913208 897.331238 1386.981079 1079.367310 1.226792 1.818437 4.426020 1.550970 4.174780 20.643437 -1.614883 2.989462
Car -1 -1 -1.563213 934.970947 195.392548 981.737549 242.527435 1.531454 1.731053 4.257064 -1.427210 -13.624030 116.486399 -1.575465 0.742652
Car -1 -1 -1.587137 1020.977295 213.539658 1070.492065 257.945557 1.303828 1.771803 4.263586 2.122850 -12.176114 109.053182 -1.567673 0.750320
Car -1 -1 1.697376 587.931458 244.458557 667.696960 319.647858 1.753690 1.775069 4.243334 -11.236734 -7.814497 85.319668 1.566428 0.775929
Car -1 -1 1.736531 420.438446 181.553040 481.902771 227.604248 1.625048 1.941204 4.271665 -25.292335 -15.784457 129.154113 1.543148 0.354246
Car -1 -1 -1.398809 1066.087769 171.551331 1111.075928 205.472687 1.319497 1.617129 4.237667 4.985406 -18.438215 142.728296 -1.363894 0.339254
Car -1 -1 -1.553342 937.594666 139.415802 966.774719 167.772980 1.595375 1.761191 4.264001 -2.686219 -26.061107 184.104769 -1.567932 0.268995
Car -1 -1 -1.644029 1199.889648 198.518799 1252.316040 241.464691 1.393999 1.771006 4.245479 9.925067 -13.831641 117.918153 -1.560058 0.625039
Car -1 -1 1.742384 433.904480 290.441040 511.422546 353.964020 1.254612 1.267660 4.253589 -14.499385 -6.167576 77.200672 1.556732 0.857356
Car -1 -1 -1.648238 1159.652344 175.690826 1205.767090 213.338226 1.473183 1.739606 4.254209 9.378467 -17.186987 136.018831 -1.579397 0.427314
Car -1 -1 -1.554705 883.896851 136.520172 913.819214 164.963608 1.655995 1.724654 4.349426 -6.469945 -27.102729 190.077357 -1.588730 0.160576
Car -1 -1 -1.586078 989.973450 152.263702 1023.211060 179.920319 1.359043 1.837550 4.261836 0.868234 -23.252720 169.009610 -1.580941 0.368836
Car -1 -1 -1.560494 881.208862 163.648773 920.243896 202.520294 1.573052 1.735236 4.249667 -4.751897 -18.827775 144.452941 -1.593378 0.430553
Car -1 -1 1.629985 727.804138 218.642807 785.541199 276.369843 1.685761 1.657687 4.280334 -8.309936 -10.282779 98.021176 1.545411 0.559339
Car -1 -1 1.642077 716.597839 163.174911 756.082092 197.232010 1.460053 1.704895 4.248373 -13.575958 -19.288385 146.415126 1.549619 0.377902
Car -1 -1 1.597955 791.299744 152.376022 826.740173 183.572250 1.454179 1.797157 4.253598 -10.622747 -21.768170 159.466518 1.531439 0.270164
Car -1 -1 1.687060 624.631897 167.804428 665.328552 198.250580 1.282477 1.598745 4.252326 -18.735883 -19.603445 149.107571 1.562062 0.263960
