Car -1 -1 -1.410441 485.644348 593.273376 687.766724 760.186829 0.791954 1.681362 4.235515 -4.739287 1.444667 27.971965 -1.578277 3.329592
Car -1 -1 -1.670112 1032.475830 592.881958 1214.016602 782.360840 0.962813 1.738981 4.211539 1.913385 1.642533 28.023496 -1.601940 3.136868
Car -1 -1 -1.678018 1136.075684 319.151947 1232.889648 404.843323 1.384758 1.890848 4.261230 5.515170 -4.599961 55.727506 -1.579373 1.276375
Car -1 -1 -1.551683 870.725403 337.380005 956.430603 417.066345 1.173469 1.861561 4.258353 -1.267122 -4.186637 54.055153 -1.575120 1.631760
Car -1 -1 -1.566711 880.827454 237.402100 936.712219 292.866852 1.516093 1.864907 4.243282 -2.148484 -10.510663 82.817675 -1.592647 1.035839
Car -1 -1 -1.628487 998.004944 235.104095 1058.695557 297.429108 1.512440 1.933319 4.290033 2.241335 -10.145341 80.535356 -1.600663 0.846549
Car -1 -1 1.799956 424.263580 234.964096 492.896210 290.630798 1.573897 1.532863 4.268393 -20.591766 -11.397457 88.941966 1.572445 0.731200
Car -1 -1 -1.617098 1043.375854 189.656311 1082.838013 223.593735 1.296720 1.768127 4.246686 5.162447 -18.267306 117.603456 -1.573229 0.469224
Car -1 -1 -1.564745 911.154358 176.124298 948.521729 209.673233 1.426104 1.889369 4.245583 -2.124060 -20.563646 127.765706 -1.581368 0.594710
Car -1 -1 1.164557 1813.437866 166.820709 1895.121582 214.626755 1.684582 1.719032 4.462122 42.229157 -16.689339 104.387811 1.548972 0.417258
Car -1 -1 -1.596753 985.584045 205.155167 1032.827026 249.648148 1.468007 1.904507 4.255242 1.980449 -14.691644 101.464086 -1.577236 0.642744
Car -1 -1 1.983798 1739.862793 205.161682 1834.429077 257.340027 1.424254 1.646144 4.223890 32.275297 -12.208691 85.855497 2.343380 0.458894
Car -1 -1 -1.590263 969.367981 170.516647 1007.765564 205.605087 1.635765 1.980180 4.241831 1.329046 -20.985254 129.224249 -1.579978 0.534089
Car -1 -1 -1.925999 1755.907837 174.811691 1826.329590 214.308243 1.409048 1.529716 4.227109 39.320953 -16.724068 104.496109 -1.566097 0.574844
Car -1 -1 -1.611120 1025.380981 168.884689 1060.064819 197.468231 1.366108 1.817173 4.238560 4.932409 -23.356436 140.807073 -1.576105 0.459048
Car -1 -1 2.786420 1726.190796 165.511719 1822.838135 203.787308 1.508283 1.826274 3.814601 41.077091 -18.274273 111.612395 3.139069 0.169302
Car -1 -1 -1.563275 918.264221 138.869995 947.347290 167.198181 1.836873 1.938234 4.308520 -2.717981 -31.682391 177.390695 -1.578596 0.239144
Car -1 -1 1.136595 1877.231812 169.913208 1919.337402 211.660553 1.498152 1.246042 4.244695 45.179449 -16.747615 104.426706 1.544921 0.430874
Car -1 -1 -1.698256 1194.399414 164.246506 1235.519531 196.101868 1.542361 1.916126 4.230809 14.956795 -21.882255 131.674516 -1.585152 0.428201
Car -1 -1 -1.636035 1130.258179 116.176414 1171.200439 162.833588 2.508645 2.075510 4.881090 14.386838 -31.338910 171.656770 -1.552419 0.099563
Car -1 -1 -1.567993 919.895325 162.765045 952.527039 193.405121 1.391976 1.832122 4.241399 -1.960124 -25.198416 149.013119 -1.581147 0.295778
Car -1 -1 -1.632363 1110.240967 119.629395 1137.117432 144.795837 1.766511 1.814592 4.317859 13.900487 -36.251967 191.854684 -1.560036 0.116799
Car -1 -1 2.860104 1585.550659 148.661758 1667.081421 182.183044 1.513961 1.803262 3.748198 38.918142 -22.156793 128.416375 -3.128818 0.098105
Car -1 -1 -2.780972 0.078805 202.964905 69.096260 243.467026 1.500143 1.828229 3.916895 -51.027897 -17.437973 118.097572 3.094359 0.103255
Car -1 -1 -1.604575 1008.464233 137.591385 1036.306885 162.234924 1.541018 1.795796 4.221753 4.586299 -32.434080 179.610613 -1.579046 0.169951
Car -1 -1 -1.579662 969.457153 142.476242 1002.031921 170.027756 1.654527 2.035898 4.281720 1.395674 -28.280112 159.575627 -1.570917 0.126895
Car -1 -1 2.889141 1564.179443 140.815948 1643.836670 176.113403 1.668240 1.839057 3.874770 40.107548 -24.031207 136.846855 -3.108945 0.058684
