Car -1 -1 -1.751224 1296.034668 664.553833 1572.868530 909.426575 1.026116 1.655318 4.527833 4.211724 2.495806 27.217870 -1.597701 1.805344
Car -1 -1 -1.491638 554.932861 640.636414 782.095215 869.774597 1.096078 1.797120 4.231274 -3.191446 2.315275 28.181260 -1.604404 2.916226
Car -1 -1 -1.621443 970.868713 664.094727 1172.336792 883.342773 0.976457 1.690625 4.225438 0.724178 2.414184 28.057577 -1.595638 1.875537
Car -1 -1 -1.363244 154.441620 621.382263 442.737579 854.738831 1.115651 1.770099 4.258028 -6.800099 2.136388 27.828226 -1.602908 3.089478
Car -1 -1 1.839398 114.209305 236.984161 207.810608 299.989685 1.515729 1.556363 4.253727 -26.667327 -8.098294 89.215989 1.548943 0.855630
Car -1 -1 -1.599446 869.178101 817.010742 1142.712646 1079.084229 1.484281 1.636018 4.737681 0.028320 3.900263 20.354735 -1.598055 2.227405
Car -1 -1 1.793324 241.728195 238.426254 323.311401 295.037720 1.305381 1.486512 4.240852 -23.232380 -8.436856 91.057981 1.543516 0.882379
Car -1 -1 1.743348 441.096069 228.069702 528.464844 301.261597 1.732368 1.811212 4.252080 -15.886203 -7.937678 87.271752 1.563288 0.661657
Car -1 -1 1.806717 194.879883 215.614563 269.795410 272.477264 1.563782 1.451575 4.259227 -27.295039 -9.950294 99.861976 1.539906 0.676003
Car -1 -1 -1.557832 933.356628 172.969330 971.082947 207.051041 1.347634 1.686230 4.258339 -1.953950 -17.240250 142.505622 -1.571542 0.544139
Car -1 -1 1.763659 301.650055 223.056732 375.193848 275.736603 1.358335 1.565410 4.251983 -23.351704 -9.821640 99.249500 1.532579 0.726191
Car -1 -1 1.780698 271.967041 207.990768 338.151062 252.071701 1.254011 1.542429 4.255503 -26.528889 -11.366708 107.025059 1.537720 0.507004
