Car -1 -1 -2.870363 258.307648 270.040619 436.060089 333.617462 1.403101 1.851240 4.242734 -18.282493 -6.810270 64.206716 3.135419 2.284937
Car -1 -1 -1.511529 739.427429 738.727783 968.168030 985.885132 0.571624 1.691082 4.260156 -0.962541 2.654755 20.005332 -1.559606 4.041524
Car -1 -1 -1.403644 468.245087 636.245667 712.695679 852.652649 0.817081 1.678982 4.257767 -3.916734 2.011380 23.267294 -1.570417 4.451611
Car -1 -1 -1.778549 1519.353882 699.232483 1835.352783 1041.268921 1.096331 1.611421 4.930909 6.256231 2.888188 19.913551 -1.474144 2.601546
Car -1 -1 2.760875 1726.422363 261.535278 1889.702271 318.029419 1.368510 1.833722 4.008502 26.678291 -7.796295 69.456368 3.127601 2.846830
Car -1 -1 -2.957343 582.394470 254.510605 732.797668 312.728088 1.410803 1.848751 4.219071 -10.094647 -8.086103 70.468085 -3.099626 2.345032
Car -1 -1 2.593953 246.615601 208.622421 375.653687 278.654755 1.925331 1.835161 4.021439 -25.038799 -10.799057 82.785763 2.300247 1.407551
Car -1 -1 2.954338 1530.045044 252.853836 1659.818237 305.921722 1.355363 1.847314 3.645226 21.275788 -8.732169 74.406217 -3.050338 1.321563
Car -1 -1 -2.887938 425.000092 264.853607 587.316589 319.532806 1.260852 1.841430 4.308359 -14.173043 -7.444657 66.707246 -3.097291 1.758928
Car -1 -1 1.672215 664.593445 179.293915 713.169983 222.516602 1.662149 1.822165 4.289730 -14.153506 -16.742446 109.736925 1.543947 0.571626
Car -1 -1 1.666389 689.330078 202.861755 744.911804 258.812531 1.700867 1.791162 4.569962 -10.612454 -12.691133 91.719965 1.551196 0.394242
Car -1 -1 1.651500 711.744629 194.009201 758.067444 238.198410 1.497915 1.729067 4.275601 -11.003936 -14.987066 102.347019 1.544395 0.511173
Car -1 -1 0.170600 1298.669189 156.899216 1374.260986 188.365677 1.559286 1.829960 4.110077 23.327540 -23.220749 139.245063 0.336587 0.121571
Car -1 -1 1.646664 737.747925 191.623306 777.883240 226.167587 1.264779 1.553997 4.252326 -10.353430 -16.148572 107.101658 1.550294 0.444730
