Car -1 -1 -0.495388 415.778625 384.694244 650.456665 479.721130 1.116706 1.826025 3.956020 -8.989364 -2.188119 54.527553 -0.658778 3.149289
Car -1 -1 -1.534227 695.480591 824.436768 930.636414 1075.751953 0.647742 1.726909 4.259923 -1.479791 3.283074 23.782452 -1.596369 2.960877
Car -1 -1 1.797669 253.476746 294.571533 368.211853 387.233673 1.644908 1.540332 4.364704 -16.991901 -4.832987 69.145500 1.556702 0.914000
Car -1 -1 -1.155000 815.567139 339.844147 957.172058 420.733612 1.164561 1.433309 4.409679 -2.395254 -3.768169 63.740909 -1.192561 0.819924
Car -1 -1 1.761127 392.043030 285.836548 498.206177 377.713196 1.684656 1.727972 4.249755 -13.999321 -5.187985 70.902240 1.566189 1.105707
Car -1 -1 -1.789566 1367.406738 831.430664 1658.434326 1073.411011 0.591637 1.465955 4.216651 4.441209 3.328108 24.165310 -1.607810 3.040020
Car -1 -1 -1.671194 1052.136597 837.293640 1313.906738 1079.133911 1.074590 1.707260 4.256899 1.509651 3.806804 23.509073 -1.607066 3.035143
Car -1 -1 -1.394144 148.951080 915.338989 521.269409 1079.123169 0.980343 1.820206 4.273103 -4.836581 4.119831 21.125996 -1.619206 2.818383
Car -1 -1 1.657264 639.492004 298.355286 728.924011 389.608856 1.583805 1.730670 4.267920 -7.562672 -4.701653 68.083425 1.546638 0.804289
Car -1 -1 1.700062 515.427368 295.627106 604.510315 386.259338 1.617584 1.486884 4.314109 -10.766589 -4.811922 68.858652 1.544960 0.930772
Car -1 -1 1.830647 167.011719 256.269958 259.625275 315.811707 1.324175 1.617295 4.252943 -24.661647 -8.139142 87.635552 1.556330 1.056634
Car -1 -1 -1.561239 915.481689 248.010605 976.378296 303.370239 1.289976 1.768466 4.247418 -1.504719 -8.720141 90.074914 -1.577942 1.163313
Car -1 -1 -1.524468 852.527832 288.376160 922.811707 347.410187 1.160888 1.737045 4.238915 -2.913767 -6.308412 76.965997 -1.562308 1.127021
Car -1 -1 1.652508 677.840332 188.453506 731.622986 238.206284 1.681192 1.825733 4.254947 -12.353933 -14.040350 118.633545 1.548747 0.591607
Car -1 -1 1.786618 339.453613 281.166656 419.696228 344.314545 1.249407 1.279596 4.240194 -17.429692 -6.573277 78.860155 1.569095 1.091905
Car -1 -1 -1.563767 936.846313 163.886124 973.726929 200.985199 1.608350 1.780146 4.246438 -1.966485 -19.149895 146.721979 -1.577169 0.428727
Car -1 -1 1.723061 473.001892 274.771973 548.333313 338.585663 1.324941 1.388644 4.240580 -13.857804 -6.777983 79.611891 1.550720 1.266508
Car -1 -1 -1.571653 964.010132 146.725525 994.838501 175.254623 1.500336 1.748666 4.258056 -0.767893 -23.225576 167.568097 -1.576236 0.378247
Car -1 -1 1.671291 686.862793 254.621155 767.029846 325.396088 1.570690 1.786670 4.239749 -7.797450 -7.265392 81.351208 1.575734 0.958747
Car -1 -1 1.773288 346.798218 208.497696 408.041931 250.136963 1.272497 1.475481 4.255194 -25.117912 -12.859673 112.648467 1.553901 0.614452
Car -1 -1 1.656771 710.342834 180.809921 756.414368 221.064362 1.398347 1.577921 4.225587 -11.856441 -15.855476 127.672828 1.564171 0.358534
Car -1 -1 1.624708 747.721924 143.531738 781.444031 174.813614 1.594389 1.646532 4.268189 -14.080633 -23.789361 170.726213 1.542419 0.332576
Car -1 -1 1.704746 535.315918 234.349564 599.911255 290.710022 1.432143 1.446683 4.255692 -14.336643 -9.414426 93.323719 1.552315 0.779105
Car -1 -1 1.659897 692.721863 163.798050 733.928528 194.450027 1.347612 1.794245 4.252351 -15.150676 -19.866831 149.968043 1.559212 0.287469
Car -1 -1 1.689869 673.424194 143.679886 707.575012 173.333771 1.562316 1.685336 4.239778 -19.603688 -25.104159 179.175916 1.580892 0.221891
