Car -1 -1 2.858658 1423.370850 428.588013 1714.637573 539.848267 1.386837 1.849270 4.271047 9.872985 -0.857905 47.663746 3.062908 4.831499
Car -1 -1 3.057678 1157.589966 400.511719 1419.000244 498.952240 1.394369 1.840381 4.440746 5.513228 -1.586549 51.652038 -3.119172 3.955358
Car -1 -1 1.697862 524.405334 270.973480 620.806335 375.518280 2.013391 1.780175 4.309652 -10.827544 -5.292978 71.503783 1.547577 1.049384
Car -1 -1 -1.649592 1056.585693 749.093750 1295.301270 997.830078 0.917245 1.769626 4.245236 1.616640 2.992439 25.813707 -1.587046 2.869137
Car -1 -1 -1.776089 1349.956299 664.479248 1686.267212 1021.148682 1.576168 1.790704 5.150167 4.639424 2.945382 25.403593 -1.595451 2.355508
Car -1 -1 -1.505142 648.522766 808.915344 888.160706 1055.677734 0.700620 1.655740 4.244475 -1.874272 3.223595 24.266537 -1.582226 3.773472
Car -1 -1 1.783638 270.446289 306.966583 382.307617 383.578857 1.309886 1.686314 4.254670 -16.832698 -4.953397 69.991678 1.547624 1.157696
Car -1 -1 1.750080 408.307678 294.897308 496.396545 370.174988 1.348540 1.401693 4.239908 -14.140313 -5.468782 72.546701 1.557580 1.114653
Car -1 -1 1.773715 329.422180 284.117340 414.815369 349.318451 1.241591 1.416113 4.253302 -17.450127 -6.375334 77.900159 1.553347 1.257547
Car -1 -1 1.491995 660.959595 299.673706 756.764282 375.287872 1.294416 1.941296 4.256499 -7.340753 -5.247840 71.168564 1.389212 0.904715
Car -1 -1 3.025010 869.044373 332.740265 984.133667 424.940704 1.644229 1.376135 2.268194 -1.527414 -3.391199 61.692846 3.000257 0.938196
Car -1 -1 1.655587 675.555298 262.130554 755.234436 330.116516 1.401815 1.833553 4.253083 -8.073640 -7.120008 80.704788 1.555880 1.352323
Car -1 -1 -1.554323 886.475159 134.995697 917.334412 164.605118 1.704425 1.872717 4.255576 -6.214187 -27.103658 190.101825 -1.587001 0.354860
Car -1 -1 -1.379073 1062.017578 171.897552 1111.919800 204.139709 1.336497 1.684676 4.243262 4.916979 -18.449624 142.503422 -1.344583 0.251724
Car -1 -1 1.659861 714.573425 251.095795 775.463989 309.270477 1.297044 1.530377 4.256444 -7.741413 -8.284945 87.274096 1.571390 0.898729
Car -1 -1 -1.563899 938.233032 156.938675 972.472961 187.567947 1.421860 1.778163 4.262877 -2.137768 -21.749431 160.969679 -1.577178 0.463640
Car -1 -1 -1.614439 1090.305664 134.790863 1124.860596 164.104446 1.683358 2.045859 4.248634 7.872335 -27.154976 190.134830 -1.573058 0.140546
Car -1 -1 -1.578356 984.164307 127.859634 1011.530701 154.282349 1.600526 1.863063 4.241510 0.402969 -30.247875 206.715428 -1.576407 0.229166
Car -1 -1 1.699562 560.376709 274.003815 638.790405 341.547150 1.473020 1.541308 4.228956 -11.325903 -6.662989 79.312319 1.557720 0.501938
