Car -1 -1 -1.713777 1200.304199 537.098389 1382.689697 697.224609 1.117418 1.710511 4.267135 3.953803 1.010768 37.287008 -1.608134 2.858575
Car -1 -1 -1.750838 1311.367310 739.751770 1575.172119 958.876404 0.758203 1.604592 4.345144 4.329575 2.854836 27.248326 -1.593262 2.552453
Car -1 -1 -1.555125 719.028748 515.220825 859.706970 653.249451 1.021485 1.754120 4.236598 -2.913734 0.557342 39.903777 -1.628014 2.353772
Car -1 -1 -1.680959 1143.150391 424.197357 1271.395264 530.594238 1.099872 1.671434 4.238531 3.755009 -1.166377 48.969777 -1.604429 1.951220
Car -1 -1 -1.615714 953.935791 457.079651 1080.932617 575.201416 1.042597 1.719841 4.237278 0.363260 -0.481488 45.375141 -1.607708 2.327320
Car -1 -1 1.671436 638.842834 297.265900 730.081665 375.025299 1.356661 1.773434 4.251524 -7.886558 -5.245756 71.069278 1.560918 1.076326
Car -1 -1 -1.610477 977.670105 359.392395 1079.661255 459.496948 1.340219 1.778534 4.233472 0.713150 -2.727048 57.994262 -1.598181 1.566904
Car -1 -1 -1.398356 173.364151 888.182312 527.718079 1079.229614 1.001760 1.792335 4.302973 -4.907709 4.019181 21.885267 -1.618954 2.370632
Car -1 -1 -1.697011 1305.015869 269.730377 1392.755859 327.908661 1.308473 1.951938 4.280037 10.753960 -7.357329 83.507099 -1.568937 1.186942
Car -1 -1 -1.548819 843.222656 295.640198 921.293762 362.416443 1.225738 1.843749 4.251523 -2.918471 -5.698126 73.644069 -1.588428 1.440516
Car -1 -1 -1.578666 955.989685 264.415070 1021.813965 325.333832 1.300172 1.786087 4.251530 -0.102111 -7.551423 84.323314 -1.579877 1.163812
Car -1 -1 1.646351 683.291382 246.268051 757.957397 317.121704 1.656081 1.775443 4.226325 -8.174531 -7.669762 83.268645 1.548494 1.096592
Car -1 -1 -1.542458 858.729980 236.865952 913.602356 289.725586 1.293481 1.659194 4.250082 -3.610274 -9.568650 94.427762 -1.580673 1.068397
Car -1 -1 -1.664412 1257.913208 220.058594 1325.775757 286.543701 1.772956 1.796350 4.493632 10.462766 -9.938015 96.921015 -1.556877 0.557713
Car -1 -1 -1.579263 985.626709 140.785492 1015.615540 167.000793 1.402826 1.749044 4.224523 0.527766 -26.449438 186.304830 -1.576430 0.302802
Car -1 -1 1.638765 711.380554 169.344269 751.564270 203.888596 1.457833 1.631226 4.243668 -13.291963 -18.236865 140.815403 1.544651 0.549539
