Car -1 -1 -1.528599 708.061401 753.997986 921.632690 975.007812 0.713155 1.702524 4.267580 -1.601014 2.874368 26.268171 -1.589472 3.686051
Car -1 -1 -1.410677 317.990723 725.211975 586.430908 985.333984 0.996849 1.613731 4.507030 -4.959138 2.874543 26.036769 -1.598889 2.139654
Car -1 -1 1.350306 661.895447 335.772034 791.971436 438.272156 1.460285 1.715129 4.289515 -5.782286 -3.206801 59.487210 1.253408 1.047638
Car -1 -1 1.690932 528.254822 299.146973 619.813477 374.076965 1.334800 1.673094 4.239113 -10.712327 -5.247856 71.106193 1.541404 1.283851
Car -1 -1 -1.675975 1080.001709 873.209473 1359.988770 1078.854004 1.140259 1.632312 4.243133 1.706364 4.010869 22.257929 -1.599462 3.780794
Car -1 -1 -1.819370 1403.455811 796.929199 1799.501221 1079.343140 1.634462 1.742041 4.670298 4.667428 3.951843 22.146153 -1.611654 3.053579
Car -1 -1 1.741969 418.317841 290.247162 511.623901 362.243988 1.324915 1.623638 4.252554 -14.175563 -5.793033 74.488322 1.553912 1.095815
Car -1 -1 1.754022 427.238708 233.106796 507.381287 299.214386 1.637263 1.610069 4.261237 -17.456145 -9.036449 91.940633 1.566392 0.674996
Car -1 -1 1.635952 694.723022 174.942230 739.936279 229.787048 1.948298 1.526713 4.598905 -12.503105 -15.230559 125.460908 1.536622 0.301972
Car -1 -1 1.620952 795.596497 148.645630 829.171387 180.060959 1.477669 1.758016 4.248149 -10.763345 -22.782255 165.310394 1.555934 0.311313
