Car -1 -1 -1.597245 1013.602722 388.253265 1117.609863 483.803864 1.113899 1.750049 4.242357 1.375473 -2.094970 53.918330 -1.571740 1.951729
Car -1 -1 1.695065 498.880524 292.076416 597.946472 386.605988 1.681323 1.702700 4.245537 -10.967040 -4.799888 68.511724 1.536336 1.214375
Car -1 -1 -1.516524 719.941284 620.967285 907.261719 827.488281 1.217636 1.861596 4.260609 -2.028168 2.149704 32.285944 -1.579261 3.518513
Car -1 -1 -1.545573 851.914001 315.933472 936.326233 400.229675 1.417400 1.785879 4.238641 -2.354727 -4.355836 66.842623 -1.580787 1.392639
Car -1 -1 -1.661008 1068.425049 867.455261 1363.697021 1077.713623 1.182868 1.784832 4.276220 1.640270 4.023073 22.197040 -1.587246 3.210530
Car -1 -1 1.654410 648.893433 288.753998 731.347900 377.412628 1.613451 1.592685 4.248782 -7.687881 -5.143223 70.433391 1.545689 1.267220
Car -1 -1 -1.562174 939.096130 186.284897 984.253113 230.466019 1.571842 1.897919 4.243793 -1.399871 -15.006642 124.256744 -1.573439 0.795651
Car -1 -1 -1.551819 854.045410 265.173553 916.219177 322.535370 1.219874 1.770996 4.259223 -3.260304 -7.622780 84.245780 -1.590499 1.308755
Car -1 -1 -1.554904 861.953796 223.566742 914.236145 269.413269 1.305485 1.795563 4.253232 -3.889399 -11.193265 103.745205 -1.592377 0.896079
Car -1 -1 -1.555280 897.023438 166.415039 934.022766 200.128174 1.360836 1.758260 4.249397 -3.999423 -18.816103 143.649543 -1.583114 0.590464
Car -1 -1 -1.579447 995.074585 168.470978 1033.088623 202.152588 1.389152 1.827065 4.240054 1.135288 -18.882396 144.888997 -1.571612 0.639156
Car -1 -1 1.644866 733.221313 218.373428 791.713928 277.249146 1.667349 1.729962 4.230528 -8.315421 -10.528921 100.059276 1.561952 0.576808
Car -1 -1 1.650142 698.904907 245.227234 769.108093 317.903076 1.689980 1.693536 4.254960 -7.869454 -7.769484 84.467916 1.557245 0.756817
Car -1 -1 -1.692262 1218.698730 215.686508 1276.376953 264.029022 1.339219 1.662145 4.225418 9.820787 -11.723424 106.636506 -1.600425 0.566634
Car -1 -1 1.624244 722.484131 147.946121 756.603088 177.551819 1.425133 1.709333 4.260194 -15.644271 -23.674933 170.978193 1.532999 0.279608
Car -1 -1 1.623752 758.894348 134.511566 788.727905 161.810501 1.597374 1.781955 4.242158 -15.415771 -28.049526 195.109018 1.544905 0.217240
Car -1 -1 -1.615777 1109.113647 152.110199 1149.385132 183.497910 1.610674 1.918076 4.247769 8.842323 -23.951947 175.906910 -1.565552 0.071433
