Car -1 -1 2.795793 1642.134766 269.346649 1808.267700 326.857849 1.352114 1.827385 4.216771 23.561119 -7.403989 68.120628 3.128786 2.466801
Car -1 -1 -1.551823 927.249817 357.003479 1020.054810 447.720764 1.096894 1.771097 4.260268 0.091449 -3.031915 47.985769 -1.549917 1.895009
Car -1 -1 1.197794 738.352356 302.578949 871.491943 381.345398 1.181159 1.612581 4.707119 -4.246649 -4.949306 55.164782 1.120965 1.002519
Car -1 -1 1.647514 684.786255 220.326996 738.475647 271.606628 1.381928 1.627075 4.274448 -9.960446 -11.168914 84.193243 1.529757 0.878678
Car -1 -1 -1.579959 930.544739 248.201950 992.810425 312.427368 1.447971 1.789183 4.261860 -0.275666 -8.448996 72.591942 -1.583756 1.177750
Car -1 -1 -1.591824 936.361389 185.402893 976.643066 224.638153 1.442186 1.759765 4.259786 -0.701787 -17.202794 112.971385 -1.598036 0.714768
Car -1 -1 -1.552673 865.915588 191.341873 908.351807 229.835526 1.470925 1.877503 4.260139 -4.067516 -16.124212 107.747531 -1.590405 0.667903
Car -1 -1 1.367255 714.063232 246.313263 784.333740 300.688171 1.198639 1.594744 4.273401 -7.444936 -8.897211 73.607714 1.266455 0.788294
Car -1 -1 1.403037 711.211731 268.863403 794.229980 337.875519 1.261310 1.608121 4.244091 -6.302048 -6.694441 62.910625 1.303196 0.940999
Car -1 -1 1.670541 674.544495 182.825317 716.754272 219.863312 1.391180 1.583872 4.250359 -14.321396 -17.607027 114.164571 1.545748 0.614458
Car -1 -1 1.490081 732.868958 193.298767 782.416138 240.051819 1.558614 1.701628 4.272740 -9.912100 -14.847656 101.899006 1.393112 0.418847
Car -1 -1 -1.580650 929.391541 157.702347 962.699341 190.952118 1.660663 1.992921 4.268094 -1.554833 -23.204581 139.961266 -1.591758 0.400429
Car -1 -1 -1.554872 887.615967 171.690094 923.278625 204.029205 1.424648 1.757465 4.269047 -3.786181 -20.329762 126.966789 -1.584683 0.571289
Car -1 -1 1.645189 778.694214 153.844009 809.245117 182.346619 1.514043 1.723741 4.289498 -11.884101 -25.156896 148.527310 1.565346 0.321717
Car -1 -1 1.717005 632.416809 157.865875 669.942932 187.473083 1.379395 1.593446 4.246157 -20.816011 -23.958411 142.910975 1.572365 0.348843
Car -1 -1 0.176804 1298.137329 157.433350 1373.470825 189.248077 1.554083 1.849797 4.108501 23.278982 -23.160302 139.035078 0.342698 0.134113
