Car -1 -1 -1.523888 777.372009 514.611755 916.276001 651.043701 1.015437 1.705016 4.252301 -2.051106 0.534758 39.859857 -1.575300 1.756686
Car -1 -1 -1.500480 653.396057 726.214355 872.175842 963.455566 1.008458 1.782539 4.237995 -2.164656 2.925429 27.225691 -1.579821 2.650930
Car -1 -1 -1.592915 964.789001 370.295868 1071.487549 473.847534 1.345931 1.875377 4.262089 0.470115 -2.304237 55.135765 -1.584389 1.319943
Car -1 -1 -1.541087 823.277100 320.309113 907.780579 409.398041 1.440842 1.774870 4.248030 -2.995398 -4.109818 65.538400 -1.586760 1.279105
Car -1 -1 -2.265589 1465.067993 318.356537 1647.414307 392.591827 1.155696 1.618796 4.789642 13.836794 -4.647266 68.172957 -2.065343 0.620535
Car -1 -1 -1.654595 1090.918945 739.015808 1321.371826 981.360535 0.937648 1.696154 4.215426 1.949783 2.965001 26.545134 -1.581276 2.453870
Car -1 -1 1.750206 384.547333 309.939575 478.825745 384.684814 1.284130 1.434314 4.240889 -13.993520 -4.852352 69.167577 1.550588 1.292967
Car -1 -1 1.725538 518.682007 303.171875 610.893860 377.560425 1.321661 1.592602 4.240330 -10.890348 -5.131192 70.703524 1.572711 1.248185
Car -1 -1 -1.589894 948.271362 290.769135 1021.126465 356.392059 1.265511 1.821577 4.256110 -0.238724 -5.966685 75.257137 -1.593066 1.445722
Car -1 -1 -2.912739 1798.085205 345.869171 1918.911255 442.674011 1.490644 1.817870 4.427432 20.453705 -3.140556 61.072734 -2.589572 0.911926
Car -1 -1 1.387440 657.425598 287.949829 756.794983 360.997070 1.303858 1.785729 4.278525 -7.687479 -5.818807 74.036948 1.283978 0.767718
Car -1 -1 1.828899 201.374756 250.990509 285.170715 307.497131 1.290043 1.464910 4.240418 -24.581137 -8.682578 90.773126 1.564444 1.001310
Car -1 -1 -1.542817 848.549194 251.533279 909.621826 306.017242 1.280483 1.722147 4.248572 -3.620493 -8.478833 88.587380 -1.583663 1.416718
Car -1 -1 -1.589221 1021.910339 218.841919 1077.723022 270.545868 1.485748 1.842713 4.235430 2.122759 -10.993204 102.319776 -1.568477 1.052276
Car -1 -1 -1.567852 943.094421 230.053345 1000.211487 282.551300 1.321549 1.797697 4.252225 -0.757430 -10.301575 99.142965 -1.575492 1.132668
Car -1 -1 1.685673 615.086365 232.408447 683.148071 294.608734 1.543115 1.680019 4.251914 -11.551836 -9.321093 93.309656 1.562498 0.770864
Car -1 -1 -1.546751 865.434570 214.901596 916.502441 262.658569 1.380945 1.769352 4.245729 -3.894972 -11.647917 105.827860 -1.583539 0.842310
Car -1 -1 -1.583388 1012.040894 190.438171 1057.276245 231.365601 1.378879 1.819281 4.239148 1.918349 -15.136494 125.117856 -1.568057 0.646508
Car -1 -1 -1.571717 936.637939 180.545944 977.237122 217.544296 1.387568 1.750645 4.248585 -1.732818 -16.952720 135.428559 -1.584511 0.656722
Car -1 -1 1.666179 665.502869 198.435593 724.867798 255.807907 1.715134 1.812476 4.274523 -11.846236 -12.439615 110.135430 1.559031 0.480661
Car -1 -1 1.746691 434.167725 290.083099 512.606384 356.460358 1.268197 1.263381 4.254670 -14.358857 -6.074587 76.543956 1.561256 0.826075
Car -1 -1 -1.569446 938.608093 147.377808 968.615479 174.858871 1.392164 1.690707 4.267864 -2.517561 -24.862783 178.353005 -1.583561 0.360785
Car -1 -1 -1.657595 1180.732178 194.087921 1234.125000 235.933594 1.411302 1.749924 4.252365 9.695693 -14.774856 123.998912 -1.579562 0.431042
Car -1 -1 -1.583844 984.194153 154.267624 1017.170410 183.143524 1.378068 1.786775 4.256128 0.494829 -23.105854 169.049034 -1.580917 0.363387
Car -1 -1 1.654085 685.295288 146.061798 721.782349 176.907349 1.526768 1.779637 4.259631 -17.595671 -23.353497 168.346805 1.549943 0.274010
Car -1 -1 1.634491 726.803406 217.649918 786.479553 279.203369 1.684744 1.687654 4.272757 -8.260582 -10.120743 96.836723 1.549393 0.636023
Car -1 -1 -1.565127 933.277405 131.009064 959.229431 154.384003 1.426698 1.775774 4.238262 -3.311951 -29.392338 201.771472 -1.581540 0.248790
Car -1 -1 1.664291 715.960449 130.457001 746.956421 157.168304 1.564983 1.817139 4.249489 -18.757059 -28.781056 198.238452 1.569953 0.182593
Car -1 -1 1.633384 777.865784 157.591324 815.906494 192.320282 1.577189 1.724416 4.240909 -10.852849 -20.441527 153.215385 1.562668 0.235616
Car -1 -1 1.694571 574.708008 143.178787 609.879089 169.197464 1.376111 1.645202 4.250500 -27.328435 -26.628410 188.072534 1.550273 0.294504
Car -1 -1 -1.618562 1092.730347 140.444183 1127.846802 171.714569 1.583183 1.964060 4.258976 7.570716 -25.137210 179.007184 -1.576294 0.105390
Car -1 -1 -1.563937 935.153259 136.565964 964.303528 163.687820 1.402682 1.719070 4.223431 -2.848734 -26.959875 189.330003 -1.578982 0.169830
