Car -1 -1 -1.650198 1034.813721 812.929443 1275.398438 1050.795044 0.650366 1.674675 4.236809 1.369811 3.267071 24.786652 -1.594990 3.557795
Car -1 -1 1.705655 517.808594 293.834229 613.856995 381.543243 1.552176 1.647209 4.255701 -10.758195 -5.015079 70.015897 1.553194 1.149392
Car -1 -1 1.749736 421.164673 272.277191 520.460022 364.954010 1.763107 1.601641 4.663846 -13.774390 -5.677076 73.291795 1.563964 0.570049
Car -1 -1 2.093133 0.000000 304.272003 79.360703 381.592682 1.329273 1.502567 4.372705 -25.589723 -5.121419 71.631384 1.750021 1.234076
Car -1 -1 -1.506925 631.611572 829.358215 896.327332 1079.121704 1.511130 1.689647 4.382427 -1.726702 4.085808 22.387746 -1.583899 1.884735
Car -1 -1 1.811875 261.564270 303.632629 366.463196 383.990356 1.405650 1.442823 4.240857 -17.117074 -4.933714 69.975351 1.571971 1.187712
Car -1 -1 -1.379655 193.536270 836.323730 535.789673 1078.874512 1.002264 1.860060 4.282094 -5.199425 3.705993 23.593081 -1.596567 2.074240
Car -1 -1 -1.794166 1361.126587 842.743530 1704.485352 1078.832153 0.940969 1.854101 4.242001 4.512191 3.729562 23.819616 -1.606952 3.697706
Car -1 -1 1.660470 651.496033 281.242096 737.796509 367.782043 1.636008 1.689502 4.240977 -7.811992 -5.528657 72.679788 1.553396 1.211534
Car -1 -1 1.786224 327.064941 270.367432 414.695923 347.931580 1.553777 1.414124 4.240643 -17.428139 -6.415433 77.650817 1.565440 1.178255
Car -1 -1 -1.569603 1024.006104 185.469299 1068.241089 224.033951 1.394594 1.843396 4.247199 2.510267 -15.987854 129.855532 -1.550274 0.655837
Car -1 -1 1.730066 483.957123 243.423462 567.626343 325.542206 1.841119 1.566163 4.674415 -13.890162 -7.387369 82.138054 1.562543 0.673286
Car -1 -1 1.684464 568.820984 273.192993 645.104797 343.404144 1.449609 1.548662 4.241421 -10.771728 -6.465813 77.463274 1.546294 1.024556
Car -1 -1 1.685794 620.182129 242.715775 680.143188 296.383301 1.292844 1.402559 4.247066 -11.338579 -9.060076 91.487560 1.562487 1.052197
Car -1 -1 1.659583 690.191528 263.387970 752.998596 326.935822 1.324885 1.401492 4.256397 -8.044692 -7.346017 82.366717 1.562222 0.839622
Car -1 -1 -1.651734 1172.202515 174.495468 1215.307251 209.638535 1.403569 1.804139 4.262344 10.227853 -17.878230 139.871526 -1.578741 0.443814
Car -1 -1 -1.566707 952.884583 153.876877 985.932739 184.807434 1.478566 1.686536 4.254781 -1.335888 -22.249411 163.589372 -1.574872 0.363823
Car -1 -1 -1.582153 987.767273 128.778976 1015.775574 154.746399 1.618896 1.817586 4.270569 0.703362 -29.992560 205.030839 -1.578723 0.243729
Car -1 -1 1.748154 392.644104 262.279816 464.089569 322.962189 1.275536 1.115239 4.267710 -17.198768 -7.619796 84.049246 1.546313 0.707288
Car -1 -1 1.642105 770.345581 189.228516 814.517090 229.684021 1.344118 1.568109 4.247847 -8.837414 -14.787109 122.063422 1.569831 0.502313
Car -1 -1 -1.608185 1084.660278 132.527069 1114.067139 161.990402 1.693819 1.992081 4.250700 7.567505 -27.964907 194.256460 -1.569249 0.189434
Car -1 -1 1.654388 709.738098 248.084579 770.112122 303.838593 1.271316 1.480825 4.248003 -8.091111 -8.639790 89.284153 1.564013 0.612902
Car -1 -1 1.647109 750.898254 200.470383 799.490845 243.355301 1.308008 1.594045 4.232332 -8.909035 -13.297308 113.790137 1.568975 0.293334
Car -1 -1 1.700381 594.972778 265.592712 658.865417 322.004700 1.215287 1.371024 4.246389 -11.067271 -7.627058 84.093572 1.569527 0.398189
Car -1 -1 1.723269 532.275696 244.701218 594.973450 296.535919 1.215355 1.322483 4.237007 -14.361809 -9.160031 92.324855 1.568949 0.466498
