Car -1 -1 1.753498 391.774078 291.750000 496.786102 384.580261 1.676711 1.599696 4.530299 -13.708330 -4.924995 69.473358 1.558683 0.676035
Car -1 -1 -0.045043 1710.497314 438.610260 1918.444580 549.561951 1.357091 1.863891 4.761878 14.976709 -0.692674 47.081241 0.262939 1.001548
Car -1 -1 1.768707 257.471649 467.237976 422.159210 617.196838 1.380379 1.510181 4.240098 -9.770546 0.138214 41.672374 1.538406 3.077929
Car -1 -1 -1.521840 679.188904 779.732788 903.700623 1018.742859 0.715548 1.713867 4.245498 -1.716320 3.046206 25.055967 -1.590232 3.734219
Car -1 -1 -1.670401 1056.929810 772.615112 1282.787598 998.675903 0.674979 1.581303 4.244566 1.547542 2.991463 25.804262 -1.610500 3.469089
Car -1 -1 1.794201 256.816010 300.345642 367.590271 386.764862 1.561523 1.572867 4.248911 -17.099663 -4.850026 69.678869 1.553550 1.236565
Car -1 -1 -1.772581 1347.627197 742.020691 1656.437012 1018.293335 0.968156 1.674627 4.703609 4.512828 2.995101 25.245803 -1.595693 2.481773
Car -1 -1 1.725657 422.383209 363.864655 543.409729 464.165680 1.272206 1.522862 4.243395 -10.451474 -2.603026 57.042348 1.544444 1.589345
Car -1 -1 1.645945 646.471802 295.745392 728.275146 377.638092 1.527269 1.675884 4.256504 -7.770764 -5.111944 70.569828 1.536272 1.146834
Car -1 -1 -1.600522 1025.181885 216.024521 1081.360840 271.278442 1.581946 1.870914 4.286771 2.259488 -11.115238 103.562962 -1.578708 0.824299
Car -1 -1 1.698869 610.173218 240.052811 680.009094 299.881378 1.385068 1.663228 4.245059 -11.369129 -8.915371 90.733198 1.574216 1.147670
Car -1 -1 1.718651 561.842712 227.946747 628.955872 280.294769 1.373164 1.646608 4.257784 -14.206243 -10.349113 99.030215 1.576169 0.802922
Car -1 -1 1.646331 718.773010 236.043472 779.346375 290.231812 1.296322 1.666886 4.256009 -8.296208 -9.576410 94.431388 1.558702 0.989898
Car -1 -1 -1.570987 941.891113 177.242432 988.924500 225.027771 1.716243 1.960420 4.293692 -1.251703 -15.759667 128.197716 -1.580751 0.508439
Car -1 -1 1.674981 660.226868 262.790192 736.887146 328.641602 1.357073 1.761265 4.243776 -8.640946 -7.222906 81.330725 1.569134 1.126677
Car -1 -1 -1.567590 931.819458 140.726883 961.307556 166.598877 1.397478 1.721618 4.250254 -3.104886 -26.820876 188.811438 -1.584033 0.412886
Car -1 -1 1.654894 735.844177 201.869965 794.505249 249.365860 1.477965 1.845837 4.245347 -9.070111 -12.689781 110.834843 1.573241 0.711835
Car -1 -1 1.674357 669.702942 175.169983 714.129089 209.755615 1.378228 1.744758 4.247233 -15.131825 -17.778148 139.332069 1.566178 0.499668
Car -1 -1 1.635076 790.745972 152.276855 829.071716 191.648544 1.786038 1.780343 4.351899 -9.966933 -20.133304 150.627863 1.569003 0.136680
Car -1 -1 1.627554 741.020569 145.342422 773.771667 174.418655 1.462586 1.649972 4.248527 -14.737400 -24.163711 173.091194 1.542616 0.233346
