Car -1 -1 3.051688 758.305237 199.071320 892.427612 255.637726 1.387005 1.828241 4.105775 -5.385360 -8.757833 71.497783 2.976508 1.821446
Car -1 -1 -1.544682 660.992004 664.210754 884.631470 915.618164 0.687885 1.758704 4.411293 -2.016595 2.522097 20.846217 -1.641118 2.345380
Car -1 -1 0.298066 0.427059 261.204742 153.765732 335.254639 1.353557 1.923882 4.773336 -24.125331 -4.976994 55.446721 -0.112335 0.796991
Car -1 -1 2.826709 1413.536011 206.304123 1583.526367 265.582642 1.394798 1.870257 4.304538 15.801621 -7.976468 67.532898 3.056558 1.909136
Car -1 -1 2.799201 1548.392456 198.500107 1705.250000 254.986008 1.366929 1.849062 4.236658 20.747054 -8.718779 70.931965 3.083755 1.744041
Car -1 -1 3.027115 993.972839 208.225479 1149.773193 266.629517 1.346429 1.898375 4.407339 2.563126 -7.997363 67.847350 3.064875 2.134360
Car -1 -1 2.247356 499.206879 152.793549 604.036316 210.760117 1.814382 1.878796 3.690726 -18.305233 -12.984381 91.407795 2.049711 0.629805
Car -1 -1 -1.702560 899.948853 139.746964 947.216309 177.241699 1.252590 1.761823 4.270534 -3.150976 -16.277378 104.551371 -1.732689 0.445834
Car -1 -1 -2.805316 181.206665 201.112320 341.690887 259.663788 1.447558 1.892381 4.158341 -23.923002 -8.665418 71.469566 -3.128323 0.972694
Car -1 -1 2.724412 288.854980 164.803955 423.017120 222.834686 1.586258 1.837697 4.456980 -24.732898 -11.653746 84.808746 2.440651 0.966677
Car -1 -1 2.226863 612.327820 149.643677 698.325867 196.207184 1.502302 1.787148 3.912847 -15.025926 -14.465016 97.898300 2.074566 0.184297
Car -1 -1 2.866704 1447.126343 169.710251 1585.844971 226.919037 1.636989 1.882353 4.082221 19.648446 -10.905883 81.149814 3.104258 1.089988
Car -1 -1 -2.906448 11.243681 181.240097 147.082138 227.176544 1.344554 1.844651 4.186589 -35.418784 -11.323958 84.692137 2.980635 0.504975
Car -1 -1 -2.166246 284.211273 211.691544 443.228149 268.050354 1.319398 1.889246 4.203856 -19.719961 -8.053973 68.823391 -2.445300 1.467031
Car -1 -1 1.672177 707.530823 122.239182 753.231934 166.610077 1.961655 1.719087 4.609194 -13.602337 -18.207778 114.314943 1.553744 0.221152
Car -1 -1 1.593945 783.991211 105.534531 818.985657 142.756500 1.706684 1.808309 4.366854 -11.546137 -22.881639 134.363178 1.508223 0.263051
Car -1 -1 1.676864 687.237427 147.446808 735.468140 184.487976 1.262625 1.585089 4.221596 -13.478501 -16.198145 105.929528 1.550303 0.337272
Car -1 -1 1.648300 816.424377 91.666122 842.449097 114.450340 1.419375 1.682729 4.256146 -12.743978 -31.670867 174.702964 1.575483 0.080404
Car -1 -1 -3.130236 442.227753 92.807350 503.203308 115.073547 1.564574 1.877622 4.177609 -39.809070 -30.344701 167.833096 2.920059 0.075196
