Car -1 -1 -1.640749 1160.238892 624.189514 1346.573608 814.977722 0.824957 1.778666 4.235941 3.339465 2.130271 26.266986 -1.514292 2.569082
Car -1 -1 -1.521068 936.493408 470.067352 1069.859009 598.749634 0.959390 1.789285 4.240791 0.638433 0.024510 35.899522 -1.503286 2.384452
Car -1 -1 -1.720083 1379.005615 575.079163 1623.231445 817.692871 1.370250 1.763459 4.795706 6.143959 2.076505 25.556547 -1.484154 2.049775
Car -1 -1 2.894966 1700.397827 306.817780 1897.732544 372.207489 1.263140 1.890222 4.387836 22.880180 -5.065541 59.805919 -3.022825 2.508980
Car -1 -1 -1.633686 1156.479492 333.216370 1256.906372 430.235321 1.387153 1.938063 4.258730 5.516971 -3.240558 50.713674 -1.525325 1.549479
Car -1 -1 -1.905916 579.303772 380.829529 725.407227 477.138763 1.055637 1.346526 4.340715 -6.551700 -2.015833 44.525134 -2.052014 1.163650
Car -1 -1 -1.683454 1302.019165 405.507477 1425.210571 507.401794 1.021341 1.797115 4.455853 7.840802 -1.473156 43.327806 -1.504426 1.050910
Car -1 -1 -2.305081 112.594193 308.524933 270.999542 381.997711 1.354361 1.792253 3.768536 -20.753940 -4.691451 57.827118 -2.649660 1.117707
Car -1 -1 -2.056576 110.579865 353.981567 273.352661 446.784393 1.246218 1.555003 4.008553 -16.991814 -2.680441 47.296202 -2.401479 0.462295
Car -1 -1 1.783192 628.902039 243.771133 702.399658 295.347260 1.247695 1.529984 4.251854 -10.888175 -9.201239 78.166476 1.644788 0.782702
Car -1 -1 -1.557933 973.795410 304.592865 1050.846680 378.916412 1.311363 1.830973 4.255817 1.200489 -4.921543 58.996248 -1.537588 1.561474
Car -1 -1 1.882324 408.762543 240.030334 492.158173 296.780212 1.436134 1.371718 4.243371 -18.362603 -8.992726 76.962478 1.648111 1.060361
Car -1 -1 -1.536316 1020.275513 234.286133 1070.471802 281.157684 1.301834 1.665881 4.248308 3.085298 -10.569936 85.680349 -1.500323 1.006818
Car -1 -1 1.833581 525.619202 239.743744 608.226013 293.693939 1.317179 1.709536 4.335442 -14.512196 -9.300613 78.557179 1.650906 0.706369
Car -1 -1 -2.284043 0.000000 272.293549 130.084595 391.937958 2.311553 2.195956 5.645766 -25.847886 -4.634683 58.274001 -2.701526 0.603389
Car -1 -1 1.769787 656.609802 191.171585 713.596008 245.788879 1.876801 1.421536 4.687556 -12.995390 -13.794423 99.764522 1.640256 0.352293
Car -1 -1 -1.654393 1222.452026 249.543182 1287.080200 302.569611 1.272666 1.901946 4.245575 10.356771 -9.009803 78.539080 -1.523282 1.003523
Car -1 -1 -1.623960 1178.965088 213.729065 1226.187012 256.346924 1.304921 1.814046 4.242306 10.628845 -13.168416 98.328301 -1.516283 0.787274
Car -1 -1 -1.573430 1104.276367 226.229599 1154.157471 273.265350 1.313214 1.795975 4.224220 6.561510 -11.233412 88.805398 -1.499678 1.043773
Car -1 -1 -1.321167 252.218155 897.229431 663.650391 1080.000000 0.932770 1.978577 4.358500 -4.062751 4.419119 18.252310 -1.540185 2.136326
Car -1 -1 1.745548 694.354614 220.190826 756.776978 265.768097 1.258606 1.663779 4.261991 -10.011312 -11.675087 89.798063 1.634519 0.679045
Car -1 -1 -1.625464 1173.918213 191.521332 1215.717896 226.955109 1.312857 1.871904 4.242289 11.809919 -16.499584 113.322329 -1.521624 0.634940
Car -1 -1 -1.544202 1035.638062 197.161865 1075.156494 233.022339 1.343120 1.862970 4.263377 4.476150 -15.775641 110.255764 -1.503627 0.597749
Car -1 -1 -1.575101 1109.764526 161.987106 1140.516113 192.366211 1.530542 1.807599 4.315129 10.558300 -23.285028 145.550620 -1.502687 0.350779
Car -1 -1 1.807499 582.671082 215.699615 655.911072 271.595734 1.612221 1.609101 4.568822 -14.194070 -11.253347 88.221823 1.647976 0.621582
Car -1 -1 1.729470 736.429016 165.258240 774.112671 194.224640 1.363253 1.695329 4.263216 -14.054583 -22.767655 142.727897 1.631315 0.505337
