Car -1 -1 -1.098060 1479.437134 529.898193 1725.153564 676.544067 1.056281 1.376004 4.160728 7.925170 1.035642 37.522716 -0.889909 1.861545
Car -1 -1 2.966143 1006.348022 358.995300 1251.627197 446.625732 1.293836 1.847090 4.382805 2.207175 -2.335524 56.039111 3.005509 3.816924
Car -1 -1 2.860769 1395.640503 347.465454 1605.186279 434.194855 1.351653 1.825063 3.797949 10.302270 -2.715776 59.304502 3.032770 3.360401
Car -1 -1 -0.352510 1702.705078 410.340302 1919.660156 531.674377 1.524193 1.848949 4.529702 15.009389 -0.715036 49.457887 -0.057866 1.120702
Car -1 -1 2.920504 67.823601 332.503113 348.322876 425.975128 1.292119 1.856274 4.645417 -16.181411 -2.749826 55.305979 2.635869 3.525645
Car -1 -1 0.138533 564.152466 380.869598 850.042908 485.496796 1.327819 1.860293 4.599040 -5.499781 -1.466380 49.100294 0.026987 3.133316
Car -1 -1 3.037107 631.002136 315.111511 883.993103 419.810760 1.631577 1.923774 4.766827 -5.641115 -3.009483 59.209796 2.942120 1.910424
Car -1 -1 -3.011022 422.345245 286.876831 649.032532 381.170807 1.579521 1.873788 4.436185 -10.880432 -4.005152 62.866483 3.100789 2.375969
Car -1 -1 2.956677 461.613159 353.412598 751.643066 450.092621 1.290617 1.865002 4.413825 -8.097812 -2.234582 53.725877 2.807079 0.870045
Car -1 -1 1.768723 208.074997 205.237625 295.225128 272.893860 1.591082 1.647198 4.246385 -24.808846 -8.963518 89.947253 1.499599 0.828751
Car -1 -1 -1.637332 965.298157 211.597366 1030.632080 268.790344 1.508484 1.990910 4.250130 -0.782774 -9.982387 99.392712 -1.645208 0.760435
Car -1 -1 -1.548603 806.899414 190.439362 862.914612 244.999588 1.582831 1.959372 4.288721 -6.958075 -11.498588 106.343764 -1.613939 0.623291
Car -1 -1 1.726130 309.004150 217.089310 390.021027 274.601776 1.296469 1.639902 4.246302 -21.542883 -8.867636 89.646382 1.490292 0.810901
Car -1 -1 1.804388 144.640793 201.453415 218.893723 252.752716 1.288278 1.328699 4.250371 -28.979483 -10.202586 96.439827 1.512479 0.560105
Car -1 -1 2.977747 538.665649 330.729767 842.049316 440.390808 1.488783 1.855801 4.562639 -6.529706 -2.764404 56.476431 2.862640 0.394031
Car -1 -1 -1.561930 819.736267 158.601501 859.983154 192.181747 1.226214 1.725932 4.259810 -9.297573 -18.129712 144.571729 -1.626153 0.233950
