Car -1 -1 0.235634 78.070534 433.617920 423.505859 566.474548 1.284379 1.900240 4.274949 -10.384404 -0.207241 40.628344 -0.014603 4.289336
Car -1 -1 -0.235062 1041.879150 433.194916 1366.771606 557.201843 1.334953 1.881585 4.335027 3.594522 -0.260680 42.009892 -0.149706 4.372123
Car -1 -1 -3.097850 197.105545 380.485565 506.057404 509.058258 1.506584 1.883664 4.388383 -9.763134 -1.019570 44.609038 2.969873 2.796082
Car -1 -1 1.810286 0.000000 232.772720 67.270737 317.218964 1.516278 1.779448 4.252166 -24.827996 -6.239464 72.308317 1.479536 1.063623
Car -1 -1 1.805259 12.621102 271.039825 140.307190 353.220551 1.201514 1.700198 4.303596 -20.467027 -4.811121 64.356872 1.497350 1.016772
Car -1 -1 1.748326 155.014099 271.242249 280.768402 355.859802 1.247728 1.842867 4.363018 -17.045048 -4.716582 63.783402 1.487195 0.958072
Car -1 -1 -1.597545 936.378906 281.716614 1014.549133 357.278625 1.100469 1.536796 4.240803 0.316254 -4.710766 64.477651 -1.592640 1.207502
Car -1 -1 1.735637 229.749191 212.838333 330.291931 303.865570 1.771087 1.732357 4.253197 -18.076632 -6.689269 73.872852 1.495654 0.851742
Car -1 -1 1.714444 289.546692 212.690262 373.425415 279.071198 1.348856 1.698183 4.250723 -18.242653 -7.902956 80.532835 1.491679 0.852712
Car -1 -1 1.713872 328.236694 138.639999 383.197601 176.250946 1.284007 1.709572 4.260415 -27.490666 -16.521756 126.015650 1.499084 0.564265
Car -1 -1 1.700050 383.731049 142.434799 442.686035 185.628311 1.443249 1.819783 4.249504 -24.306208 -15.767050 123.204690 1.505268 0.424824
