Car -1 -1 2.860217 1723.170532 368.573975 1918.942017 499.361603 1.914960 1.875469 4.416037 16.115643 -1.590254 51.475949 -3.119563 0.825146
Car -1 -1 2.736862 636.284485 461.970947 937.143860 588.722778 1.273501 1.861670 4.112677 -3.222147 -0.161384 42.989906 2.662051 4.546627
Car -1 -1 0.119345 127.377708 421.199707 426.782562 539.220703 1.471442 1.848846 4.419023 -12.098076 -0.853738 47.075484 -0.132204 4.360862
Car -1 -1 -1.650243 1056.330078 748.522888 1295.259521 998.701538 0.917094 1.731986 4.244685 1.598004 2.970804 25.582524 -1.587859 2.767289
Car -1 -1 -1.765179 1355.276245 664.948792 1685.544067 1022.215088 1.579895 1.801177 5.111323 4.666719 2.952882 25.380739 -1.583341 2.174423
Car -1 -1 -3.066896 477.207489 398.187988 737.878662 499.335052 1.455151 1.860108 4.372892 -7.123223 -1.583341 51.663136 3.079275 3.061591
Car -1 -1 3.136092 867.854065 394.973755 1114.775391 495.509857 1.416523 1.854086 4.379515 -0.003887 -1.640972 51.388095 3.136017 3.398758
Car -1 -1 -1.506214 649.652283 808.603638 888.441284 1054.781494 0.674907 1.652838 4.249241 -1.867898 3.205274 24.259236 -1.583059 4.088157
Car -1 -1 -0.698993 497.723297 365.628540 712.535400 453.647888 1.095298 1.767335 3.881270 -7.986817 -2.794505 56.763201 -0.838780 1.074542
Car -1 -1 1.706989 522.674194 274.259674 619.791870 372.612305 1.980848 1.793339 4.309578 -10.893731 -5.345445 71.792308 1.556398 0.952386
Car -1 -1 1.777532 329.216553 283.453125 415.687927 348.062134 1.244888 1.401207 4.243841 -17.454302 -6.404140 77.915275 1.557154 1.170887
Car -1 -1 1.750955 407.480133 294.058258 496.003387 370.703796 1.384456 1.395265 4.242495 -14.118568 -5.447651 72.388505 1.558335 1.121692
Car -1 -1 1.794732 269.628967 305.258179 378.088867 390.674927 1.530528 1.607181 4.241962 -16.752434 -4.710031 69.541531 1.558338 1.405208
Car -1 -1 1.497980 662.478638 299.517517 755.984924 374.349854 1.256542 1.933934 4.265957 -7.330819 -5.266900 71.054990 1.395173 0.919433
Car -1 -1 0.048827 1.180388 412.506287 120.448387 510.233215 1.297725 1.873712 3.914765 -18.889560 -1.473747 52.279908 -0.297893 0.586800
Car -1 -1 -1.414512 134.859390 926.399292 493.056183 1078.807739 0.804677 1.842152 4.281379 -5.029451 4.105892 21.251518 -1.646899 2.977195
Car -1 -1 1.654905 675.726318 262.287964 754.280579 331.263763 1.427736 1.819086 4.253451 -8.062806 -7.084081 80.548739 1.555138 1.258897
Car -1 -1 2.291780 270.063721 337.210266 386.161438 433.403900 1.483055 1.231087 3.388092 -15.291884 -3.537095 63.639862 2.055963 0.380761
Car -1 -1 1.701358 558.145386 272.111694 637.883728 340.930115 1.505756 1.543008 4.231534 -11.376435 -6.686920 79.505197 1.559232 0.597976
Car -1 -1 1.657906 715.396851 251.906662 775.950867 309.529358 1.284993 1.530396 4.246946 -7.748553 -8.288505 87.276738 1.569357 0.853713
Car -1 -1 1.621938 800.838379 147.176697 831.909546 174.943054 1.381550 1.675495 4.235088 -11.073996 -24.370192 174.470450 1.558551 0.170207
Car -1 -1 -1.620813 1095.752197 141.456055 1133.388794 173.942123 1.605641 2.000918 4.247326 7.902168 -24.880472 178.059672 -1.576463 0.078741
