Car -1 -1 -1.530144 552.123535 634.631897 783.634094 880.105530 0.724641 1.736245 4.255291 -2.639548 1.990156 24.768388 -1.636312 2.292765
Car -1 -1 -1.790974 1318.844604 629.716858 1624.938599 871.507202 0.650498 1.540703 4.409389 4.375315 1.905225 24.899441 -1.617030 2.412913
Car -1 -1 -1.673649 953.073914 658.942627 1228.670044 914.522278 0.665800 1.832386 4.551708 0.944455 2.171390 24.447640 -1.635036 1.809180
Car -1 -1 -2.846015 1572.179077 122.589935 1754.981445 191.462891 1.388548 1.861371 4.262067 20.217215 -10.069484 80.426548 -2.599743 1.605225
Car -1 -1 -1.387119 164.323181 620.048767 453.287506 849.328735 0.650494 1.612207 4.274849 -5.913842 1.803787 25.236463 -1.617302 2.713304
Car -1 -1 1.816863 142.707825 116.085281 232.901337 183.163986 1.454107 1.451718 4.255318 -24.220509 -10.974835 85.793919 1.541714 1.148094
Car -1 -1 1.746323 378.844971 119.975952 456.165649 179.191925 1.226553 1.448795 4.248319 -17.071944 -11.062183 85.565388 1.549390 1.019870
Car -1 -1 1.853074 0.000000 130.961258 93.123726 198.074539 1.335195 1.453819 4.251448 -27.476852 -10.148413 82.339825 1.530993 1.013924
Car -1 -1 1.775921 265.354401 112.150055 353.475403 177.438324 1.385264 1.555248 4.256866 -20.458322 -11.162919 85.843483 1.541964 1.109114
Car -1 -1 1.709777 462.666718 77.732979 523.543152 127.742363 1.343107 1.541480 4.247937 -17.986200 -15.225894 104.440857 1.539235 0.728946
Car -1 -1 1.830021 70.055443 103.114464 164.154709 167.556549 1.495225 1.566069 4.291451 -28.139968 -12.149959 91.356741 1.531220 0.916124
Car -1 -1 1.786004 198.704102 104.992630 275.991058 160.427826 1.286674 1.319939 4.232423 -24.727358 -12.612280 93.385193 1.527156 0.985099
Car -1 -1 1.720825 412.999573 97.996872 482.398895 153.340363 1.255034 1.508788 4.255927 -17.475136 -12.749142 92.776812 1.534650 0.792905
Car -1 -1 1.782025 231.681183 85.586761 304.974792 140.748413 1.427050 1.511052 4.247354 -25.744274 -14.403603 101.648517 1.533973 0.625778
Car -1 -1 1.761106 325.822815 98.540108 395.492767 151.264282 1.200312 1.267982 4.258853 -21.032047 -13.195419 95.565353 1.544479 0.973055
Car -1 -1 -1.294334 0.000000 897.649841 291.039612 1080.000000 0.910502 1.857772 4.272679 -6.241908 3.978330 19.060761 -1.610803 3.826208
Car -1 -1 1.750828 363.234650 82.940224 426.507477 134.105194 1.323915 1.385923 4.259463 -21.287627 -14.667362 102.283476 1.545634 0.551875
Car -1 -1 1.686934 487.834747 66.978699 542.002502 111.499794 1.280423 1.509587 4.254171 -18.291849 -16.789492 111.230636 1.523943 0.575864
Car -1 -1 1.806616 133.231400 94.308449 201.954910 144.784546 1.200656 1.185474 4.255465 -28.779880 -13.914998 99.284896 1.524477 0.428788
Car -1 -1 1.855460 71.049400 69.509422 138.766113 115.129143 1.418347 1.294278 4.285954 -36.299862 -17.313684 116.199751 1.552674 0.299267
Car -1 -1 1.641816 578.253296 8.889674 612.237488 38.018711 1.412187 1.654738 4.260118 -23.489544 -30.290847 173.213633 1.507028 0.120814
