Car -1 -1 -1.630150 987.234192 580.295044 1160.390381 738.612122 0.902690 1.793368 4.297242 0.951081 1.387913 34.935112 -1.602932 2.342498
Car -1 -1 -1.674491 1133.013184 430.548645 1268.382690 556.089722 1.312315 1.733372 4.234231 3.465380 -0.732777 46.571922 -1.600218 2.397222
Car -1 -1 -1.389672 286.401215 785.642212 565.083801 1026.498291 0.742620 1.549104 4.246373 -4.968063 3.095006 24.866611 -1.586864 2.589976
Car -1 -1 0.905854 689.344971 290.776550 837.105774 364.736633 1.368590 1.923463 3.527539 -6.075731 -5.647790 73.459252 0.823333 0.845055
Car -1 -1 -1.649171 1073.414429 317.100739 1169.783569 408.955048 1.503341 1.819425 4.399431 2.982348 -4.067623 64.930100 -1.603271 0.720392
Car -1 -1 -1.602313 920.133850 319.858124 1011.141724 407.697113 1.390186 1.845122 4.243107 -0.667880 -4.132040 65.271097 -1.612545 1.400663
Car -1 -1 1.737429 416.735870 291.419891 512.890381 363.061462 1.314475 1.664263 4.257833 -14.044199 -5.721083 73.794246 1.549362 1.083914
Car -1 -1 -1.608411 1047.767578 245.803024 1117.189331 310.050781 1.555921 1.941004 4.251539 2.826734 -8.276917 87.664587 -1.576177 0.892507
Car -1 -1 -1.580427 1021.583496 203.671280 1073.918945 251.204834 1.486532 1.811753 4.238990 2.256768 -12.756728 112.044886 -1.560288 0.670810
Car -1 -1 1.672407 670.371643 211.208389 725.342102 256.745880 1.323312 1.652305 4.258463 -11.532663 -12.146440 108.240308 1.566261 0.875458
Car -1 -1 -1.559784 940.150452 226.014435 993.852234 274.510590 1.289825 1.784774 4.259053 -0.924672 -10.711593 100.716212 -1.568965 1.122166
Car -1 -1 -1.582379 947.672791 284.797638 1019.287903 355.500122 1.342236 1.767674 4.230281 -0.248400 -6.033554 75.346702 -1.585676 1.335661
Car -1 -1 1.688439 575.450562 187.127625 625.468140 228.493210 1.414368 1.674832 4.253875 -17.927772 -15.407829 126.444159 1.547594 0.672039
Car -1 -1 -1.579647 965.135193 189.189896 1007.597717 230.668045 1.424721 1.695117 4.270075 -0.273275 -15.093752 124.885327 -1.581835 0.546324
Car -1 -1 -1.568619 932.653381 170.698288 970.453491 205.674423 1.435766 1.694109 4.249949 -2.059126 -18.051351 140.050074 -1.583321 0.477242
Car -1 -1 -1.553471 872.026917 148.951813 908.778870 183.915909 1.634249 1.883536 4.248770 -5.943249 -22.042339 161.603036 -1.590232 0.360642
Car -1 -1 -1.675604 1184.286377 189.819550 1233.839722 229.384460 1.342912 1.767634 4.248503 9.926998 -15.477358 127.351005 -1.597812 0.441998
Car -1 -1 1.650950 709.968140 171.746857 751.208862 205.996719 1.402353 1.734644 4.236710 -13.370107 -18.156668 140.971544 1.556391 0.497225
Car -1 -1 -1.556629 943.954834 135.369614 971.439941 159.504929 1.400095 1.771589 4.250876 -2.467001 -28.296115 196.009965 -1.569215 0.271267
Car -1 -1 -1.583720 1007.599609 171.142715 1048.723267 203.959824 1.333955 1.843937 4.241696 1.857289 -18.378354 142.094467 -1.570650 0.495144
Car -1 -1 -1.561427 887.202698 130.984390 914.777405 155.783432 1.452832 1.779064 4.223152 -6.687657 -29.152812 200.073399 -1.594840 0.291810
Car -1 -1 -1.600501 995.606140 155.068207 1031.104858 184.932404 1.415719 1.865379 4.249699 1.249613 -22.484944 165.269221 -1.592940 0.267533
Car -1 -1 1.634231 766.422119 130.407257 796.348999 157.443054 1.638805 1.734146 4.251117 -15.154685 -28.726188 197.763470 1.557750 0.213389
Car -1 -1 1.657214 715.354919 133.206635 745.462463 158.559723 1.489623 1.715484 4.260778 -19.254519 -29.404145 202.879270 1.562591 0.237814
Car -1 -1 1.684923 639.504700 151.008865 680.328796 180.978363 1.471910 1.751833 4.257386 -19.987341 -22.778671 166.108643 1.565172 0.292092
Car -1 -1 -1.566973 934.842163 159.374771 969.640015 190.050507 1.464235 1.774635 4.244661 -2.212468 -20.450357 153.926053 -1.581346 0.176980
