Car -1 -1 0.186733 145.659729 287.691162 466.681854 425.032593 1.607990 1.919113 4.395790 -10.774841 -2.211796 45.169876 -0.047431 4.131219
Car -1 -1 -1.679510 967.933899 620.796631 1229.607056 888.828735 0.810067 1.690139 4.268173 1.031531 1.981915 24.481848 -1.637400 2.936434
Car -1 -1 -1.523047 569.961975 604.837036 814.223572 858.340820 0.789754 1.783448 4.271141 -2.436887 1.823661 24.997860 -1.620224 2.697055
Car -1 -1 -0.245546 1247.537354 277.338654 1556.745728 387.521179 1.303878 1.881868 4.494383 7.297748 -2.860135 47.088184 -0.091789 3.946851
Car -1 -1 2.968355 935.873474 224.788513 1198.019653 319.365997 1.334316 1.854292 4.623264 1.864198 -4.585652 55.341048 3.002028 3.127316
Car -1 -1 -1.827772 1371.568970 616.910278 1684.949951 880.965942 0.852784 1.506292 4.252312 4.854775 1.974966 24.755151 -1.634118 3.611891
Car -1 -1 2.908954 1509.747803 177.034393 1730.702271 260.790833 1.382747 1.842710 4.251781 14.818123 -6.413720 63.020333 3.139891 1.979428
Car -1 -1 0.008245 685.693970 251.571854 956.333740 361.910004 1.412540 1.856734 4.445439 -2.652033 -3.479070 50.383888 -0.044343 2.943736
Car -1 -1 3.096657 592.974854 211.530106 869.422852 330.979858 1.716856 1.966777 4.843594 -4.658569 -4.191228 53.263541 3.009416 2.055530
Car -1 -1 -1.405597 158.411621 570.068115 458.431549 851.690430 1.039064 1.744543 4.539710 -5.951882 1.767264 25.490744 -1.634980 1.696154
Car -1 -1 3.076023 883.642334 173.750473 1096.809448 258.651825 1.433684 1.882023 4.622789 0.382183 -6.696785 65.118051 3.081892 1.585956
Car -1 -1 2.904340 1285.159424 212.737244 1545.446289 309.592834 1.350843 1.848162 4.409428 8.935741 -4.830592 55.731648 3.063322 2.580113
Car -1 -1 0.027499 0.090653 236.664001 153.486435 326.130707 1.264210 1.879413 4.190602 -19.097895 -4.556010 56.301478 -0.299529 1.004934
Car -1 -1 2.794444 1642.540039 213.307083 1897.597168 300.448883 1.279195 1.829005 4.532143 16.288692 -4.909991 55.482771 3.080002 0.931700
Car -1 -1 -2.759847 1551.237793 126.912971 1720.630249 189.195633 1.219251 1.838279 4.072707 19.464763 -10.154588 80.542421 -2.522722 1.639026
Car -1 -1 -1.287266 0.010911 871.900879 322.659119 1080.000000 1.143186 1.957360 4.237391 -5.709891 3.902897 18.137711 -1.592252 3.420829
Car -1 -1 -2.916829 461.007690 185.606125 665.557739 262.637421 1.247343 1.855271 3.956011 -9.513116 -6.614572 64.899483 -3.062374 1.197941
Car -1 -1 -1.772256 1276.002319 100.365982 1354.876221 153.940430 1.247823 1.777000 4.281739 11.701650 -12.954873 94.360815 -1.648876 0.725805
Car -1 -1 -3.119434 190.341415 231.982971 454.201538 338.887177 1.392394 1.861015 4.618030 -12.570115 -4.125646 53.461351 2.932821 1.992933
Car -1 -1 0.057402 94.202660 210.115524 311.664673 291.978607 1.246131 1.848835 4.064238 -16.831396 -5.588527 60.916703 -0.212175 1.899523
Car -1 -1 1.813489 141.413910 120.216927 233.974899 181.414429 1.260948 1.541480 4.262693 -24.249518 -11.046596 85.870383 1.538259 1.024353
Car -1 -1 -3.133528 365.648651 207.985352 601.326355 307.878876 1.441944 1.859154 4.079810 -9.966838 -4.937291 56.720747 2.975716 1.232485
Car -1 -1 1.841610 25.118818 107.040733 123.684113 179.888794 1.708841 1.574084 4.282283 -28.258029 -11.239306 87.497112 1.529225 0.882046
Car -1 -1 1.837090 104.363434 96.510406 185.841492 157.749756 1.457168 1.375223 4.268157 -27.851888 -12.706804 93.488332 1.547544 0.840176
Car -1 -1 1.793115 196.263901 103.365730 270.218140 160.097412 1.329390 1.279934 4.266763 -25.080148 -12.780314 94.480969 1.533647 0.691356
Car -1 -1 1.772859 252.072601 122.802017 344.522369 184.805511 1.225038 1.703401 4.269305 -20.783164 -10.976461 85.868997 1.535393 1.039802
Car -1 -1 1.766526 253.873550 89.902649 324.756134 139.521683 1.296240 1.614735 4.271440 -24.897259 -14.327563 101.144505 1.525169 0.731710
Car -1 -1 1.736165 380.686890 115.056206 459.558777 174.913101 1.283223 1.605032 4.270095 -17.125456 -11.251039 86.328003 1.540331 0.969866
Car -1 -1 -0.380018 1789.588257 229.963882 1919.438232 329.293060 1.384125 1.864247 4.600555 18.571840 -4.238369 53.319289 -0.044847 1.152720
Car -1 -1 1.796416 166.651840 81.391838 236.557602 129.921478 1.266683 1.362884 4.244552 -28.395600 -14.820562 102.395033 1.525899 0.654281
Car -1 -1 1.752409 308.821808 104.812515 381.142761 161.818771 1.316741 1.459163 4.251635 -20.600807 -12.331506 91.480920 1.530911 1.083210
Car -1 -1 1.702970 438.372955 50.133205 492.809418 95.792953 1.450886 1.677420 4.270210 -22.173089 -18.977171 121.489245 1.522446 0.502948
Car -1 -1 1.723532 377.774048 76.527412 439.002075 125.812843 1.286988 1.632694 4.265147 -21.728662 -15.766083 107.343424 1.523809 0.519988
Car -1 -1 -3.071139 740.664124 215.559387 936.715088 305.410461 1.344892 1.812398 4.002402 -2.818951 -5.019216 57.660014 -3.119989 0.377111
Car -1 -1 1.715399 389.611420 27.358257 442.622406 77.775925 1.996026 1.494557 4.903233 -26.438621 -21.272576 132.053171 1.517799 0.164353
Car -1 -1 1.774017 307.292877 74.186363 366.999237 118.783760 1.192804 1.326970 4.255579 -25.048455 -16.294766 109.427301 1.548989 0.499342
Car -1 -1 1.770869 344.315002 85.520065 410.641418 138.978790 1.326472 1.378434 4.258506 -21.530169 -14.357897 100.865516 1.560571 0.390631
Car -1 -1 1.767695 274.895294 59.299107 330.166077 98.583252 1.213852 1.283492 4.255516 -29.255172 -18.827532 121.185272 1.530819 0.276766
Car -1 -1 1.856064 18.154285 74.565018 92.748367 126.379150 1.467795 1.507388 4.279112 -35.789183 -15.799998 108.279453 1.536842 0.302185
Car -1 -1 1.819325 66.797234 66.138123 131.338028 111.066422 1.430455 1.569914 4.290172 -36.580450 -17.508537 116.540287 1.515177 0.251411
Car -1 -1 1.725007 398.565369 71.311249 454.613739 112.905052 1.163558 1.448555 4.277864 -22.287423 -17.064295 113.294804 1.530767 0.252029
Car -1 -1 -1.583882 866.778564 9.179310 900.587769 39.757908 1.408357 1.784783 4.267241 -5.331353 -29.885237 171.313573 -1.614993 0.122274
Car -1 -1 1.901381 0.300620 93.638695 40.269917 138.415497 1.253585 1.274821 4.254221 -36.433514 -14.865145 105.076372 1.567620 0.133310
