Car -1 -1 -1.418769 546.762573 583.731750 748.179810 773.435669 0.865807 1.585072 4.266020 -3.690930 1.500972 25.740716 -1.561187 3.899801
Car -1 -1 -1.535293 777.706787 685.729431 992.563049 910.252502 0.573659 1.773480 4.490807 -0.776663 2.284902 21.779816 -1.570938 2.458456
Car -1 -1 -1.340270 264.106354 829.750549 645.226196 1078.214966 0.941213 1.817690 4.435047 -3.994358 3.690578 17.814025 -1.560847 2.822079
Car -1 -1 1.680882 616.882874 211.719116 672.046082 258.081268 1.358291 1.614250 4.261628 -13.637139 -12.674641 91.537423 1.532991 0.892842
Car -1 -1 1.661092 691.950073 214.738342 743.605835 259.578857 1.284594 1.610996 4.266608 -10.393858 -12.394402 90.008909 1.546125 0.756554
Car -1 -1 1.723330 546.042297 213.942108 604.436768 256.802917 1.271506 1.621801 4.262715 -16.751293 -12.845118 92.629929 1.544423 0.957035
Car -1 -1 1.689212 601.976318 191.763199 646.325684 227.593414 1.255435 1.451789 4.267138 -16.946614 -16.117054 107.086481 1.532262 0.680080
Car -1 -1 1.665410 665.458557 178.273926 714.223694 226.018936 1.803458 1.759553 4.569256 -13.750660 -16.304536 107.427955 1.538104 0.299846
Car -1 -1 1.684465 642.504395 195.551956 693.571777 238.469604 1.430758 1.720938 4.251470 -13.976836 -14.793705 101.081046 1.547062 0.647233
Car -1 -1 0.159655 1296.918091 156.567978 1373.463745 188.138077 1.577728 1.855546 4.054199 23.040010 -22.926079 137.503941 0.325672 0.159895
Car -1 -1 1.651682 716.070435 196.843124 763.701721 243.981842 1.577267 1.626159 4.295954 -10.490554 -14.439164 100.018755 1.547178 0.402732
