Car -1 -1 -1.687484 1013.429565 620.927734 1293.732544 898.072632 0.859404 1.779309 4.321928 1.482406 2.018102 24.122839 -1.626108 2.794970
Car -1 -1 -1.402346 190.336304 630.878357 458.947388 857.598206 0.604094 1.510450 4.244037 -5.722179 1.846172 24.937647 -1.627901 3.235234
Car -1 -1 -1.840726 1376.597534 623.175781 1701.437744 890.233215 0.802481 1.508329 4.285650 4.887339 1.990939 24.543692 -1.644169 3.537612
Car -1 -1 -1.523836 525.432983 699.290405 788.557556 980.415466 0.624464 1.745794 4.285255 -2.417400 2.363945 22.199771 -1.632302 3.112737
Car -1 -1 1.724003 358.138733 120.650581 438.323578 183.910110 1.292947 1.525068 4.258109 -17.233755 -10.663848 83.498836 1.520466 1.013761
Car -1 -1 1.854904 0.000000 121.826675 89.506165 200.300217 1.624768 1.885800 4.280234 -27.858594 -10.105525 82.355355 1.528715 0.720606
Car -1 -1 1.802866 137.894852 122.212784 222.419495 185.470505 1.341436 1.338074 4.251094 -23.970941 -10.671285 84.042297 1.525019 1.134751
Car -1 -1 1.779662 187.033356 100.419830 267.423065 161.111984 1.398119 1.469300 4.257992 -24.590720 -12.374774 91.674879 1.517593 0.889919
Car -1 -1 1.764863 287.768402 111.463165 361.583649 168.975540 1.278015 1.330131 4.274017 -20.691637 -11.726008 88.751280 1.535813 1.031056
Car -1 -1 1.725471 407.226013 108.781998 476.614807 163.281540 1.218516 1.389468 4.255698 -17.251874 -12.129466 90.404375 1.536908 0.885027
Car -1 -1 1.796211 69.386497 116.220558 154.830139 173.048965 1.209545 1.451925 4.263234 -27.773524 -11.751633 89.519161 1.495375 1.050473
Car -1 -1 1.715468 432.806488 93.326508 495.069427 146.721268 1.249028 1.380824 4.246444 -17.780833 -13.662225 97.442591 1.534979 0.646030
Car -1 -1 1.750396 331.366913 62.224392 388.157166 104.635231 1.244188 1.485327 4.243135 -25.663169 -17.814431 116.303201 1.533218 0.620678
Car -1 -1 1.708240 373.562073 78.758820 442.114044 131.790298 1.414309 1.726707 4.256460 -21.326652 -15.279369 105.112112 1.508063 0.535029
Car -1 -1 1.691096 470.255157 68.738434 531.407288 120.684723 1.370058 1.548043 4.279772 -18.356139 -16.062177 108.154236 1.522976 0.511194
Car -1 -1 -1.922789 1541.439453 877.570557 1925.227783 1080.000000 1.141048 2.022551 4.399856 5.495829 4.004291 18.493724 -1.633928 2.394253
Car -1 -1 1.786777 250.363144 65.103653 307.259247 103.819115 1.192494 1.303080 4.234018 -29.309270 -17.936004 117.272791 1.541870 0.438848
Car -1 -1 1.819130 3.276478 91.402908 72.618721 132.591095 1.234259 1.679443 4.245746 -35.120707 -14.758499 103.368313 1.491604 0.367018
Car -1 -1 1.801461 159.384918 81.749084 229.796280 129.483795 1.230096 1.308697 4.269388 -28.588419 -14.857205 102.206325 1.528718 0.337489
Car -1 -1 1.757807 291.799011 54.721958 345.306396 93.590370 1.302908 1.353891 4.255121 -29.788243 -19.875723 126.857161 1.527168 0.298749
Car -1 -1 1.770199 237.900406 93.716866 306.874786 146.898132 1.229667 1.371078 4.275269 -24.604058 -13.671683 97.583646 1.523214 0.526077
