Car -1 -1 -2.680824 190.238098 173.094376 317.159058 220.816315 1.316397 1.838647 3.786663 -26.502788 -13.231229 82.539605 -2.991517 0.787412
Car -1 -1 1.524841 699.373718 151.316757 753.143066 204.845016 1.516265 1.652241 4.272266 -8.842811 -14.094626 84.122145 1.420107 0.740753
Car -1 -1 -1.548178 885.085754 156.907623 937.839050 199.963806 1.237077 1.874096 4.253936 -1.753513 -15.390025 90.818747 -1.567483 0.876162
Car -1 -1 2.757780 1586.768188 172.045044 1725.776855 229.749603 1.590151 1.900405 3.791389 24.432552 -11.856937 75.957893 3.068988 0.702882
Car -1 -1 2.755537 1668.856323 164.409332 1830.782837 240.966965 2.056390 1.901864 4.261318 26.451851 -10.991700 72.448902 3.105609 0.746645
Car -1 -1 2.726450 1692.916748 196.355453 1867.256714 252.043167 1.305247 1.840728 4.238415 25.644764 -10.008451 68.184422 3.086193 1.464624
Car -1 -1 3.037940 1512.021729 157.725571 1640.795898 200.679016 1.277381 1.841301 4.457719 26.041687 -15.463919 91.404387 -2.967693 0.578449
Car -1 -1 1.666043 723.721863 101.755470 761.065063 133.876205 1.524923 1.677640 4.260104 -12.934602 -26.147180 133.147414 1.569201 0.570799
Car -1 -1 1.688302 660.960938 105.634682 700.445312 136.516693 1.414548 1.707460 4.260783 -16.327951 -25.479880 130.305132 1.563646 0.465223
Car -1 -1 2.634420 1824.224976 173.496063 1920.644897 216.380203 1.295579 1.820739 3.554813 34.933638 -13.106584 81.452594 3.039575 0.174377
Car -1 -1 1.640731 787.027344 95.872787 816.331848 122.116539 1.423197 1.686346 4.262470 -10.864115 -31.181061 154.738711 1.570637 0.302157
Car -1 -1 -1.614168 1030.608276 81.263519 1062.548462 106.535522 1.745021 2.090861 4.316729 7.762325 -38.404203 184.890785 -1.572209 0.105559
Car -1 -1 1.955030 1861.529297 183.745941 1919.456787 229.720383 1.449142 1.867546 3.406774 35.348003 -12.433220 80.224323 2.370051 0.183007
Car -1 -1 2.704062 189.185669 116.278687 279.363312 146.299683 1.229541 1.822584 3.948616 -40.681547 -23.550625 122.964544 2.384558 0.062070
