Car -1 -1 -0.287230 955.822205 327.036865 1177.630249 425.677643 1.588168 1.871358 4.274689 2.724787 -3.253305 49.002649 -0.231682 3.147721
Car -1 -1 -1.816865 1189.148193 297.020508 1301.116821 371.368896 1.212399 1.678218 4.256398 8.086610 -5.283827 58.434734 -1.679352 1.171620
Car -1 -1 1.959640 3.319201 289.299286 148.063263 395.281799 1.606586 1.505003 4.998258 -20.513244 -4.270735 51.778900 1.582439 1.505332
Car -1 -1 1.383753 363.305328 318.046448 465.602081 406.617615 1.230283 1.359850 4.236632 -12.046966 -3.812795 49.865460 1.146706 1.092495
Car -1 -1 1.804417 373.148376 197.844666 448.823883 248.506088 1.499320 1.755368 4.259176 -21.191111 -12.224181 87.663153 1.567234 0.750724
Car -1 -1 1.845366 226.567673 243.458923 321.355499 304.863312 1.281507 1.559167 4.257268 -21.417810 -8.266931 70.455576 1.550252 1.183236
Car -1 -1 -1.574227 941.451721 182.005112 988.222717 226.352722 1.398194 1.866770 4.244286 1.121198 -14.955270 100.236068 -1.563042 0.878175
Car -1 -1 1.879723 157.763702 233.519699 249.792618 292.115631 1.325294 1.540742 4.252789 -24.606830 -8.941115 73.243046 1.555609 1.171342
Car -1 -1 1.702985 582.472473 156.560654 628.995117 192.996429 1.443885 1.836877 4.245252 -18.246567 -19.381143 119.309543 1.551226 0.612440
Car -1 -1 1.835265 261.713867 196.700424 343.427521 252.657257 1.639624 1.782212 4.294020 -25.171839 -11.914143 86.383975 1.551722 0.812408
Car -1 -1 -1.750626 1278.536499 209.823837 1339.030640 256.800537 1.286701 1.636457 4.210603 14.737596 -12.047020 88.033670 -1.584755 0.671066
Car -1 -1 1.958476 0.051205 271.230438 102.347710 349.578003 1.350393 1.642514 4.553312 -25.666681 -6.160374 61.692838 1.564219 0.433455
Car -1 -1 1.720902 498.163940 141.245560 541.840759 174.951172 1.681911 1.911404 4.236317 -25.815494 -22.780883 134.532400 1.531316 0.346742
Car -1 -1 -1.683291 1147.519897 144.712097 1186.492065 171.723602 1.281300 1.548527 4.251885 13.709752 -22.882573 133.930745 -1.581282 0.348294
Car -1 -1 1.668214 656.545959 110.426506 681.632874 130.354523 1.718401 1.903700 4.267087 -24.954053 -37.651721 200.859489 1.544611 0.072216
Car -1 -1 1.716226 559.468994 132.772415 596.690125 159.784927 1.522330 1.849666 4.236519 -24.802034 -26.424043 150.292000 1.552675 0.177134
