Car -1 -1 2.695210 866.459473 459.258911 1167.155029 586.953125 1.273041 1.843308 4.100968 0.380357 -0.198605 43.415894 2.703971 5.067597
Car -1 -1 2.736478 1617.071289 413.301178 1901.945557 543.803345 1.633043 1.871705 3.981449 13.042768 -0.804636 47.172506 3.006230 4.338313
Car -1 -1 1.789590 262.559052 294.457275 372.234711 381.254944 1.575198 1.600427 4.234674 -17.147123 -5.040755 70.428683 1.550769 1.259425
Car -1 -1 -1.759898 1305.829834 738.090332 1553.660767 962.479980 0.833860 1.464310 4.217448 4.143421 2.862503 26.913923 -1.607146 3.233006
Car -1 -1 -1.496572 612.867920 842.332947 869.050415 1079.432739 1.014568 1.732067 4.241478 -2.011091 3.753648 23.220305 -1.582965 3.848701
Car -1 -1 -0.402984 885.981445 287.366760 1062.748169 363.444336 1.523249 1.861596 4.200780 -0.545378 -5.564642 72.974530 -0.410458 1.822105
Car -1 -1 -1.672862 1037.571045 802.678284 1321.884155 1078.697876 1.329955 1.819224 4.432266 1.470871 3.784964 23.540463 -1.610461 1.860483
Car -1 -1 1.335860 670.312805 288.792908 772.663208 361.004425 1.340650 1.755823 4.245080 -7.334901 -5.817986 74.405895 1.237598 0.746199
Car -1 -1 1.703538 519.524963 303.669373 611.753601 377.343445 1.324434 1.649415 4.250235 -10.907094 -5.137666 70.862755 1.550818 1.182237
Car -1 -1 1.857923 143.580353 266.486725 240.008652 327.287109 1.295341 1.451486 4.240143 -24.115428 -7.416503 83.314100 1.576171 1.278155
Car -1 -1 1.764444 382.542206 308.541565 479.097992 387.240936 1.330041 1.398516 4.233675 -13.928654 -4.779877 68.769310 1.564605 1.243488
Car -1 -1 -1.619314 1068.053589 273.721100 1141.111572 334.675781 1.271171 1.868440 4.252546 3.292369 -7.067574 81.848793 -1.579110 1.144650
Car -1 -1 1.794187 341.943329 279.922302 427.751251 350.271515 1.378686 1.349813 4.248067 -16.944216 -6.296479 77.342661 1.578515 1.049304
Car -1 -1 1.656334 691.089478 249.193161 757.508240 310.088379 1.393065 1.674257 4.245624 -8.313924 -8.153857 86.069062 1.560037 0.778257
Car -1 -1 1.764873 403.191223 258.887970 477.985382 319.041138 1.216606 1.320631 4.238433 -17.157003 -7.941450 86.015189 1.567992 0.832840
Car -1 -1 1.761429 435.189728 290.280640 512.375977 356.355286 1.267173 1.190765 4.248786 -14.398455 -6.089961 76.753032 1.575990 0.967998
Car -1 -1 1.625977 725.539734 226.609421 784.098450 281.383881 1.450943 1.655720 4.263370 -8.378833 -10.072641 97.047011 1.539853 0.759606
Car -1 -1 1.687256 591.296814 243.142838 666.195190 319.725433 1.776615 1.728847 4.235263 -11.219758 -7.845670 85.527122 1.556818 0.687774
Car -1 -1 -1.567791 973.659546 154.083084 1011.417664 185.385742 1.403916 1.887076 4.225973 0.011148 -21.930134 161.340730 -1.567721 0.291564
Car -1 -1 -1.548877 901.849976 131.475586 928.690002 154.308136 1.424821 1.782331 4.235278 -5.802814 -30.548281 208.927671 -1.576644 0.293038
Car -1 -1 -1.633143 1154.396118 172.094040 1201.748657 209.868988 1.508141 1.905232 4.248600 9.494565 -18.039643 141.135976 -1.565971 0.318821
Car -1 -1 1.645331 750.308777 200.782257 799.928040 246.268967 1.427441 1.666486 4.248390 -8.935604 -13.157013 113.876027 1.567023 0.387194
Car -1 -1 -1.619460 1089.534912 137.864700 1124.551514 165.876236 1.536941 1.867803 4.257739 7.650858 -26.170414 184.371524 -1.577987 0.089171
