Car -1 -1 -0.765676 722.098450 378.785400 949.531677 483.114441 1.256556 1.785759 4.169928 -2.976666 -2.103461 53.411249 -0.821350 2.446714
Car -1 -1 -0.464573 332.579346 387.615051 601.010925 485.151245 1.135441 1.855247 4.460804 -10.120461 -2.069226 53.537417 -0.651403 2.699854
Car -1 -1 0.023616 0.532719 412.081573 174.051178 522.780029 1.401196 1.845929 4.227873 -17.025169 -1.205388 49.419746 -0.308152 1.469201
Car -1 -1 -1.777493 1322.745850 263.001160 1420.591919 335.294189 1.563451 1.828691 4.287331 10.882002 -6.846190 79.533738 -1.641515 0.804266
Car -1 -1 -1.517431 687.585632 780.630432 908.117065 1011.536133 0.725085 1.713837 4.241334 -1.700767 3.073555 25.403064 -1.584283 1.906063
Car -1 -1 -1.648220 1038.999512 767.617004 1272.393188 1021.194702 0.900753 1.696676 4.245619 1.400433 3.109437 25.327254 -1.592982 1.731266
Car -1 -1 -0.180296 1270.433594 440.920990 1591.617798 573.765747 1.584337 1.879598 4.566569 6.844902 -0.285780 43.861422 -0.025487 4.348295
Car -1 -1 -1.219897 700.247314 322.273285 839.582458 413.431274 1.399627 1.634180 4.306322 -5.023626 -3.861558 62.789198 -1.299735 1.409718
Car -1 -1 1.782654 274.690216 284.677063 372.691650 381.512024 1.794564 1.379465 4.527513 -17.161272 -5.112371 71.156414 1.545997 0.691794
Car -1 -1 1.676299 646.573669 291.134094 731.266541 375.763031 1.505829 1.693971 4.239329 -7.722342 -5.168458 70.350072 1.566966 1.128244
Car -1 -1 -1.777759 1386.266479 817.488831 1688.853882 1077.853882 0.776802 1.597628 4.229800 4.571298 3.344151 23.850594 -1.588392 3.016097
Car -1 -1 1.714242 520.120728 290.172974 615.611389 371.398651 1.499757 1.730295 4.245873 -11.012597 -5.388105 71.952144 1.562367 0.944997
Car -1 -1 -1.372560 184.229172 850.037781 512.761169 1077.846069 1.039494 1.712752 4.245688 -5.245081 3.825529 23.145970 -1.595405 2.603783
Car -1 -1 1.693224 573.138672 257.132050 655.574463 331.849060 1.605879 1.733307 4.246167 -11.094501 -7.130705 81.291304 1.557584 0.959994
Car -1 -1 1.652833 710.438049 241.285034 772.255615 296.371857 1.324646 1.525634 4.248368 -8.406166 -9.180787 92.665799 1.562366 0.546800
Car -1 -1 1.665966 687.768616 257.989868 752.335266 316.360748 1.289123 1.475172 4.248301 -8.223827 -7.726197 83.856375 1.568209 0.628357
