Car -1 -1 0.148449 742.389160 397.171539 1050.724121 516.688354 1.280389 1.899117 4.459387 -1.062997 -0.942775 44.858336 0.124756 4.709646
Car -1 -1 1.181916 153.865540 356.949890 351.271393 467.795593 1.041502 1.413117 4.691735 -12.591212 -1.964753 48.966151 0.930228 1.159288
Car -1 -1 1.705516 68.156723 303.613403 198.163651 412.921356 1.308514 1.728663 4.266389 -16.570786 -3.200546 55.687866 1.416294 1.695555
Car -1 -1 1.824645 4.764026 236.838715 132.759109 346.659882 1.783176 1.630605 4.255651 -20.779582 -5.025824 64.842061 1.514521 1.323907
Car -1 -1 1.714573 296.373047 201.916718 387.982880 274.187103 1.575297 1.777155 4.271148 -18.418686 -8.250643 82.805292 1.495702 0.931786
Car -1 -1 1.760101 190.937286 207.031830 278.308655 270.896637 1.315414 1.553038 4.245085 -21.686308 -8.365896 82.957394 1.504408 1.211610
Car -1 -1 1.771862 113.795181 230.688141 211.836060 310.871307 1.443421 1.394346 4.260331 -20.757777 -6.380643 72.355313 1.492479 1.232090
Car -1 -1 1.704859 383.938385 176.819824 454.043365 228.294220 1.280891 1.629278 4.257157 -19.336695 -11.358735 99.095491 1.512149 0.891491
Car -1 -1 1.816932 0.000000 197.736832 65.404045 257.977875 1.269736 1.646485 4.237759 -30.072435 -9.330049 88.557964 1.489571 0.862932
Car -1 -1 1.747622 280.758301 149.188614 342.724365 194.735626 1.386894 1.634834 4.249242 -27.226494 -14.600341 116.433636 1.517912 0.557852
Car -1 -1 1.786729 87.863785 200.128998 177.824417 262.728546 1.289078 1.556085 4.269927 -25.716862 -8.970441 86.281626 1.497056 1.071073
Car -1 -1 1.768406 211.688766 160.650543 289.758911 215.972488 1.534368 1.752346 4.268144 -26.106083 -12.071497 102.043595 1.517946 0.702148
Car -1 -1 1.774503 144.725708 182.784409 217.875854 237.843658 1.371578 1.525948 4.268588 -26.892755 -10.685382 95.950867 1.501238 0.576065
Car -1 -1 1.830619 0.000000 248.232559 59.145897 320.042145 1.287185 1.665384 4.283977 -24.255189 -5.942362 70.267597 1.498241 0.548591
