Car -1 -1 -0.901952 582.032776 356.065216 768.857422 443.304504 1.152113 1.762228 3.808969 -6.688404 -3.042385 58.709102 -1.015387 1.509576
Car -1 -1 1.790261 268.444641 294.061981 375.526062 380.837341 1.582192 1.581592 4.245746 -17.065275 -5.058714 70.551505 1.552935 1.229141
Car -1 -1 -0.157829 127.821983 413.127228 396.068146 514.104370 1.179357 1.848459 4.199256 -13.396023 -1.430115 50.767584 -0.415818 4.040203
Car -1 -1 -1.375175 800.351807 292.567902 903.857788 378.782104 1.496538 1.787134 4.289147 -3.551878 -5.176234 70.906276 -1.425226 1.068148
Car -1 -1 -1.522719 706.102478 797.447205 930.333801 1044.874878 0.712163 1.646133 4.226737 -1.455391 3.151739 24.374380 -1.582358 3.167220
Car -1 -1 1.743399 399.009521 300.289581 500.658813 376.055695 1.342481 1.726059 4.254961 -13.946353 -5.216173 71.218254 1.550020 1.198591
Car -1 -1 -1.781078 1371.135254 803.131409 1695.159668 1062.379761 0.673026 1.680237 4.602962 4.599028 3.204391 24.268105 -1.593789 3.757386
Car -1 -1 1.696101 528.586121 302.526489 613.897827 375.856049 1.285902 1.554978 4.242118 -10.799321 -5.210625 71.113166 1.545392 1.378636
Car -1 -1 -1.396980 246.226547 823.030090 564.657104 1079.359985 1.124811 1.772894 4.238724 -4.896579 3.749611 23.726250 -1.600501 3.923413
Car -1 -1 -1.576660 940.718811 239.707977 999.562439 293.070496 1.304157 1.807931 4.245994 -0.764570 -9.424271 94.059838 -1.584788 1.460295
Car -1 -1 -1.549090 864.187622 210.271835 915.833801 260.844116 1.520732 1.820006 4.247866 -4.008923 -11.979610 108.157796 -1.586139 0.807698
Car -1 -1 -1.573752 942.197327 180.632462 982.644470 216.187057 1.363897 1.812719 4.258070 -1.432583 -16.670535 132.977072 -1.584524 0.758200
Car -1 -1 1.729100 473.674500 269.709717 549.068420 332.119476 1.320199 1.421630 4.237974 -14.140582 -7.101683 81.450995 1.557205 1.164215
Car -1 -1 -1.581049 985.257874 139.953888 1016.277710 168.365662 1.539408 1.860776 4.237840 0.564508 -26.252082 185.307344 -1.578002 0.329122
Car -1 -1 1.750828 402.617279 185.742416 467.828033 230.991959 1.648360 1.987158 4.262805 -25.535859 -15.248973 126.646155 1.551864 0.469870
Car -1 -1 -1.660223 1167.903320 186.721222 1217.537476 227.234161 1.402071 1.800676 4.243454 9.325728 -15.590838 127.823074 -1.587394 0.527622
Car -1 -1 -1.561440 936.301575 152.468842 967.716125 181.124527 1.471841 1.642267 4.243416 -2.470389 -22.905202 167.146573 -1.576219 0.343529
Car -1 -1 -1.593107 1086.758179 138.494690 1119.414307 165.544769 1.531677 1.889009 4.248032 7.491356 -26.858082 188.629258 -1.553414 0.266370
Car -1 -1 1.666745 683.012268 161.898972 726.872925 198.617310 1.573346 1.762645 4.268155 -15.354830 -19.414864 147.645589 1.563120 0.301166
Car -1 -1 -1.661534 1218.479004 203.815094 1279.270264 256.214081 1.626323 1.782044 4.297853 10.221416 -12.407557 110.450103 -1.569254 0.398826
Car -1 -1 1.657023 728.329712 144.490204 762.053345 171.435410 1.357540 1.665024 4.257092 -15.981192 -25.121058 178.663907 1.567812 0.270633
Car -1 -1 -1.596847 1135.606445 144.481842 1171.264160 172.921524 1.532514 1.964781 4.268672 10.221502 -24.240773 173.852232 -1.538121 0.122763
Car -1 -1 1.685013 647.606201 151.481003 688.906372 186.046005 1.665532 1.808555 4.253698 -18.819411 -21.733624 160.408786 1.568225 0.183129
