Car -1 -1 -1.497900 1544.311035 686.206299 1750.842529 891.589966 0.748864 1.636367 4.259783 6.457713 2.488317 28.226629 -1.272990 2.986104
Car -1 -1 2.684642 1737.640259 360.984100 1918.697144 464.198944 1.646264 1.855439 4.284966 17.032624 -1.997196 56.261372 2.978611 0.585111
Car -1 -1 2.975632 1137.684570 308.451202 1348.921509 399.563171 1.532846 1.849770 4.355538 5.128369 -3.694315 64.185672 3.055362 2.261571
Car -1 -1 0.267364 220.898468 391.077515 506.591888 493.556396 1.244937 1.824371 4.183130 -11.251822 -1.278677 47.853956 0.036430 3.598574
Car -1 -1 -0.078870 983.560242 384.196930 1266.878540 488.383759 1.339032 1.821244 4.611388 1.962215 -1.478545 51.023235 -0.040432 3.523612
Car -1 -1 2.975919 1201.776855 365.049133 1457.727051 458.306610 1.361512 1.850522 4.403423 6.226440 -2.111374 55.822893 3.086999 3.175770
Car -1 -1 -1.171960 768.114624 231.535858 874.390747 289.873566 1.262325 1.564466 4.261350 -6.279167 -8.364890 89.050112 -1.242357 0.841573
Car -1 -1 1.748960 309.786713 202.804520 393.232880 273.554016 1.703804 1.687100 4.263515 -21.665026 -8.977848 90.370931 1.513666 0.827972
Car -1 -1 1.798504 199.161957 213.774063 288.260773 275.431519 1.394126 1.521348 4.241677 -24.931764 -8.844614 89.484644 1.526780 0.950449
Car -1 -1 1.734376 373.068848 201.765884 442.085724 254.600906 1.308235 1.502845 4.258114 -21.705273 -10.418418 98.830166 1.518186 0.672967
Car -1 -1 1.805367 185.033615 198.531586 258.165375 248.448639 1.275598 1.443797 4.239030 -28.483864 -10.747092 99.460266 1.526448 0.377557
