Car -1 -1 -1.645368 956.313538 715.357666 1180.952515 973.811584 0.842838 1.771412 4.223348 1.140946 2.873158 21.811775 -1.593107 4.242101
Car -1 -1 1.856071 197.661057 253.754105 293.053467 315.317749 1.273385 1.441350 4.231604 -21.827758 -7.755738 68.865961 1.549128 1.132714
Car -1 -1 1.740175 509.706299 177.065033 567.881531 221.693726 1.484799 1.679670 4.243499 -18.273091 -15.021513 99.635298 1.558791 0.623361
Car -1 -1 1.846072 269.524841 232.207504 351.664276 287.273468 1.286396 1.373915 4.243130 -21.456540 -9.255828 74.695104 1.566348 0.955993
Car -1 -1 1.685731 621.099060 137.790665 662.067078 171.319839 1.635792 1.891772 4.241567 -18.456250 -23.181614 135.209007 1.550068 0.444343
Car -1 -1 1.902827 107.161057 188.825180 182.655960 231.902863 1.433069 1.527996 4.225912 -34.480442 -13.844516 94.927581 1.554416 0.784411
Car -1 -1 1.731531 517.999878 140.361176 559.033142 170.669281 1.475336 1.646112 4.234434 -25.914360 -24.309972 141.291468 1.550137 0.481064
Car -1 -1 1.713673 564.925049 121.339462 602.098267 153.315674 1.908701 1.816809 4.518740 -26.314174 -28.846914 161.381014 1.552039 0.097150
Car -1 -1 1.690966 601.584290 130.790253 635.346863 157.624008 1.528517 1.798702 4.223598 -22.155607 -26.647798 151.008082 1.545287 0.182665
Car -1 -1 1.658081 674.480896 122.857468 705.037354 148.821747 1.552157 1.776017 4.247425 -18.556051 -29.285595 162.431764 1.544335 0.134923
