Car -1 -1 -1.693743 1164.465332 434.909546 1344.384521 654.410645 1.764874 1.699604 4.978895 3.657259 0.564621 39.462346 -1.601330 2.082630
Car -1 -1 -1.380054 218.601303 634.163208 486.253296 836.066467 0.883572 1.698813 4.262995 -6.519962 2.056391 28.810294 -1.602612 3.066318
Car -1 -1 -1.605857 882.681885 529.003723 1036.562134 715.366577 1.247647 1.650621 4.405019 -0.472687 1.279520 34.943101 -1.619383 2.281661
Car -1 -1 -1.583675 915.935974 341.560211 1018.289368 441.081390 1.311404 1.862811 4.286674 -0.509782 -2.676642 57.449739 -1.592548 1.409344
Car -1 -1 -1.301883 0.306609 842.535217 326.927277 1078.901489 0.956655 1.960969 4.278629 -6.733519 3.649855 21.774647 -1.601792 2.456960
Car -1 -1 -1.518757 733.481628 351.821869 842.218445 444.330292 1.138125 1.786330 4.278887 -4.131168 -2.588683 56.625029 -1.591584 1.471216
Car -1 -1 -1.621886 1062.915527 284.997528 1145.788086 362.307587 1.334483 1.735517 4.267825 2.822664 -4.968529 69.892502 -1.581522 1.239042
Car -1 -1 1.707095 452.633636 236.279709 533.317200 300.121063 1.411392 1.828256 4.248714 -15.660634 -7.975264 87.346934 1.529688 0.704313
Car -1 -1 -1.611116 1053.212646 226.280594 1115.219116 281.940369 1.411964 1.852149 4.251194 3.194044 -9.289105 95.925205 -1.577831 0.745896
Car -1 -1 -1.540027 785.838745 297.128113 865.269165 370.709381 1.170317 1.746245 4.277069 -4.070720 -4.692081 68.402456 -1.599468 1.005846
Car -1 -1 -1.522920 809.910034 247.371582 873.358521 306.881653 1.396539 1.677485 4.268912 -4.641287 -7.653210 86.935446 -1.576258 1.111057
Car -1 -1 -1.621598 891.987122 226.787933 950.104736 277.778503 1.265995 1.704948 4.254529 -2.520515 -9.699971 98.796868 -1.647105 0.682316
Car -1 -1 -1.616116 1016.565369 199.988083 1074.537964 253.955948 1.618872 1.907339 4.420572 2.161569 -11.862148 111.728968 -1.596772 0.422471
Car -1 -1 -1.565340 928.613037 262.527649 1002.894348 355.810730 1.790495 1.777407 4.694020 -0.686271 -5.335699 72.367721 -1.574823 0.499379
Car -1 -1 -1.575733 928.864197 203.230820 979.274475 249.001511 1.390125 1.760976 4.252509 -1.444565 -11.883256 110.885633 -1.588759 0.609465
Car -1 -1 -1.563486 858.805359 185.150314 901.086121 224.066376 1.326966 1.773069 4.253453 -5.161190 -14.958976 129.398015 -1.603351 0.367856
Car -1 -1 -1.620127 984.770630 185.093582 1027.576538 221.232605 1.259161 1.743093 4.252091 0.702631 -15.144250 130.020236 -1.614723 0.516477
Car -1 -1 -1.556808 882.968933 162.105530 919.489563 194.484451 1.502022 1.764116 4.252107 -4.873725 -18.814869 150.970376 -1.589080 0.372220
Car -1 -1 1.704377 502.039429 218.943207 568.691467 276.585510 1.508774 1.646116 4.273112 -16.069080 -9.637826 97.809142 1.541541 0.473635
Car -1 -1 -1.593822 1001.900269 149.293182 1037.131348 188.656021 1.825501 1.657558 4.483052 1.681966 -20.935169 164.391572 -1.583591 0.227010
Car -1 -1 -2.073894 1218.427856 167.755920 1299.702637 214.578125 2.142212 1.756475 4.939125 13.735128 -16.791253 141.929467 -1.977420 0.096623
Car -1 -1 -1.623349 1110.209473 156.622787 1149.701782 183.180450 1.478705 1.932707 4.285686 8.485395 -22.118470 172.835506 -1.574293 0.055169
