Car -1 -1 -1.623359 1155.101318 546.524292 1315.660522 707.534973 0.894907 1.812227 4.290676 3.593578 1.247800 29.856397 -1.503573 2.726863
Car -1 -1 -1.511804 858.623657 633.862183 1047.022217 829.157043 0.798047 1.762587 4.245918 -0.084967 2.150430 24.873484 -1.515220 2.807517
Car -1 -1 -1.436249 686.281311 476.153229 853.093079 661.229797 1.443883 1.672163 4.355729 -2.772531 0.782998 31.147511 -1.525028 1.805791
Car -1 -1 -1.728861 1294.502808 402.892761 1418.371338 507.443024 1.067146 1.618555 4.308277 7.573672 -1.440759 42.607072 -1.552942 1.338344
Car -1 -1 -1.646113 1121.920288 313.476013 1221.745850 417.536865 1.649647 1.921647 4.396067 4.928679 -3.655928 53.028659 -1.553435 1.151738
Car -1 -1 -1.969255 155.202423 401.843201 326.060730 501.440338 1.083745 1.323838 4.280037 -13.855963 -1.427342 41.210457 -2.293606 1.361532
Car -1 -1 -1.864703 577.355225 371.405823 733.690369 505.893555 1.484680 1.433305 4.757781 -6.109745 -1.509989 41.775606 -2.009925 1.434849
Car -1 -1 -1.522120 965.145325 462.220123 1088.684814 579.442444 0.928995 1.734403 4.232156 1.023122 -0.198030 35.834598 -1.493577 2.545939
Car -1 -1 1.781929 637.357056 234.576767 710.125732 289.813293 1.397389 1.618381 4.253632 -10.819812 -9.601657 79.958421 1.647428 0.830772
Car -1 -1 -1.905039 1205.201660 249.487991 1290.616699 297.838562 1.244598 1.642613 4.253242 10.190258 -9.194127 79.314607 -1.777260 0.615018
Car -1 -1 1.762739 683.272583 219.882141 745.391418 272.291962 1.516026 1.525854 4.250798 -10.151521 -11.027659 86.814642 1.646334 0.801437
Car -1 -1 1.821516 516.856445 236.618881 593.342712 292.147949 1.403301 1.510175 4.255204 -14.986642 -9.398382 78.908385 1.633827 1.023734
Car -1 -1 1.868912 430.214905 239.853607 513.189148 290.277069 1.256215 1.561586 4.274189 -18.354568 -9.612929 80.237913 1.644029 1.007127
Car -1 -1 1.743170 718.381958 205.053757 774.357361 251.638550 1.505220 1.561362 4.250863 -9.926929 -13.155753 96.983155 1.641168 0.764614
Car -1 -1 -1.576088 1109.909912 171.779602 1142.442017 200.020462 1.344107 1.870735 4.252356 9.981997 -21.478077 137.008236 -1.503360 0.513895
