Car -1 -1 -1.744516 1281.931152 624.496826 1532.761108 847.503235 1.061473 1.610372 4.518938 4.244036 2.160298 29.064721 -1.599521 1.962955
Car -1 -1 -1.494636 543.280945 660.607605 779.832520 895.120300 1.023609 1.818740 4.248282 -3.160915 2.430187 27.346777 -1.609712 2.131964
Car -1 -1 -1.394200 212.778061 587.629761 476.353516 860.684082 1.525383 1.601804 4.253680 -6.453190 2.196554 28.190471 -1.619236 2.944085
Car -1 -1 -1.611941 937.249329 765.069153 1264.459595 1079.070801 1.997495 1.806656 5.180987 0.643057 4.052777 19.445211 -1.578883 2.343027
Car -1 -1 -1.561125 920.240662 193.076431 974.892578 244.259033 1.580856 1.934882 4.255239 -1.807722 -12.648461 115.714189 -1.576746 0.537768
Car -1 -1 1.703106 448.767059 241.294891 527.980347 298.183929 1.279032 1.713529 4.253489 -15.961385 -8.074501 88.109068 1.523895 0.857523
Car -1 -1 1.796373 237.026001 224.673737 317.578949 296.334076 1.808568 1.387911 4.439062 -23.373947 -8.368340 90.863190 1.544589 0.572944
Car -1 -1 -1.631130 969.447449 656.713623 1194.387085 874.393799 0.807924 1.695398 4.553991 0.768510 2.213638 26.703836 -1.602359 1.161668
Car -1 -1 -1.444463 374.573395 914.572144 717.727661 1078.832886 0.826192 1.757452 4.221189 -3.041144 3.855277 19.892189 -1.596170 4.220079
Car -1 -1 1.823666 143.963120 225.697693 235.511978 287.265198 1.607861 1.740145 4.254642 -27.436682 -9.020697 95.083984 1.542745 0.863421
Car -1 -1 1.755219 374.048218 226.845367 453.727844 281.206696 1.291371 1.619382 4.246027 -19.653879 -9.172635 94.403452 1.549960 0.824079
Car -1 -1 1.699138 483.945801 211.585800 554.721863 279.410736 1.801510 1.529803 4.402812 -16.189589 -9.346409 95.717388 1.531584 0.455203
Car -1 -1 1.768255 286.731323 225.677902 365.252625 279.452911 1.376976 1.523552 4.248339 -23.074342 -9.376866 96.214870 1.532879 0.725594
Car -1 -1 1.748140 336.007599 207.669708 401.953003 259.894684 1.513675 1.481791 4.245922 -23.465773 -10.864194 104.685836 1.527631 0.567188
Car -1 -1 -1.577838 946.317993 138.713699 974.080505 165.005478 1.576131 1.838841 4.289109 -2.200345 -26.958552 200.163989 -1.588831 0.267598
Car -1 -1 -1.814190 1413.888428 923.877319 1831.120117 1080.000000 0.905782 1.902417 4.160408 4.393225 4.051553 20.031788 -1.598295 3.581925
Car -1 -1 -1.559936 896.656250 134.259201 924.417542 158.789078 1.457913 1.798989 4.247177 -5.945887 -27.914011 204.277749 -1.589034 0.265550
