Car -1 -1 -1.653846 1034.871216 812.459595 1275.943726 1051.656616 0.646879 1.668213 4.237823 1.364728 3.258585 24.753977 -1.598770 3.521737
Car -1 -1 2.950820 1176.498779 404.882080 1490.346558 531.807251 1.675097 1.916531 4.787844 5.899198 -0.987074 48.092174 3.072875 4.071738
Car -1 -1 -1.248534 911.903809 307.757599 1024.883789 381.222595 1.212456 1.496169 4.260137 -0.566585 -5.065823 70.383334 -1.256583 1.195425
Car -1 -1 -0.091647 1455.723145 445.188904 1725.000122 558.613892 1.403081 1.812935 3.790418 9.697625 -0.479500 45.015099 0.120540 3.197229
Car -1 -1 -1.506497 633.273193 830.012268 897.225464 1078.389893 1.504644 1.697144 4.397983 -1.732318 4.087623 22.510218 -1.583303 1.824687
Car -1 -1 -1.377883 197.067062 836.849365 536.353149 1078.753174 0.999205 1.871719 4.285731 -5.214238 3.711075 23.665222 -1.594752 2.031785
Car -1 -1 -1.791883 1360.519165 842.295105 1705.976196 1079.048706 0.938500 1.850166 4.248606 4.509056 3.730555 23.792711 -1.604590 3.693023
Car -1 -1 1.751217 421.122955 272.703156 520.952209 361.275848 1.680146 1.591616 4.597306 -13.684800 -5.715558 72.870272 1.565583 0.602066
Car -1 -1 1.662387 652.371582 282.241089 738.014771 367.613281 1.613806 1.690421 4.238246 -7.772495 -5.512665 72.492501 1.555577 1.185542
Car -1 -1 1.789667 325.383881 270.457764 415.424225 346.220825 1.540818 1.400882 4.238391 -17.393310 -6.426627 77.473782 1.568823 1.226347
Car -1 -1 1.721995 483.709686 244.341766 565.964417 324.602356 1.836289 1.603268 4.652232 -13.953241 -7.420180 82.428377 1.554308 0.652429
Car -1 -1 1.709167 518.359070 295.075806 612.910034 371.434113 1.353544 1.620312 4.262554 -10.757611 -5.218807 69.936283 1.556543 1.045008
Car -1 -1 1.787722 263.692963 303.198975 362.253906 381.443726 1.292809 1.395061 4.243137 -17.236142 -5.060608 70.205794 1.546975 1.242526
Car -1 -1 -1.549685 870.788879 180.525787 911.542114 218.604752 1.368259 1.715244 4.236207 -4.802784 -16.409224 131.418120 -1.586214 0.688999
Car -1 -1 1.686134 567.802612 272.063446 645.082397 344.096588 1.461623 1.587233 4.251243 -10.796215 -6.471490 77.559838 1.547825 0.992823
Car -1 -1 1.686919 621.332397 242.912949 679.971985 296.198669 1.298421 1.374618 4.250921 -11.329223 -9.060141 91.519506 1.563755 1.024942
Car -1 -1 -0.602263 509.597748 360.383881 677.311157 443.700836 1.139368 1.786798 3.634742 -8.382246 -2.916599 57.742129 -0.746423 0.519710
Car -1 -1 1.745990 392.597412 263.948517 466.139221 322.844421 1.276955 1.164729 4.276621 -17.238520 -7.644577 84.498440 1.544742 0.640030
Car -1 -1 1.741449 441.227997 175.308472 492.402222 214.867432 1.516746 1.648847 4.271984 -26.137922 -17.305224 137.277989 1.553300 0.376336
Car -1 -1 1.661402 690.239319 263.638000 752.629517 325.669037 1.306494 1.405869 4.254024 -8.065675 -7.381582 82.531354 1.563983 0.794858
Car -1 -1 -1.612601 1084.298706 131.687363 1115.686523 158.512909 1.455755 1.885050 4.232373 7.626680 -28.589787 196.948952 -1.573897 0.207375
Car -1 -1 1.656006 709.381226 248.105530 770.514404 304.127686 1.280092 1.517024 4.247302 -8.114498 -8.642757 89.373202 1.565461 0.631945
Car -1 -1 1.644601 769.457031 191.519058 813.400269 231.120895 1.271527 1.546042 4.247225 -8.825408 -14.627096 121.077455 1.571839 0.426113
Car -1 -1 1.652744 719.187012 203.298111 778.787903 260.217468 1.632039 1.887547 4.254282 -9.471482 -12.050052 107.958463 1.565235 0.376859
Car -1 -1 1.729757 531.898987 244.861649 594.725647 296.686707 1.207410 1.304840 4.223019 -14.494558 -9.266050 93.178778 1.575437 0.500651
Car -1 -1 1.652426 750.614868 199.801743 799.141296 242.024109 1.299896 1.577920 4.237372 -9.049516 -13.577029 115.714995 1.574380 0.282498
