Car -1 -1 -1.698406 1105.833374 578.575928 1324.568359 777.955505 0.758049 1.620383 4.245454 2.764023 1.213040 23.982331 -1.583660 3.279760
Car -1 -1 -1.585695 845.776733 618.416077 1039.930420 827.374207 0.675898 1.632522 4.229746 -0.158912 1.536727 22.528861 -1.592749 3.076485
Car -1 -1 -1.428587 439.087158 654.855408 714.062195 932.325378 0.839745 1.677763 4.304007 -3.316218 2.059547 20.011811 -1.592808 3.258286
Car -1 -1 -2.817367 1370.394409 147.086548 1486.483154 192.160370 1.452036 1.885458 3.947823 20.175247 -15.945425 92.717002 -2.603106 1.159476
Car -1 -1 2.756198 1632.622437 187.844391 1808.212402 251.313873 1.532284 1.876368 4.464781 23.950792 -10.099960 68.588997 3.092154 2.001037
Car -1 -1 1.721858 585.430115 134.448441 637.713989 174.334183 1.389204 1.630532 4.258873 -16.244927 -18.635587 103.560118 1.566262 0.676894
Car -1 -1 2.673046 1836.784302 177.510696 1919.665771 233.336136 1.436584 1.858664 4.171262 32.751657 -11.543643 74.683945 3.086326 0.385192
Car -1 -1 1.689572 659.339844 135.875961 707.580383 171.916061 1.286323 1.640721 4.257790 -12.959399 -18.903731 104.546721 1.566243 0.678877
Car -1 -1 2.769091 1566.367188 175.364563 1703.092651 226.636765 1.419751 1.848283 3.791880 24.132863 -12.156063 77.273480 3.071798 0.763408
Car -1 -1 1.638737 730.349121 124.288704 778.485962 170.900528 1.642455 1.747417 4.283175 -9.549228 -18.913103 104.135504 1.547293 0.444293
Car -1 -1 -1.836180 1145.465698 136.549744 1205.201050 170.529922 1.172581 1.594726 4.299280 11.027270 -19.753161 108.851504 -1.735219 0.348583
Car -1 -1 1.695717 618.320923 118.999763 663.515442 155.549744 1.558471 1.737795 4.267869 -16.780327 -21.836967 116.746569 1.552962 0.531254
Car -1 -1 -1.623550 1092.188477 109.369286 1134.259888 141.787872 1.452554 1.991256 4.223299 9.372600 -24.885118 128.769148 -1.550892 0.347352
Car -1 -1 -1.622779 1072.344727 97.633148 1106.706055 125.715439 1.448946 1.935816 4.251109 8.736103 -28.239809 141.292672 -1.561028 0.374196
Car -1 -1 2.755233 1666.897705 159.525543 1795.689819 204.844604 1.373585 1.879629 4.090831 30.422703 -14.229292 85.543136 3.096925 0.532701
Car -1 -1 1.663558 683.744690 122.151009 725.241455 159.032516 1.368838 1.577387 4.247044 -13.109966 -21.350680 114.400556 1.549459 0.471710
Car -1 -1 -1.623331 1004.429260 78.733917 1032.626831 101.656616 1.468809 1.803647 4.271355 5.185652 -37.538654 178.686470 -1.594318 0.148285
