Car -1 -1 -0.130869 1653.815674 433.672577 1914.365967 547.000183 1.415653 1.826220 5.233504 14.159426 -0.729711 47.316643 0.159898 0.945169
Car -1 -1 1.824943 50.334293 484.909546 234.874313 621.894653 1.171205 1.426775 4.340375 -12.743005 0.181748 41.757728 1.528754 2.571264
Car -1 -1 -1.749781 1327.566284 746.085938 1602.132080 1006.183533 0.964818 1.601384 4.218677 4.254988 3.015691 25.547717 -1.584745 3.236203
Car -1 -1 1.233592 738.043030 330.479370 873.877014 420.939606 1.285481 1.538184 4.404248 -4.217589 -3.673632 61.717986 1.165362 0.953157
Car -1 -1 -1.647363 1032.059204 823.970337 1280.520752 1076.996094 0.758621 1.720448 4.242941 1.323572 3.393903 23.954049 -1.592165 2.577986
Car -1 -1 1.827640 182.054947 342.866425 302.128632 430.349884 1.245322 1.327150 4.222658 -16.709474 -3.462451 61.830469 1.563699 1.569537
Car -1 -1 1.789586 278.534149 365.679413 401.533813 460.967010 1.213845 1.379671 4.245153 -13.424287 -2.650591 57.141624 1.558840 1.646943
Car -1 -1 -1.512434 648.742126 815.485352 925.307129 1078.579834 1.256178 1.894759 4.432030 -1.592063 3.746594 23.058895 -1.581367 2.123538
Car -1 -1 -1.392679 268.100159 808.018555 531.894958 1049.587280 0.637183 1.419228 4.234192 -5.096767 3.169581 24.301415 -1.599414 2.189447
Car -1 -1 1.706707 489.106445 318.953461 592.818604 414.451294 1.504355 1.632672 4.243508 -10.441964 -3.925008 64.102816 1.545231 1.392543
Car -1 -1 1.735696 400.614655 307.957062 489.138489 380.953552 1.273317 1.458979 4.236815 -13.914720 -5.015778 70.337976 1.540391 1.257990
Car -1 -1 1.722758 564.513367 278.643677 641.870972 343.200439 1.290390 1.475968 4.242887 -11.041868 -6.588665 78.637667 1.583256 1.122805
Car -1 -1 1.752989 396.124451 257.535675 472.297180 319.297455 1.329230 1.407476 4.248505 -17.268000 -7.885696 85.708008 1.554176 1.102663
Car -1 -1 1.723355 492.505707 257.491486 569.431274 314.133911 1.251658 1.571547 4.259290 -14.470587 -8.110876 86.893536 1.558337 0.988226
Car -1 -1 -1.597069 1057.122803 259.494019 1121.871460 316.430847 1.221100 1.766380 4.256060 3.034567 -8.028794 86.642769 -1.562059 0.943011
Car -1 -1 1.770704 263.980133 301.918732 366.178101 375.397949 1.321134 1.505811 4.236714 -17.410854 -5.204171 71.163437 1.530758 1.068708
Car -1 -1 1.686488 558.658936 224.480057 620.409607 275.570099 1.385413 1.661187 4.260725 -14.457444 -10.515714 99.382389 1.542028 0.789841
Car -1 -1 1.645091 679.738281 266.628540 752.828796 329.614380 1.291108 1.697618 4.253744 -8.084067 -7.174472 81.231949 1.545900 1.195100
Car -1 -1 1.655102 648.405762 214.801300 711.862793 274.709778 1.654874 1.771872 4.273168 -11.251725 -10.610527 99.644121 1.542659 0.683125
Car -1 -1 1.749205 453.361786 234.023178 517.976135 284.937469 1.317194 1.364360 4.261104 -17.625614 -9.895660 96.325345 1.568227 0.620795
Car -1 -1 1.723809 507.722290 206.337189 569.103821 255.459747 1.440057 1.639345 4.236613 -18.664239 -12.871283 113.735744 1.561156 0.433677
Car -1 -1 -1.555118 902.363037 154.587692 939.141418 188.042969 1.502329 1.866700 4.243350 -4.025416 -20.974177 155.342251 -1.581025 0.438070
Car -1 -1 1.636412 728.067017 224.225601 790.744934 285.526947 1.537755 1.714525 4.238949 -7.994741 -9.798092 95.092237 1.552536 0.898979
Car -1 -1 1.670942 585.737915 178.401154 627.896057 217.032379 1.391940 1.465386 4.255491 -18.449056 -16.552317 132.045011 1.532123 0.360398
Car -1 -1 1.687157 554.797241 196.244629 605.249878 235.048523 1.362859 1.494836 4.265638 -17.951807 -14.234990 119.857227 1.538485 0.419515
Car -1 -1 1.686552 617.347290 191.757248 668.306274 235.912689 1.518441 1.607278 4.266746 -15.236847 -14.257442 120.041998 1.560298 0.377668
Car -1 -1 1.703301 587.651550 213.134659 644.286926 256.706909 1.259097 1.479682 4.237013 -14.647845 -12.069807 107.682177 1.568102 0.438717
Car -1 -1 -1.603194 1101.796997 156.310516 1146.211060 188.148575 1.615730 1.851008 4.225701 8.059951 -22.872470 170.252746 -1.555888 0.061522
