Car -1 -1 2.805820 1403.496094 359.028625 1622.817505 459.179840 1.550831 1.834686 3.713397 11.982400 -2.379740 46.029367 3.060488 4.578904
Car -1 -1 -1.616977 983.200989 805.269775 1189.722046 1048.251831 0.649703 1.611225 4.156490 1.291223 3.371143 20.658313 -1.554555 2.255945
Car -1 -1 2.987514 1107.401245 340.998413 1332.706543 425.724701 1.393457 1.861225 4.494361 6.224057 -3.200627 49.133339 3.113519 3.257391
Car -1 -1 -0.113539 858.240234 400.835693 1138.516968 503.201080 1.323130 1.873711 4.666354 1.024917 -1.378647 40.529978 -0.088257 4.167630
Car -1 -1 0.301101 0.000000 358.060852 140.536148 467.568115 1.530453 1.872971 4.041847 -17.553577 -1.994019 41.285440 -0.100918 1.133441
Car -1 -1 3.038718 841.799927 364.271362 1094.583008 461.120300 1.341742 1.858010 4.415352 0.426546 -2.348225 44.377771 3.048329 2.274628
Car -1 -1 1.845016 289.439392 259.892365 384.570099 325.127075 1.263952 1.428241 4.233220 -17.646046 -6.970156 64.104922 1.576401 1.619089
Car -1 -1 3.088589 484.754944 337.027954 700.396301 423.678223 1.302580 1.861418 4.121686 -8.009412 -3.362908 49.740670 2.928936 0.837872
Car -1 -1 1.909121 62.810139 255.467941 173.372330 321.813446 1.291299 1.533803 4.348952 -24.901067 -7.346255 66.485778 1.550760 1.079605
Car -1 -1 3.078889 509.508850 352.091980 766.203430 466.935638 1.534164 1.914104 4.666058 -6.057066 -2.250039 43.939050 2.941901 3.705308
Car -1 -1 2.696280 1792.931519 368.368500 1918.463379 467.500244 1.350604 1.823317 3.748685 20.514926 -2.335124 46.388643 3.112663 0.627120
Car -1 -1 1.854174 193.812256 253.019745 292.351532 318.598694 1.322883 1.502016 4.245125 -21.314482 -7.474103 67.037701 1.546334 1.350162
Car -1 -1 1.787820 387.170166 197.381302 448.368744 241.518784 1.313835 1.426509 4.225011 -21.597452 -12.890667 90.524834 1.553618 0.659548
Car -1 -1 1.869367 165.683792 229.946457 254.092178 288.021179 1.354853 1.483133 4.244391 -25.027427 -9.276969 75.115544 1.547749 1.178737
Car -1 -1 1.854859 242.624481 210.237549 321.303558 260.602478 1.277998 1.520347 4.249640 -25.660019 -11.568202 85.310914 1.562684 0.755781
Car -1 -1 1.680223 597.793884 152.845398 640.935059 184.961227 1.405883 1.751713 4.245867 -18.899128 -21.391041 129.001033 1.534754 0.525404
Car -1 -1 1.803670 314.921570 211.683838 389.218506 263.789642 1.303185 1.429340 4.244220 -22.070498 -10.989541 82.089162 1.541021 0.871256
Car -1 -1 1.829877 250.049973 232.480942 330.524872 290.657562 1.375405 1.319563 4.241101 -21.894735 -9.055422 73.743973 1.541265 1.004637
Car -1 -1 0.351363 72.394814 126.372910 171.665726 173.568634 2.377749 2.179154 4.620527 -50.768742 -23.146652 135.637607 -0.006791 0.187164
Car -1 -1 -1.857610 1389.957031 926.095337 1851.754395 1079.651733 0.954561 2.063681 4.277711 5.188095 4.400883 17.571661 -1.570513 2.438073
Car -1 -1 -1.702761 1137.391968 140.364349 1171.356201 167.119873 1.251483 1.459485 4.238402 13.701735 -24.341333 140.568478 -1.605594 0.340663
Car -1 -1 1.671517 617.230530 130.924866 656.128174 163.903137 1.763354 1.854713 4.287187 -19.945185 -25.018247 143.611923 1.533518 0.250097
