Car -1 -1 -1.718525 1189.786865 591.934875 1384.089600 750.779053 0.884448 1.684580 4.262347 3.630589 1.509468 34.810403 -1.614605 2.299681
Car -1 -1 -1.525299 761.121765 561.955750 922.238403 739.364990 1.225145 1.862421 4.268398 -1.900286 1.450344 35.837667 -1.578274 3.608969
Car -1 -1 1.799666 255.136200 313.179504 363.125366 390.069794 1.304226 1.482774 4.237538 -16.897746 -4.691269 68.572276 1.558057 1.358951
Car -1 -1 -1.634822 1012.890381 777.155029 1237.938721 1005.919739 0.777779 1.705251 4.245096 1.143090 3.105614 25.913207 -1.590738 2.360768
Car -1 -1 -1.678701 1144.978516 417.724426 1274.454834 523.481201 1.109187 1.685755 4.232627 3.847581 -1.294075 49.502426 -1.601132 1.948647
Car -1 -1 -1.588485 975.361694 364.207336 1062.437134 452.582275 1.197186 1.625066 4.251058 0.533978 -2.822538 58.312813 -1.579329 1.700616
Car -1 -1 -1.541012 823.065308 317.264618 908.138611 406.030090 1.454389 1.823079 4.240769 -2.990699 -4.185944 65.815792 -1.586421 1.002992
Car -1 -1 1.671768 641.781738 304.571075 720.669678 379.294708 1.278950 1.450690 4.241180 -7.871320 -5.070422 70.197159 1.560103 1.122577
Car -1 -1 -1.544641 890.167725 207.986542 940.237549 252.578827 1.326978 1.756368 4.254498 -3.053794 -12.472909 109.910895 -1.572419 0.812117
Car -1 -1 -1.605166 1039.652588 251.401245 1103.183472 311.484467 1.394128 1.779507 4.243289 2.494991 -8.253361 87.835984 -1.576768 1.205693
Car -1 -1 -1.580245 983.278015 301.826416 1061.117920 368.407684 1.180559 1.833021 4.259875 0.766961 -5.481220 72.470995 -1.569662 1.334988
Car -1 -1 -1.560289 973.849060 224.984177 1026.740967 272.205048 1.270689 1.759917 4.239903 0.286795 -10.894153 101.774683 -1.557471 0.816839
Car -1 -1 1.673262 598.311035 207.958893 654.321838 252.564697 1.332339 1.630615 4.250063 -14.460801 -12.413965 109.363262 1.541797 0.775874
Car -1 -1 -1.542642 868.869202 185.604614 911.173706 222.714600 1.384174 1.736246 4.252632 -4.838632 -16.148556 131.060628 -1.579545 0.794064
Car -1 -1 -1.564778 942.888062 148.703079 975.383423 177.391830 1.394798 1.793182 4.254658 -2.057028 -23.696388 170.993394 -1.576807 0.390304
Car -1 -1 -1.605136 1079.223267 125.107437 1108.822998 151.132202 1.505308 1.767441 4.229009 7.401378 -29.282712 198.687098 -1.567902 0.090728
Car -1 -1 1.657405 677.868591 280.354095 753.431335 348.099976 1.307199 1.594317 4.241846 -7.696256 -6.353173 77.142566 1.557968 0.575444
