Car -1 -1 -1.524948 638.128418 728.677979 873.162048 985.669617 0.828136 1.770990 4.276534 -2.259645 2.774667 24.480150 -1.616993 2.881745
Car -1 -1 -1.385662 134.205063 793.600952 448.244324 1057.070435 0.682012 1.596679 4.233311 -5.911422 3.097322 23.068992 -1.636514 3.944157
Car -1 -1 1.844293 85.353035 237.793518 191.286560 311.225647 1.391495 1.560686 4.286746 -24.387757 -6.755401 77.129869 1.538049 1.165584
Car -1 -1 1.781603 256.312775 201.788864 334.515259 256.523529 1.354450 1.606635 4.261716 -25.347409 -10.226034 97.520674 1.527312 0.879663
Car -1 -1 -1.558665 822.286621 180.271179 870.945312 223.356140 1.334557 1.788257 4.261833 -7.361171 -13.687899 118.781796 -1.620558 0.588876
Car -1 -1 1.752995 345.445038 175.017563 408.000061 220.270416 1.340497 1.579527 4.255410 -26.218720 -13.219590 113.503182 1.525981 0.635583
Car -1 -1 1.808153 143.050232 179.256165 210.932800 225.130142 1.404394 1.413642 4.267248 -33.916272 -12.832530 111.966090 1.514024 0.620512
Car -1 -1 1.765270 214.521301 179.894608 279.528961 226.388153 1.386585 1.546612 4.255594 -31.208867 -12.869761 112.575151 1.494834 0.576759
Car -1 -1 1.731351 404.579285 158.568634 461.411713 203.428009 1.495040 1.735292 4.262996 -26.794943 -15.509106 127.036252 1.523475 0.475573
Car -1 -1 1.770967 306.849701 158.935242 366.728302 205.386658 1.498185 1.693461 4.284643 -30.150284 -14.935955 123.003282 1.530589 0.360725
Car -1 -1 -1.578589 879.079529 152.437729 915.941345 184.592804 1.317593 1.753326 4.252693 -6.696937 -19.741377 154.248523 -1.621979 0.279769
