Car -1 -1 -1.675913 995.960144 332.859406 1094.612427 411.133392 1.185628 1.785905 4.273946 1.187540 -4.023477 64.987253 -1.657642 0.971655
Car -1 -1 -1.545062 824.073669 430.125275 939.004150 541.976562 1.077835 1.748948 4.244511 -1.890097 -1.002986 47.779057 -1.584601 2.095924
Car -1 -1 -1.399637 297.355713 779.523376 564.451172 1003.799377 0.675676 1.549441 4.251032 -5.067036 3.015092 25.502763 -1.595768 2.206813
Car -1 -1 -1.637753 985.698547 914.164429 1289.872192 1078.676758 0.920903 1.827235 4.262097 0.987581 4.020735 21.475395 -1.591799 3.959398
Car -1 -1 -1.611897 1069.328491 293.332001 1141.049316 360.991150 1.233384 1.623051 4.250892 3.051053 -5.877521 75.078926 -1.571282 1.543196
Car -1 -1 -1.613257 1029.513062 214.266861 1082.398071 261.415161 1.398601 1.788585 4.257055 2.484966 -11.971962 108.379821 -1.590333 0.812335
Car -1 -1 -1.560270 882.306824 199.330917 929.325500 240.835205 1.340408 1.793881 4.245564 -3.662861 -13.806880 117.552047 -1.591420 0.913686
Car -1 -1 -1.597119 1021.574829 185.586823 1067.835083 228.806137 1.493623 1.892423 4.229463 2.338801 -15.038199 123.848342 -1.578237 0.595073
Car -1 -1 -1.574521 942.297913 182.873352 984.395935 220.934891 1.379305 1.773544 4.241871 -1.393257 -16.317338 131.550914 -1.585112 0.740079
Car -1 -1 -1.578155 977.364563 134.685654 1004.482117 158.891800 1.413261 1.729408 4.265050 -0.114069 -29.067694 201.035572 -1.578722 0.341630
Car -1 -1 -1.557138 886.332275 141.712570 916.289917 169.000793 1.394035 1.807072 4.262441 -6.073028 -26.128973 184.701248 -1.590006 0.428694
Car -1 -1 -1.562940 935.519653 148.363724 967.904724 178.520065 1.507765 1.783535 4.246943 -2.553449 -23.843913 172.603333 -1.577732 0.370388
Car -1 -1 -1.588674 998.892639 156.874893 1033.709717 187.501480 1.389124 1.777253 4.234457 1.382750 -21.058956 155.890614 -1.579804 0.344602
Car -1 -1 -1.603438 1092.232788 136.409653 1124.939941 162.382309 1.514903 1.883656 4.237456 8.016508 -27.361536 190.785972 -1.561445 0.087738
Car -1 -1 1.664643 652.190186 150.814423 690.720032 180.596603 1.463091 1.793165 4.257630 -19.390463 -22.919292 166.748399 1.548877 0.178067
