Car -1 -1 -1.689052 1065.960449 819.834045 1375.851318 1079.466797 1.039146 1.815277 4.324838 1.543490 3.682593 23.056807 -1.622209 2.601525
Car -1 -1 -1.301773 0.205269 688.925659 187.954407 981.531494 1.217363 1.947488 4.232249 -9.122856 2.828973 25.033312 -1.651243 3.476428
Car -1 -1 1.749274 306.587524 207.134964 392.808624 277.215118 1.594381 1.725888 4.271194 -21.301628 -8.728942 88.617903 1.513373 0.758805
Car -1 -1 1.752493 274.378601 194.836365 343.062927 248.762344 1.330488 1.326696 4.252480 -25.509241 -10.771566 99.917427 1.502529 0.673837
Car -1 -1 1.778950 166.058701 196.240540 241.847656 248.207840 1.311392 1.492712 4.257707 -29.127916 -10.700797 99.517252 1.494212 0.912485
Car -1 -1 1.794602 116.264603 205.070312 201.130264 263.068207 1.357476 1.578992 4.261539 -28.918618 -9.589623 93.366302 1.494240 0.825660
Car -1 -1 1.733710 384.875885 185.689819 449.350464 240.834839 1.564482 1.545651 4.250466 -22.304188 -11.342778 103.395173 1.521248 0.770041
Car -1 -1 1.769896 235.726944 182.797516 294.867584 230.434006 1.360380 1.297191 4.271709 -28.841428 -11.944777 106.465895 1.505347 0.454908
Car -1 -1 1.743807 355.228058 200.855484 421.705231 254.333527 1.280843 1.453935 4.251201 -21.992629 -10.250721 97.001258 1.520851 0.609749
Car -1 -1 1.772928 297.397034 170.524475 358.151978 214.676743 1.318373 1.384660 4.267292 -29.388838 -13.999243 117.999272 1.528834 0.315732
Car -1 -1 1.809168 166.921646 180.186768 238.291458 225.772720 1.386742 1.576073 4.256771 -33.325349 -13.203673 113.433816 1.523421 0.213720
