Car -1 -1 -0.593610 384.310242 387.714508 625.372925 485.748871 1.167493 1.827662 4.066392 -9.342600 -2.020627 53.201857 -0.767444 3.277935
Car -1 -1 -1.078467 759.923767 327.540710 907.203308 408.293488 1.185420 1.488935 4.210320 -3.674027 -4.102690 64.712702 -1.135181 0.969009
Car -1 -1 -1.394344 322.536621 803.365173 590.145386 1044.560303 0.690339 1.498229 4.219439 -4.635175 3.171636 24.485179 -1.581436 2.492953
Car -1 -1 -1.752367 1333.643311 759.338440 1607.931152 979.643005 0.690208 1.645338 4.365605 4.417087 2.897685 26.208202 -1.585397 2.764500
Car -1 -1 -1.515775 699.103394 850.022156 932.244568 1079.705566 1.056937 1.602221 4.216800 -1.382523 3.869722 23.192681 -1.575314 4.078446
Car -1 -1 1.805173 245.770554 298.350006 363.880280 388.227539 1.579514 1.689505 4.264470 -17.122731 -4.803891 69.056463 1.562122 1.315591
Car -1 -1 1.761820 390.025177 312.473633 490.592743 387.004974 1.234345 1.555844 4.239425 -13.756129 -4.818137 69.008561 1.565059 1.244005
Car -1 -1 0.133933 1.245208 399.259918 153.692963 531.137573 1.716151 1.858606 4.194070 -17.236670 -1.012272 48.677116 -0.206392 1.544875
Car -1 -1 1.709144 509.697052 309.433960 602.312805 385.553741 1.281569 1.609427 4.239768 -10.942608 -4.880966 69.479832 1.552934 1.346158
Car -1 -1 -1.664112 1045.336426 839.448547 1319.014404 1079.132935 1.027765 1.783685 4.447495 1.500801 3.791724 23.613632 -1.600641 2.051690
Car -1 -1 1.669966 640.110840 297.925568 731.093628 375.083374 1.348349 1.787415 4.262842 -7.848512 -5.234673 71.010076 1.559886 1.163231
Car -1 -1 -1.497084 918.454407 282.264709 997.028076 347.540100 1.210004 1.778152 4.262283 -0.912008 -6.351367 76.762643 -1.508964 1.219560
Car -1 -1 -1.575492 966.452820 232.535614 1023.448975 289.575775 1.476178 1.763769 4.235793 0.088613 -9.685490 95.708103 -1.574567 0.857066
Car -1 -1 -1.553041 865.648315 211.447113 914.848572 257.596649 1.350827 1.639291 4.253079 -4.069846 -12.391391 110.667295 -1.589800 0.738066
Car -1 -1 1.700455 557.485962 263.940094 635.028137 351.765381 1.768307 1.372481 4.564027 -10.922242 -6.237054 76.513750 1.558664 0.582862
Car -1 -1 1.734810 443.741455 285.027863 525.957092 353.176483 1.281403 1.417243 4.245219 -14.098649 -6.212065 76.933391 1.553563 1.133160
Car -1 -1 1.664848 658.164429 260.249481 742.574585 334.708588 1.529316 1.866491 4.246561 -8.345615 -6.889076 79.203477 1.559866 1.367425
Car -1 -1 1.729074 492.321106 260.430511 568.426819 319.778229 1.289675 1.554226 4.238162 -14.149405 -7.757950 84.780435 1.563703 0.945643
Car -1 -1 -1.534469 918.387817 257.642914 981.305908 311.890717 1.209304 1.668851 4.252530 -1.361750 -8.287421 87.842254 -1.549970 0.890122
Car -1 -1 1.676359 599.850281 250.122833 665.862366 314.402832 1.492628 1.502959 4.243248 -11.201131 -8.020933 86.202178 1.547143 0.821232
Car -1 -1 1.691905 566.047729 218.781860 627.856506 264.072327 1.182487 1.574596 4.251799 -14.547414 -11.155336 101.581484 1.549663 0.540783
Car -1 -1 1.680939 543.497986 237.708176 604.984863 288.271759 1.203691 1.398978 4.233302 -14.086157 -9.511451 93.399141 1.531251 0.474117
