Car -1 -1 -1.378931 217.831055 634.593323 486.102051 836.157227 0.882008 1.685195 4.269960 -6.497895 2.050916 28.693875 -1.601631 3.007357
Car -1 -1 2.696208 265.822632 341.056458 552.569824 471.487274 1.600452 2.000606 4.603400 -11.049205 -2.015176 52.713706 2.489592 3.492423
Car -1 -1 -1.463534 540.663757 680.143494 782.973083 905.875732 0.894592 1.762210 4.226108 -3.082002 2.480497 26.890478 -1.577649 2.782287
Car -1 -1 -1.747933 1324.402832 603.955811 1584.116821 880.415405 1.399868 1.569922 4.486534 4.556332 2.296744 28.054265 -1.586927 2.482887
Car -1 -1 -1.296081 0.000000 840.936157 326.705750 1079.108643 0.951315 1.947438 4.274910 -6.740162 3.641204 21.789503 -1.596076 2.439522
Car -1 -1 1.860612 110.270767 245.420425 200.326279 302.779938 1.302779 1.364586 4.240257 -26.788301 -8.010149 88.938316 1.568054 0.696954
Car -1 -1 1.748416 352.390076 240.438599 433.257446 294.297729 1.238566 1.648788 4.268066 -19.641012 -8.443684 91.030236 1.535910 0.844316
Car -1 -1 1.798062 265.648560 232.904770 348.519867 287.930939 1.364631 1.573506 4.257491 -22.958783 -8.805129 93.075076 1.556221 0.715236
Car -1 -1 1.748913 332.711975 215.395447 400.045441 266.175079 1.343777 1.443757 4.241935 -23.422587 -10.593064 104.013366 1.527419 0.510806
Car -1 -1 1.742542 440.061371 214.445923 521.463745 299.423584 1.886354 1.616581 4.643855 -16.484602 -8.317871 89.812859 1.561019 0.296827
Car -1 -1 1.730142 395.099213 216.898163 468.380035 276.424347 1.519902 1.636171 4.273027 -19.798762 -9.708864 98.168160 1.531129 0.519066
Car -1 -1 1.681857 496.391205 221.907242 550.853821 272.424225 1.300457 1.463693 4.250908 -16.603224 -9.797416 98.344870 1.514607 0.664236
Car -1 -1 1.703973 526.716431 211.935410 586.804993 260.509338 1.270886 1.533666 4.232062 -16.251229 -10.750760 103.583174 1.548351 0.577283
Car -1 -1 1.664382 588.475525 148.329926 626.126282 177.893280 1.498328 1.774453 4.274707 -24.974101 -23.555641 180.397204 1.526817 0.222681
