Car -1 -1 -1.366293 292.264435 628.174927 550.696228 844.431580 0.926541 1.762085 4.257550 -5.598472 2.116946 24.211645 -1.593530 4.187266
Car -1 -1 -1.571088 462.627045 468.276459 606.722046 621.472473 1.104631 1.785926 4.242934 -6.073265 0.147195 32.827082 -1.754027 2.158660
Car -1 -1 -1.401998 1277.389038 367.011017 1400.045898 475.805023 1.353512 1.629869 4.227779 8.253876 -2.205170 44.952358 -1.220406 1.709106
Car -1 -1 -2.026563 280.905701 401.033783 502.493011 536.883545 1.302292 1.457561 4.869646 -9.890365 -1.085317 39.174296 -2.273866 1.075566
Car -1 -1 -1.798515 1312.637573 665.756897 1566.042969 895.446533 0.921791 1.600293 4.265862 5.469631 2.586446 24.644726 -1.580116 2.720647
Car -1 -1 1.134931 394.993927 340.416870 548.771790 438.857330 1.310191 1.352619 4.254068 -10.185251 -3.009052 47.495279 0.923683 0.807589
Car -1 -1 -1.576479 1002.829224 225.620392 1062.625732 279.746765 1.307243 1.832502 4.232014 3.285453 -9.878938 77.726706 -1.534235 1.014241
Car -1 -1 -1.606046 929.143311 191.608139 976.159180 239.633560 1.545885 1.801834 4.261940 0.497510 -13.346119 93.317392 -1.600714 0.741422
Car -1 -1 -1.714166 1219.145020 180.536804 1270.708862 217.470779 1.313859 1.643021 4.243710 14.379314 -15.763461 103.713845 -1.576400 0.677169
Car -1 -1 1.693251 591.182861 135.047867 628.981262 163.537048 1.425224 1.788379 4.232273 -22.250305 -25.728629 147.183583 1.543213 0.448510
Car -1 -1 -1.605255 930.276123 118.426971 956.966553 143.251862 1.573244 1.891751 4.251996 0.219046 -31.914846 174.552143 -1.604000 0.236443
Car -1 -1 -1.726890 1164.306763 143.715805 1211.705933 183.371353 1.695398 1.816818 4.299639 13.918177 -20.575399 123.452148 -1.614622 0.265247
Car -1 -1 -1.581562 895.957703 103.630981 916.027893 123.576126 1.695259 1.803694 4.293434 -3.307100 -39.476244 207.150709 -1.597525 0.156927
Car -1 -1 1.660162 676.054626 120.869011 704.957092 145.374420 1.414232 1.647005 4.247056 -18.896066 -30.193056 165.796048 1.546680 0.249037
Car -1 -1 -1.731813 1135.907104 132.952362 1172.134888 161.554993 1.405477 1.595538 4.229177 13.915602 -25.144991 143.333633 -1.635031 0.233697
