Car -1 -1 -1.391837 587.465942 600.216553 779.508606 769.554382 0.692155 1.490908 4.228828 -3.369196 1.709839 26.449032 -1.518539 2.492861
Car -1 -1 -1.510398 862.127075 645.481873 1054.350830 836.024719 0.636222 1.713868 4.262899 -0.033454 2.127107 24.185688 -1.511782 2.793378
Car -1 -1 -2.795432 410.147156 328.342773 614.316711 403.037048 1.311343 1.870348 4.044653 -11.041165 -3.768995 52.631621 -3.002215 2.860081
Car -1 -1 2.916878 1553.632568 302.140350 1781.429688 386.289276 1.575680 1.949743 4.779362 17.996087 -4.438428 56.039244 -3.055576 1.727656
Car -1 -1 -3.102970 890.645081 312.826965 1096.284424 397.766449 1.503415 1.925425 4.727139 0.591791 -3.942154 52.897476 -3.091783 1.986553
Car -1 -1 -1.768972 1429.448608 696.773376 1674.377563 913.805176 0.627556 1.473433 4.259681 5.939176 2.612086 22.610224 -1.512099 3.991466
Car -1 -1 2.874384 1645.333862 338.302246 1910.632324 438.065552 1.717389 1.977077 4.885795 17.781350 -2.692265 47.707649 -3.052036 2.356458
Car -1 -1 -1.271768 315.207458 571.603516 563.112488 762.407166 0.902692 1.481944 4.296046 -6.187447 1.569911 26.082511 -1.504689 2.947317
Car -1 -1 -1.636436 1161.047485 643.214233 1367.712158 867.254211 0.844143 1.747328 4.429401 3.119670 2.322432 23.779322 -1.505988 2.248871
Car -1 -1 -2.560241 0.000000 294.404694 152.148788 375.527954 1.649277 1.914468 4.713088 -24.848439 -4.854448 58.239555 -2.963517 0.489114
Car -1 -1 0.348852 156.238495 340.028320 381.398834 422.325500 1.360203 1.893354 4.118513 -16.118041 -3.193491 50.138223 0.037814 3.532483
Car -1 -1 2.779772 872.809937 441.766510 1164.907593 558.828796 1.164213 1.929860 4.160192 0.851354 -0.387270 36.901158 2.802839 4.475775
Car -1 -1 -2.946188 570.456360 294.677216 750.855713 366.770538 1.497924 1.899283 4.173495 -8.227285 -5.030742 58.275418 -3.086441 1.911137
Car -1 -1 -3.019521 998.380737 288.932678 1182.351074 377.045044 1.676341 1.914881 4.420633 3.207824 -4.783545 57.490828 -2.963782 1.369408
Car -1 -1 2.933351 912.929504 399.978943 1192.578979 497.751770 1.244091 1.911817 4.610724 1.596779 -1.405954 41.683645 2.971639 3.325075
Car -1 -1 -1.150288 3.768042 790.262817 368.512451 1080.000000 0.895176 2.104824 4.309395 -6.996918 3.495497 18.878025 -1.505229 4.650385
Car -1 -1 -1.460892 687.199036 875.457520 1009.469543 1079.139893 0.967756 1.811918 4.260413 -0.791389 4.105759 17.109402 -1.507114 2.540280
Car -1 -1 2.607030 198.931854 437.025757 533.329346 595.039612 1.244414 1.896425 4.353509 -9.180331 0.014098 32.898787 2.334904 2.599681
Car -1 -1 2.471047 183.214020 473.557892 514.889343 664.544006 1.303548 1.876705 4.194499 -8.331657 0.571223 30.161105 2.201530 1.826839
