Car -1 -1 -1.765130 1305.529541 683.693176 1549.416870 893.366272 0.853093 1.487911 4.268646 4.352888 2.524053 28.298535 -1.612506 1.817534
Car -1 -1 -1.459735 542.979187 606.098206 786.636597 881.747070 1.455863 1.751034 4.290133 -3.089481 2.306402 27.400721 -1.572013 2.657825
Car -1 -1 1.863415 120.446213 240.906754 213.434357 299.942352 1.375449 1.539932 4.254084 -26.828341 -8.229532 90.387154 1.574882 0.729097
Car -1 -1 1.767173 346.007263 227.970840 433.429413 294.282440 1.634981 1.725311 4.254331 -19.484552 -8.348910 90.059856 1.554105 0.849043
Car -1 -1 1.733836 436.951996 232.888199 519.369019 298.631012 1.524600 1.678373 4.243920 -16.211087 -8.038099 87.759439 1.551173 0.742119
Car -1 -1 1.799059 248.528198 235.302719 335.745331 291.223755 1.334149 1.632184 4.246005 -23.147998 -8.614440 91.918893 1.552358 0.726412
Car -1 -1 -1.699978 1218.140259 182.950729 1269.418213 225.046036 1.536508 1.718453 4.288473 11.951032 -15.064934 130.896350 -1.608929 0.365116
Car -1 -1 -2.735123 1830.104370 203.419373 1918.759766 250.012573 1.368767 1.828789 3.698648 35.981829 -11.837271 110.434698 -2.420149 0.212363
Car -1 -1 -1.564283 899.225403 135.267380 928.370789 162.462372 1.678397 1.818251 4.294868 -5.629480 -27.674740 204.072389 -1.591861 0.252299
Car -1 -1 -1.567016 936.512451 142.267212 967.047791 169.809174 1.460347 1.814823 4.247381 -2.672244 -25.297905 189.845141 -1.581091 0.309529
Car -1 -1 -1.591373 987.180908 148.528870 1018.570190 177.669998 1.492676 1.739353 4.260158 0.787275 -22.818915 174.792224 -1.586869 0.283181
Car -1 -1 -1.818460 1197.947388 169.895828 1254.284302 203.900711 1.424325 1.608149 4.249391 12.367058 -17.898051 146.827599 -1.734430 0.096076
