Car -1 -1 -2.644411 1692.819946 340.503479 1895.406006 425.074890 1.234646 1.822124 3.899351 18.182740 -3.594821 62.686243 -2.362099 2.021294
Car -1 -1 -1.741899 1232.956665 628.042786 1441.293701 806.324646 0.879062 1.604179 4.221156 3.920688 1.902663 32.135887 -1.620495 3.022228
Car -1 -1 -1.539020 762.192505 555.650452 913.148132 703.839172 0.956050 1.777857 4.251605 -2.027343 1.099803 36.819765 -1.594026 2.929336
Car -1 -1 1.984515 2.689831 292.185455 128.898071 363.128113 1.329175 1.491699 4.262998 -25.242409 -5.831481 75.314860 1.661123 1.454439
Car -1 -1 -1.617263 1053.218384 257.524292 1127.331055 323.548157 1.456245 1.905510 4.261951 2.947758 -7.612958 84.298445 -1.582309 1.048744
Car -1 -1 -1.546983 831.856018 326.165924 914.521240 404.710510 1.233528 1.728617 4.238402 -2.829715 -4.235716 66.193063 -1.589706 1.522930
Car -1 -1 -1.596540 967.621399 343.891113 1057.087280 425.021851 1.162534 1.790735 4.243810 0.412987 -3.552146 61.822724 -1.589860 1.509971
Car -1 -1 1.657874 639.314331 299.417114 728.591858 389.103912 1.561984 1.704378 4.258471 -7.530780 -4.690046 67.843288 1.547324 0.868042
Car -1 -1 -1.578791 953.844177 230.636581 1012.979797 291.245544 1.565057 1.872109 4.235137 -0.317671 -9.597430 95.129248 -1.582130 1.099444
Car -1 -1 -1.549284 875.230164 198.086731 922.905823 245.229065 1.490072 1.792244 4.239307 -3.870763 -13.333784 114.866436 -1.582969 0.765265
Car -1 -1 -1.545525 855.374451 242.071548 913.015198 295.104401 1.312389 1.643087 4.248794 -3.624903 -9.240284 92.938593 -1.584509 1.226805
Car -1 -1 -1.571243 928.284241 177.982025 969.296509 215.533615 1.435699 1.717969 4.241153 -2.084954 -16.758255 133.276417 -1.586885 0.552238
Car -1 -1 -1.552324 876.788513 158.924805 913.046753 190.990189 1.415378 1.707880 4.247573 -5.435856 -20.644034 154.100975 -1.587584 0.411123
Car -1 -1 -1.582466 988.127686 163.146637 1028.497803 201.328262 1.539353 1.879251 4.248487 0.818319 -19.029759 145.475717 -1.576841 0.550944
Car -1 -1 1.676808 686.017944 255.048553 765.939148 326.156982 1.570323 1.730829 4.236660 -7.787107 -7.248231 81.251400 1.581260 1.045112
Car -1 -1 -1.369374 1077.782349 163.716888 1124.212036 196.464081 1.350073 1.618690 4.229383 5.862598 -19.532615 147.686268 -1.329698 0.205951
Car -1 -1 -1.648859 1153.334839 172.339737 1194.160889 206.101028 1.433314 1.750126 4.253392 9.586330 -18.921766 146.521348 -1.583526 0.324597
Car -1 -1 -1.572346 930.098450 155.835327 964.926025 184.933929 1.354585 1.821078 4.260852 -2.639937 -22.227411 163.510821 -1.588490 0.258794
Car -1 -1 -1.566696 939.873047 141.710541 969.928528 170.662918 1.561101 1.822117 4.255042 -2.359966 -24.561763 174.954577 -1.580184 0.246059
Car -1 -1 -1.591544 996.435913 150.735123 1029.968018 181.908936 1.560633 1.841407 4.256705 1.149963 -22.124474 162.031586 -1.584447 0.130880
