Car -1 -1 2.774865 1551.032715 176.750793 1703.084106 250.014923 1.895529 1.897367 4.071923 21.518593 -9.269467 73.888284 3.058258 0.810068
Car -1 -1 2.813438 1583.436279 204.437485 1742.316895 264.644104 1.377212 1.850145 4.023466 21.370703 -8.199725 68.905085 3.114178 1.584386
Car -1 -1 2.884505 1344.395142 198.963013 1498.294312 261.552185 1.481368 1.870240 4.049774 13.601808 -8.206836 68.435015 3.080703 0.502691
Car -1 -1 2.875447 1396.808228 209.730103 1560.992065 275.736542 1.478484 1.860988 3.962134 14.695348 -7.502824 65.660347 3.095627 1.785258
Car -1 -1 2.687652 1727.776611 192.850357 1872.137695 251.780869 1.625619 1.868727 3.907295 26.945946 -8.955908 72.503124 3.043484 1.177032
Car -1 -1 2.976372 1303.271484 170.414886 1425.996338 219.880142 1.448623 1.832639 4.131935 14.509947 -11.607357 84.451738 -3.136662 0.910904
Car -1 -1 0.394199 0.000000 267.301392 106.805153 336.305603 1.272130 1.898436 3.962124 -24.794928 -4.921121 55.081388 -0.028780 0.353262
Car -1 -1 2.721981 1784.338623 177.653824 1919.747559 241.426468 1.720138 1.918391 4.087002 31.285839 -10.139573 78.269962 3.102243 0.288924
Car -1 -1 2.939284 1415.096191 190.396545 1553.383301 248.318604 1.418099 1.848855 3.997529 16.689329 -9.190800 72.848039 -3.118690 0.525341
Car -1 -1 -3.087609 511.546417 91.686089 570.068970 114.129852 1.502876 1.818867 4.398349 -35.174323 -31.052224 171.249904 2.992997 0.074591
Car -1 -1 1.604819 794.980164 91.454025 824.305298 118.926804 1.597595 1.895963 4.293705 -13.838827 -30.402762 168.653501 1.522948 0.176070
