Car -1 -1 -1.478850 526.637390 735.663940 760.013733 982.012878 0.756415 1.534030 4.246743 -2.803500 2.629761 24.015571 -1.595060 3.015821
Car -1 -1 -0.126032 1331.621582 389.662323 1633.354126 499.528778 1.385202 1.860302 4.589802 8.776701 -1.434170 48.324390 0.053630 4.135839
Car -1 -1 -1.361365 115.571312 749.533386 415.099609 1002.662170 0.710069 1.403733 4.235929 -5.855629 2.662424 23.186474 -1.608737 3.334297
Car -1 -1 -1.613317 900.365906 720.681091 1145.997192 980.114136 0.854215 1.787608 4.290808 0.312600 2.601760 24.054571 -1.600322 2.451138
Car -1 -1 -1.743893 1230.196045 717.663818 1530.918701 993.350769 0.941910 1.635752 4.319780 3.344728 2.645831 23.684623 -1.603601 3.989021
Car -1 -1 1.797907 297.250000 237.364380 374.093567 294.217651 1.300056 1.329610 4.239285 -19.981891 -8.355380 85.971239 1.569537 0.959059
Car -1 -1 1.826866 129.990723 277.440521 225.069122 370.032990 1.566001 1.147178 4.257209 -19.311764 -4.883425 66.704339 1.545058 0.560532
Car -1 -1 1.915116 0.000000 297.382111 68.997734 391.940704 1.483145 1.417433 4.298133 -23.057017 -4.341231 65.033764 1.574403 1.420362
Car -1 -1 1.723320 459.564301 190.755600 528.832336 255.350372 1.884573 1.658846 4.264892 -17.984501 -11.356250 102.890754 1.550276 0.759663
Car -1 -1 1.820915 140.370300 228.223114 246.987625 310.739044 1.885815 1.526027 4.945846 -23.523433 -7.676241 83.060252 1.544933 0.515745
Car -1 -1 2.683394 1804.606079 329.969604 1918.449097 435.538666 1.539850 1.917376 4.200037 19.506173 -2.901595 56.141145 3.017795 0.832540
Car -1 -1 1.725746 452.348816 133.846786 497.848572 181.907272 2.344825 1.613047 4.666907 -29.743482 -21.989342 163.523017 1.545822 0.122559
Car -1 -1 1.691189 531.670349 178.269363 581.822327 217.956192 1.387915 1.551790 4.248204 -19.060151 -15.312845 125.213174 1.540127 0.525960
Car -1 -1 1.677426 577.831543 157.706802 616.098206 188.188293 1.352787 1.610243 4.241623 -21.492923 -20.668743 156.557236 1.540994 0.229215
