Car -1 -1 1.794506 268.980469 294.553253 376.482758 381.599365 1.604847 1.585317 4.238523 -17.008846 -5.020559 70.399027 1.557443 1.307943
Car -1 -1 -1.600455 954.827881 418.716095 1062.863403 523.020569 1.122797 1.680290 4.244918 0.260986 -1.328527 50.521779 -1.595289 2.375692
Car -1 -1 -1.787090 1376.468140 811.315552 1706.053101 1073.203247 0.726107 1.695173 4.541414 4.656913 3.308734 24.195806 -1.596947 3.610798
Car -1 -1 1.743967 399.740723 298.258850 501.213593 378.695404 1.414162 1.671529 4.249782 -13.839286 -5.142629 70.809786 1.550956 1.288580
Car -1 -1 -1.567024 939.886841 314.555206 1019.945374 399.049438 1.423702 1.595239 4.225644 -0.302823 -4.321649 65.954916 -1.571615 1.522190
Car -1 -1 1.692349 527.267517 300.419037 613.796570 376.697693 1.361545 1.607693 4.233512 -10.763990 -5.151323 70.719894 1.541303 1.230669
Car -1 -1 -1.511050 653.971802 921.003174 934.705200 1078.711792 0.827474 1.813894 4.281936 -1.434635 4.036962 21.501002 -1.577675 4.995002
Car -1 -1 -1.642611 1084.431763 345.917297 1176.093262 427.493286 1.154870 1.644815 4.246629 3.080275 -3.532377 62.409226 -1.593295 1.315763
Car -1 -1 -1.604573 1032.419067 264.504822 1092.902832 322.829376 1.205586 1.644149 4.242238 2.132111 -7.683963 84.851024 -1.579451 0.920205
Car -1 -1 -1.597838 1036.204834 227.022415 1091.423950 280.093872 1.442004 1.679219 4.269628 2.537804 -10.286176 98.753975 -1.572145 0.842363
Car -1 -1 -1.571973 942.582397 161.007980 978.327759 193.953796 1.363631 1.770374 4.245530 -1.742653 -20.397245 153.136842 -1.583352 0.493414
Car -1 -1 -1.565374 911.183044 131.191742 941.658569 157.456482 1.579911 1.830655 4.233392 -4.628309 -28.601882 196.878552 -1.588878 0.244191
Car -1 -1 -1.632408 1135.248047 147.101944 1171.870361 175.738464 1.466707 1.929373 4.251897 10.485070 -24.937022 179.240847 -1.573977 0.092377
