Car -1 -1 -1.372000 0.000000 571.856384 396.843719 1079.403442 2.132627 2.016397 4.888908 -5.802218 2.858991 21.209819 -1.639029 1.856569
Car -1 -1 1.852171 1.537115 132.417953 101.135399 196.146469 1.262102 1.536259 4.284457 -27.189029 -10.140549 81.902840 1.531651 0.848926
Car -1 -1 1.755821 291.908905 86.262856 372.251251 159.580597 1.736612 1.426865 4.763883 -21.053181 -12.446131 91.508702 1.529689 0.351715
Car -1 -1 1.710854 363.674744 120.029518 448.560364 180.570419 1.216956 1.668408 4.262927 -17.279101 -10.955671 84.981624 1.510261 0.999937
Car -1 -1 1.776471 188.870880 99.651733 268.736816 159.008194 1.469948 1.530339 4.273008 -25.025567 -12.687164 93.553510 1.515091 0.742079
Car -1 -1 1.694444 452.541351 83.766533 516.438782 133.795303 1.288673 1.612530 4.271357 -18.010343 -14.819443 102.923338 1.521210 0.774382
Car -1 -1 1.711914 409.425659 95.523117 477.715393 155.224701 1.374105 1.499841 4.253733 -17.860249 -12.889231 93.938747 1.524030 0.917351
Car -1 -1 1.688399 500.005127 58.937592 554.792542 104.336998 1.267913 1.563284 4.257709 -18.799082 -18.092872 117.610683 1.529898 0.605481
Car -1 -1 1.783529 194.987274 73.967690 270.233093 135.695969 1.750469 1.552195 4.274982 -27.383857 -14.676958 103.085197 1.523882 0.429048
Car -1 -1 1.725763 369.094543 66.086502 440.541962 127.375610 1.622413 1.714572 4.501842 -21.476669 -15.398548 105.042913 1.524086 0.369691
Car -1 -1 1.741933 300.739624 43.490437 357.090485 84.699417 1.479509 1.625558 4.244772 -30.522384 -21.050442 131.872543 1.514484 0.409804
Car -1 -1 -1.593166 875.404602 30.195444 917.933533 69.676765 1.406031 1.836876 4.243900 -3.747287 -22.987661 139.425219 -1.620037 0.487639
Car -1 -1 1.689776 450.300110 27.249043 506.993103 86.554024 2.050715 1.714289 4.802356 -21.984366 -19.715809 123.763935 1.513978 0.171570
Car -1 -1 -1.562641 792.695435 34.837578 830.931091 69.208572 1.278911 1.692558 4.257457 -8.149613 -23.360469 141.628292 -1.620120 0.412696
Car -1 -1 1.667061 580.718262 0.000000 621.541809 27.623596 1.545305 1.829232 4.260199 -23.516064 -31.443191 176.311789 1.534466 0.130259
