Car -1 -1 -1.679509 1106.178833 645.670776 1307.567505 846.834656 0.692083 1.527212 4.259398 2.454041 2.001277 23.524487 -1.575567 2.710707
Car -1 -1 -1.422409 513.210876 639.130005 745.116699 833.923950 0.649125 1.623347 4.268162 -3.563639 1.873168 23.495067 -1.572938 3.282405
Car -1 -1 2.905996 1331.529053 266.223206 1490.436401 331.904602 1.514249 1.855139 4.024015 13.179411 -6.972164 65.373097 3.104932 2.325046
Car -1 -1 2.732712 1656.654297 287.102844 1854.315552 351.787292 1.340403 1.857276 4.410386 21.970344 -6.032665 61.296953 3.076872 2.338844
Car -1 -1 2.853620 1527.178345 267.430176 1700.010986 323.717926 1.346622 1.826874 4.417247 20.039860 -7.457692 67.966046 3.140346 2.198185
Car -1 -1 -2.810589 144.863174 255.036194 299.743652 322.417816 1.644241 1.869578 3.883480 -22.928014 -7.407569 66.982328 -3.140388 1.941454
Car -1 -1 -3.085056 682.647644 257.700958 833.072449 313.866669 1.345883 1.839370 4.287738 -6.837257 -8.031647 70.439491 3.101367 1.266647
Car -1 -1 -3.101155 760.036804 269.977966 920.415894 329.991547 1.436049 1.858623 4.427449 -3.760580 -6.828183 64.251746 3.123569 1.967945
Car -1 -1 1.655085 696.309998 212.028519 747.571533 258.609619 1.376077 1.566308 4.285783 -10.199042 -12.411912 90.077836 1.542340 0.701637
Car -1 -1 1.659955 726.325439 183.622391 771.972900 228.574677 1.673115 1.692039 4.284469 -10.979088 -16.351400 108.671566 1.559266 0.515187
Car -1 -1 -2.801283 237.949097 236.448303 399.084106 308.789337 1.832789 1.942749 4.112059 -20.798833 -8.186266 70.166032 -3.089455 0.844019
Car -1 -1 0.173059 1299.411987 155.663010 1376.297852 188.035690 1.593991 1.847248 4.188909 23.502168 -23.323833 139.696368 0.339735 0.117086
