Car -1 -1 1.028980 457.937988 334.716797 635.815430 449.564972 1.740837 1.575518 4.647256 -9.619752 -3.272935 50.158605 0.839494 0.862654
Car -1 -1 1.832950 334.302979 263.277496 417.598511 328.328949 1.503213 1.414931 4.272835 -20.357965 -8.555195 75.685400 1.570188 0.730525
Car -1 -1 -1.581685 964.082092 206.135559 1011.033752 251.929047 1.527488 1.790344 4.279477 0.955526 -14.252590 99.108947 -1.572044 0.484423
Car -1 -1 -1.622011 997.815002 232.914810 1055.744629 287.163727 1.451422 1.912351 4.286561 2.300715 -10.831260 83.642397 -1.594512 0.835743
Car -1 -1 -1.570251 924.936218 186.939255 966.436646 226.306381 1.607684 1.889193 4.272333 -1.040439 -17.665063 114.823931 -1.579312 0.458609
Car -1 -1 1.183553 1811.390625 164.457092 1894.792358 213.265289 1.722117 1.786615 4.497752 42.373042 -16.806148 104.740508 1.567978 0.269666
Car -1 -1 1.760285 529.813538 204.696991 582.058472 242.371490 1.368274 1.683230 4.239725 -21.007218 -16.567076 112.288768 1.575341 0.508216
Car -1 -1 -1.592579 996.902161 178.465500 1031.486450 209.104446 1.289574 1.654641 4.236165 2.815772 -20.873296 129.383198 -1.570819 0.508060
Car -1 -1 -1.906292 1755.329224 175.022476 1825.424438 214.809540 1.352009 1.569910 4.228490 39.466880 -16.746418 104.738808 -1.545934 0.545919
Car -1 -1 -1.548311 911.077942 168.257919 947.700012 201.364197 1.554249 1.917793 4.225562 -2.218160 -22.411589 136.251650 -1.564590 0.401977
Car -1 -1 2.777934 1724.557495 163.395996 1817.817261 202.287094 1.500925 1.867336 3.661983 40.825768 -18.334419 111.538062 3.128813 0.118049
Car -1 -1 1.165877 1868.219849 170.769409 1918.218018 212.030136 1.429051 1.609128 4.202980 44.984332 -16.889628 105.084294 1.570352 0.453830
Car -1 -1 -2.760510 37.756714 198.618317 126.072311 229.161865 1.278939 1.848672 3.399243 -47.733960 -18.064379 118.437663 3.139559 0.127395
Car -1 -1 2.880825 1591.252563 147.251678 1670.177734 180.558792 1.523678 1.807462 3.831073 39.984303 -22.709899 131.109132 -3.106351 0.095016
