Car -1 -1 -1.291819 927.205566 729.598267 1228.505005 977.865173 0.576762 1.479258 4.232708 1.051220 2.979330 20.393852 -1.240319 4.920313
Car -1 -1 -1.146528 555.176086 684.448730 890.781067 919.421082 0.765363 1.454879 4.250535 -2.444524 2.857686 22.468343 -1.254900 5.854025
Car -1 -1 -1.613405 1691.813232 693.266357 1917.718018 981.726990 0.798165 1.867324 4.276649 7.255356 2.720031 19.026991 -1.249105 2.954367
Car -1 -1 -1.461154 1283.137817 745.088440 1550.119263 1026.092529 0.572102 1.632760 4.371463 3.892056 3.022949 18.959691 -1.258686 3.168781
Car -1 -1 0.586313 483.497620 334.846283 642.888550 409.650452 1.379152 1.898269 3.575241 -11.640477 -3.475485 61.038143 0.397868 1.725402
Car -1 -1 0.608090 287.850677 324.360596 442.071930 379.791168 1.147952 1.834945 3.873021 -19.546896 -4.737670 69.656959 0.334509 1.346739
Car -1 -1 2.884816 1769.467651 189.024460 1921.607788 258.944977 1.421175 1.921325 4.711768 26.265424 -7.918630 65.209156 -3.015462 0.821554
Car -1 -1 0.744881 0.291586 346.859131 103.036995 399.573761 1.257596 1.859022 3.458735 -32.640923 -4.493315 75.302603 0.335864 0.191197
Car -1 -1 0.739736 0.000000 364.752594 102.460426 437.863647 1.404789 1.869716 3.958644 -28.421637 -2.938582 64.923710 0.327099 0.275965
Car -1 -1 0.665236 135.860611 335.466370 293.739960 395.047119 1.305771 1.800595 3.791797 -23.704043 -4.152924 68.051374 0.330053 0.695352
Car -1 -1 0.602044 237.691559 359.572021 450.465912 444.494019 1.329747 1.918268 4.286956 -16.154881 -2.426344 55.536803 0.318970 1.557828
Car -1 -1 1.678677 1447.944092 150.087143 1495.690552 189.363556 1.277707 1.641725 4.256824 23.437487 -15.554059 104.562098 1.899181 0.590420
Car -1 -1 2.997702 1785.946045 160.012695 1920.480469 231.194870 1.640074 1.919482 4.920953 29.431133 -9.526806 71.743772 -2.896193 0.541270
Car -1 -1 0.735026 2.284526 431.270050 85.674759 508.057098 1.345243 1.622384 2.979849 -24.952970 -0.840733 56.105267 0.316544 0.449353
Car -1 -1 -1.543884 1674.043701 129.447922 1721.242554 165.783218 1.212844 1.810562 4.285653 35.684526 -17.317162 109.220108 -1.228096 0.475793
Car -1 -1 1.877874 1142.619873 163.063126 1201.443481 203.325012 1.443871 1.452187 4.250977 9.830399 -16.123602 113.008635 1.964643 0.389650
Car -1 -1 -2.216577 122.810646 300.356720 195.038071 339.699188 1.045561 1.745257 3.552927 -35.852584 -8.037877 95.093268 -2.577123 0.221906
Car -1 -1 0.658930 170.200455 344.863220 316.752838 408.881744 1.273487 1.795451 3.631493 -22.510836 -3.855472 66.489563 0.332481 0.579949
Car -1 -1 -1.576228 1676.774170 85.553322 1706.610107 112.829140 1.461743 1.763030 4.239947 53.175071 -29.657105 164.121978 -1.262904 0.134987
Car -1 -1 1.655486 1465.937256 142.112701 1507.513428 176.073532 1.290425 1.535210 4.279245 25.942051 -17.342504 112.497835 1.882124 0.315319
Car -1 -1 1.797767 1218.711426 149.466843 1261.024536 180.695801 1.207388 1.435687 4.189400 15.633466 -20.226120 132.583788 1.915139 0.105639
