Car -1 -1 2.224546 445.108551 517.185303 722.756653 689.612183 0.988725 1.048092 4.600339 -5.462725 1.365662 30.729889 2.048618 1.366450
Car -1 -1 2.614965 1658.375610 219.080902 1851.990356 295.009827 1.207081 1.899293 4.159498 20.990134 -6.374862 59.260336 2.955378 2.360120
Car -1 -1 -1.203084 648.232727 647.430603 908.731018 838.191406 0.649290 1.254068 4.221299 -2.112769 2.438999 24.501694 -1.289101 3.313691
Car -1 -1 2.319662 1163.307495 292.277893 1340.468140 388.966248 1.359810 1.909728 3.835838 6.406912 -3.574456 51.315983 2.443872 1.470984
Car -1 -1 -1.473556 1350.074463 632.549377 1577.273804 880.955444 0.932581 1.679162 4.218582 4.979936 2.474750 22.087391 -1.251799 3.353696
Car -1 -1 -1.284026 908.949219 727.435608 1212.306885 974.147156 0.530441 1.492097 4.396205 0.901622 2.950528 20.594697 -1.240274 3.998595
Car -1 -1 -0.597663 1159.422852 227.461929 1303.725952 289.716919 1.375246 1.856231 3.928654 8.401656 -7.894597 73.303633 -0.483547 1.685146
Car -1 -1 0.548808 322.998322 317.159729 476.332062 383.087494 1.400084 1.858463 3.808188 -18.442853 -4.690918 69.572879 0.289681 1.221939
Car -1 -1 0.684303 35.068336 383.547699 180.968414 452.438019 1.320205 1.867407 2.823101 -23.745573 -2.240730 59.663770 0.305531 0.921570
Car -1 -1 0.700233 163.297607 347.316895 301.837646 405.391388 1.207952 1.892580 3.460831 -22.836856 -3.808387 67.008132 0.371771 0.552866
Car -1 -1 -1.063442 1372.439575 195.045013 1478.221436 247.230896 1.179519 1.649975 4.465072 16.413270 -10.085173 80.553586 -0.862438 0.594354
Car -1 -1 -1.634001 1726.459717 794.330566 1919.950317 1077.807373 1.113306 1.819408 4.243554 6.844487 3.730132 16.791360 -1.246943 4.315267
Car -1 -1 -1.046916 85.185036 866.171875 711.153687 1078.835938 0.876827 2.484023 4.769194 -4.451939 4.352363 18.163048 -1.287286 3.633150
Car -1 -1 0.652636 101.974236 361.229706 254.028259 430.596588 1.346789 1.847222 3.369795 -23.856227 -3.155119 65.164677 0.301699 0.428681
Car -1 -1 1.741756 1300.078735 163.311996 1354.220337 207.110748 1.454637 1.584110 4.245367 16.631950 -14.884176 105.133448 1.898654 0.527252
Car -1 -1 1.712021 1361.321045 163.169098 1412.372192 203.688385 1.251810 1.522408 4.257565 19.218356 -14.831827 103.640674 1.895371 0.700638
Car -1 -1 -1.502130 1544.222046 143.731888 1592.221191 183.985977 1.298579 1.740584 4.268010 28.173110 -15.881201 105.113224 -1.240259 0.534027
Car -1 -1 1.679881 1443.803955 153.051010 1491.407104 193.972458 1.253586 1.553810 4.252171 22.961262 -15.205028 103.425977 1.898345 0.489365
Car -1 -1 0.752191 0.000000 345.220795 95.435768 407.489532 1.331281 1.826925 3.393534 -32.310380 -4.242256 74.215319 0.341578 0.172466
Car -1 -1 -1.309012 281.228180 300.939575 359.104767 349.513275 1.174943 1.640665 4.237267 -25.117311 -6.755451 83.101758 -1.602530 0.568034
Car -1 -1 1.782732 1251.571777 169.500336 1304.680786 208.235840 1.258546 1.599403 4.273681 14.508808 -15.095855 107.311448 1.917120 0.486495
Car -1 -1 0.741369 0.000000 382.485931 63.347122 440.342865 1.261277 1.835430 2.865053 -30.702013 -2.901403 68.821353 0.321753 0.246849
