Car -1 -1 1.823399 288.771881 256.994476 384.390228 321.962677 1.304475 1.567182 4.272635 -18.186270 -7.274692 66.175383 1.555201 1.490785
Car -1 -1 -1.819578 1325.845459 729.298401 1626.167480 993.183350 0.815279 1.687726 4.291142 5.009239 2.929104 21.145018 -1.586967 4.049318
Car -1 -1 1.921263 62.305916 258.984070 172.330170 325.677399 1.297429 1.493877 4.300303 -24.856917 -7.209258 66.297534 1.562554 1.154877
Car -1 -1 1.875412 165.973206 255.898941 268.213043 327.083466 1.424017 1.393769 4.248600 -21.544271 -7.075804 65.390330 1.557141 1.598290
Car -1 -1 1.796094 370.724518 231.948349 453.626678 289.301971 1.306514 1.591817 4.249697 -17.818269 -9.117474 73.957758 1.559675 1.233919
Car -1 -1 1.889090 147.657303 226.323334 248.755249 288.274414 1.446128 1.720049 4.284933 -25.026248 -9.126221 73.966872 1.562836 1.104060
Car -1 -1 1.838776 255.157104 230.172394 341.709381 291.357269 1.423542 1.483348 4.240464 -21.704527 -9.091734 74.151430 1.554025 1.252154
Car -1 -1 1.847703 226.099365 207.670868 311.093750 263.938660 1.516112 1.646538 4.227504 -25.262422 -11.002779 82.362045 1.550088 0.684039
Car -1 -1 -1.760008 1428.110229 265.258423 1512.576904 328.775543 1.168453 1.429270 4.255522 16.328251 -7.298718 67.533676 -1.522782 1.092922
Car -1 -1 1.812836 333.501068 214.516098 403.282959 263.791473 1.235520 1.443603 4.231816 -21.372319 -10.906176 81.610030 1.556704 0.771737
Car -1 -1 1.764794 428.111908 213.224167 495.639069 266.752045 1.342234 1.510332 4.249343 -17.903104 -10.880410 81.932066 1.549664 0.914270
Car -1 -1 1.796823 367.422760 199.569870 433.486359 245.245132 1.253009 1.488976 4.215093 -22.029428 -12.601602 89.299870 1.554961 0.958150
Car -1 -1 -1.727059 1174.749878 156.725693 1218.354126 187.838684 1.243688 1.660118 4.214886 14.142159 -19.931302 121.151086 -1.610853 0.550508
Car -1 -1 1.673033 595.037231 131.707077 632.678406 162.011581 1.619050 1.855449 4.243172 -22.583673 -26.499010 151.338061 1.524899 0.360940
Car -1 -1 1.721192 532.618713 136.232773 573.433044 165.327774 1.484788 1.750655 4.231961 -25.400445 -24.940473 143.511724 1.546014 0.515619
Car -1 -1 1.827094 262.076172 141.672806 322.214081 193.949951 2.179355 1.599126 4.738960 -35.091490 -19.280647 118.463854 1.539107 0.152266
Car -1 -1 1.640463 661.453430 138.680298 696.550476 171.378036 1.588889 1.620839 4.376116 -16.422704 -23.473642 137.385348 1.521490 0.226649
Car -1 -1 1.701619 623.501709 116.623657 656.313049 148.488724 1.939591 1.840065 4.363848 -23.123332 -30.530675 168.464619 1.565212 0.156018
Car -1 -1 1.640117 677.915588 120.677116 706.878418 145.804108 1.605233 1.859044 4.225091 -18.619223 -29.870370 164.577637 1.527462 0.139000
