Car -1 -1 1.762505 327.902832 408.830017 474.142883 521.932556 1.153610 1.513753 4.277944 -10.322312 -1.332617 48.575966 1.553121 2.357799
Car -1 -1 -1.526451 697.788330 793.845093 924.271790 1041.177979 0.766658 1.707554 4.238935 -1.546357 3.176270 24.685125 -1.589013 3.986681
Car -1 -1 -1.651799 1043.032471 851.945251 1296.247437 1078.947876 1.013680 1.660297 4.237230 1.391591 3.826689 23.256017 -1.592033 3.596123
Car -1 -1 0.096484 817.231506 293.901123 1009.771179 372.351227 1.609721 1.894506 4.561907 -2.054084 -5.231548 71.764809 0.067870 1.913305
Car -1 -1 -1.766124 1335.885742 799.170410 1640.695068 1048.654785 0.613100 1.667769 4.599365 4.273952 3.133496 24.604557 -1.594134 3.096620
Car -1 -1 1.876919 0.000000 568.450500 128.907333 760.527771 1.280278 1.837585 4.331192 -12.459391 1.608346 34.743303 1.532592 2.328601
Car -1 -1 -1.618821 1001.441772 253.811279 1066.001343 312.242157 1.304093 1.779694 4.264543 1.304711 -8.300252 88.168650 -1.604024 1.042437
Car -1 -1 1.566285 665.780884 287.078339 743.970032 351.637451 1.259563 1.637395 4.251994 -7.739675 -5.972979 74.384227 1.462608 0.990381
Car -1 -1 -1.578501 1017.189514 205.231079 1065.469238 247.921524 1.302659 1.782280 4.228859 2.023212 -13.204780 114.688015 -1.560862 0.746955
Car -1 -1 1.810180 234.809540 225.470398 316.375397 289.913116 1.670493 1.558504 4.260823 -24.855531 -9.734017 95.981477 1.556784 0.807250
Car -1 -1 1.655759 674.228333 259.318481 747.183411 323.691376 1.366265 1.771832 4.267287 -8.422578 -7.541024 83.303931 1.554995 1.058188
Car -1 -1 -1.614530 1134.262695 144.221588 1171.740723 175.389908 1.613498 2.012002 4.258220 10.135029 -24.208635 173.902250 -1.556316 0.111436
