Car -1 -1 -1.515653 576.816223 587.308105 815.865295 832.557739 0.823022 1.820138 4.286650 -2.471909 1.706839 25.897429 -1.610814 2.080792
Car -1 -1 -1.687663 966.634033 619.333252 1229.415405 888.246399 0.816015 1.665062 4.268699 1.022052 1.972348 24.467851 -1.645916 2.673079
Car -1 -1 -2.914440 0.303969 197.167953 176.767532 280.008698 1.327060 1.859376 4.539911 -20.570893 -5.903592 61.800113 3.047420 0.613701
Car -1 -1 -1.831264 1368.674194 614.019104 1675.792969 875.262207 0.842482 1.498181 4.268576 4.853139 1.943533 25.016606 -1.639647 3.494811
Car -1 -1 -0.772301 669.943298 141.674362 825.023315 216.715469 1.431038 1.719929 4.134907 -6.024699 -8.784252 75.144210 -0.852305 1.457304
Car -1 -1 3.111203 207.509384 212.976212 430.198242 302.335663 1.315943 1.843210 4.189844 -13.689376 -5.141799 58.104504 2.879823 1.981726
Car -1 -1 -1.407099 157.875275 571.872070 459.244629 852.510498 1.018761 1.694499 4.499160 -5.818086 1.739560 24.919047 -1.636470 1.782241
Car -1 -1 -2.307765 1347.938965 113.684479 1492.651001 167.215622 1.155661 1.665821 4.253521 14.007621 -11.507510 86.542740 -2.147299 0.997764
Car -1 -1 -3.053508 711.626953 181.773148 939.846313 259.574493 1.308018 1.871279 4.841680 -3.302483 -6.559338 64.385068 -3.104756 1.428686
Car -1 -1 1.801146 134.260071 122.308159 223.990738 184.945358 1.273188 1.448932 4.258677 -24.336876 -10.881082 85.259066 1.523094 1.121746
Car -1 -1 -0.208865 883.356323 214.638794 1127.581543 299.494873 1.242651 1.850315 4.492326 0.720072 -5.218759 58.301232 -0.196515 2.160582
Car -1 -1 -1.744679 1253.134033 80.427681 1336.580322 139.492859 1.505623 1.862714 4.248517 11.278891 -13.732003 96.686135 -1.628549 0.674718
Car -1 -1 -1.291730 1.385066 872.029602 321.715607 1079.589355 1.137546 1.930465 4.220926 -5.651440 3.904817 18.196449 -1.592864 3.225616
Car -1 -1 -1.430548 931.657654 102.170059 1007.745300 163.793442 1.414948 1.796915 4.276054 -0.010511 -12.022594 89.528038 -1.430666 0.749029
Car -1 -1 -2.997729 177.576553 172.437790 389.680695 259.101532 1.447933 1.863157 4.230445 -16.312479 -6.779431 66.022742 3.043234 1.663362
Car -1 -1 3.125394 353.762238 194.161514 558.910278 278.153137 1.408903 1.840374 3.935154 -11.441477 -5.900782 61.744269 2.942168 1.437914
Car -1 -1 1.752667 304.092987 102.679581 383.151611 163.634323 1.348149 1.525597 4.246299 -20.794407 -12.394359 92.029460 1.530445 0.960330
Car -1 -1 1.841028 96.902168 99.677223 184.087799 161.043381 1.446594 1.503770 4.256110 -27.968128 -12.615038 93.315072 1.549831 0.828373
Car -1 -1 1.721056 376.943817 116.443863 458.688751 178.233307 1.275774 1.678352 4.265447 -17.088477 -11.131111 85.715326 1.524273 1.018599
Car -1 -1 -1.568802 801.261414 47.425800 847.077393 90.802620 1.384231 1.858903 4.296838 -6.533540 -19.487675 123.561385 -1.621630 0.579961
Car -1 -1 -1.618483 945.465393 56.045475 995.946838 99.757538 1.228381 1.791384 4.279566 -0.034313 -18.569036 119.568214 -1.618770 0.617553
Car -1 -1 1.786813 196.213531 106.088272 273.405396 165.231583 1.293460 1.345645 4.252871 -24.591695 -12.411960 92.371428 1.526622 0.740081
Car -1 -1 1.767369 234.600800 125.651863 326.676666 190.025299 1.240724 1.591429 4.269210 -20.488363 -10.343716 82.267815 1.523290 1.082701
Car -1 -1 1.838460 0.000000 113.747566 90.384781 192.097031 1.715186 1.676245 4.297819 -28.060240 -10.440455 83.486300 1.514216 0.807185
Car -1 -1 2.491615 865.094727 198.707275 1083.911011 275.040161 1.352561 1.839911 4.310822 -0.017287 -6.045565 62.703560 2.491339 0.782770
Car -1 -1 1.815428 163.471817 83.645638 233.250076 134.805237 1.381944 1.300304 4.272114 -28.441458 -14.651837 102.229582 1.544079 0.685078
Car -1 -1 -1.578198 871.134583 42.726398 912.402161 79.692818 1.263699 1.705477 4.269645 -3.787732 -21.434286 132.812980 -1.606709 0.529041
Car -1 -1 1.752770 253.084106 89.631287 324.511078 140.263626 1.290565 1.574053 4.269360 -24.802005 -14.250325 100.713752 1.511313 0.745726
Car -1 -1 1.704160 438.805176 49.365360 493.092560 96.239304 1.487922 1.687883 4.267590 -22.084279 -18.899336 121.058565 1.523718 0.499316
Car -1 -1 -1.723796 1205.703003 72.525986 1264.511597 114.403084 1.237889 1.474435 4.306645 10.607868 -16.564261 110.510202 -1.628099 0.581707
Car -1 -1 1.717814 377.174805 76.479813 438.430176 125.573265 1.280408 1.608554 4.251466 -21.380835 -15.427674 105.283250 1.517459 0.536581
Car -1 -1 1.723560 389.530548 26.283150 442.485992 79.046722 2.015068 1.461637 4.877577 -26.326097 -21.193150 131.490617 1.525960 0.166404
Car -1 -1 1.827877 67.982239 65.465027 134.668015 113.466507 1.490527 1.501769 4.310500 -36.222348 -17.328338 115.610055 1.524250 0.296723
Car -1 -1 1.765671 340.355896 85.417267 407.617004 137.316406 1.295599 1.416636 4.263942 -21.435484 -14.250046 99.983452 1.554478 0.377849
Car -1 -1 1.757760 274.035095 60.661922 328.202362 99.534676 1.199360 1.234201 4.249919 -29.257952 -18.738048 120.885013 1.520296 0.230999
Car -1 -1 1.768376 306.115204 74.250511 365.449036 115.425629 1.174036 1.315441 4.236915 -25.282153 -16.440984 110.236329 1.542930 0.389762
Car -1 -1 -1.574170 862.060059 9.608936 894.204651 39.916756 1.376017 1.743437 4.266984 -5.716621 -29.743199 170.593240 -1.607668 0.134994
