Car -1 -1 -1.507331 520.191223 605.876038 772.279175 870.785645 0.879859 1.794666 4.247176 -2.813762 1.900545 24.856908 -1.620050 2.609171
Car -1 -1 -0.329323 1611.794067 253.498245 1906.056152 383.132416 1.589653 1.860052 4.145041 13.390214 -2.954225 47.114978 -0.052421 3.981547
Car -1 -1 -0.195029 998.761719 288.928619 1303.133911 407.076111 1.318571 1.845930 4.445005 2.912532 -2.483966 45.381992 -0.130939 3.540160
Car -1 -1 -0.857047 759.246948 145.686768 919.024170 218.327042 1.175996 1.691059 4.243464 -3.490819 -8.822504 74.805172 -0.903678 1.198742
Car -1 -1 -1.673162 1042.074341 618.671021 1314.730225 913.174500 0.912554 1.716657 4.550838 1.695833 2.080819 24.044168 -1.602749 2.556618
Car -1 -1 2.767953 1703.405273 164.915253 1920.385376 257.135620 1.561814 1.868645 4.096289 18.871337 -6.363645 61.968125 3.063563 1.082063
Car -1 -1 -1.844250 1455.235962 670.262207 1810.808594 960.763367 0.803938 1.553915 4.330783 5.357529 2.340083 23.061393 -1.615983 4.311098
Car -1 -1 3.049016 656.479004 230.120438 921.478394 322.581512 1.291808 1.862682 4.771644 -3.579285 -4.520688 55.301388 2.984383 2.400242
Car -1 -1 -0.066957 0.445638 222.404083 159.226334 322.838348 1.325203 1.836062 4.438131 -18.963780 -4.625003 55.792226 -0.394606 1.057269
Car -1 -1 -3.103743 364.976288 220.458527 600.375427 310.117096 1.212475 1.868362 3.997239 -9.853119 -4.851836 56.316989 3.006237 1.165005
Car -1 -1 -1.389911 73.660194 694.724426 430.952454 1000.021057 0.754811 1.715779 4.275290 -5.463057 2.440799 21.735220 -1.636156 2.947275
Car -1 -1 2.848338 1310.342285 214.478638 1556.828125 303.132965 1.296060 1.871230 4.373944 9.251263 -4.899763 55.725024 3.012853 2.153223
Car -1 -1 -0.294271 1317.176758 263.645813 1594.161987 362.421844 1.314091 1.868009 4.187467 8.751073 -3.429823 50.118093 -0.121405 2.821200
Car -1 -1 1.807492 192.397308 136.096191 294.228699 207.622025 1.250193 1.548783 4.274762 -20.251768 -9.318978 77.274260 1.551180 1.125500
Car -1 -1 -2.911917 1633.081055 123.172264 1809.642334 193.180908 1.434105 1.870151 4.039858 21.358565 -9.781510 78.808339 -2.647255 1.861941
Car -1 -1 0.049695 310.671112 260.956635 584.718811 376.876648 1.396392 1.840875 4.372951 -9.050767 -3.177663 48.512017 -0.134752 2.463318
Car -1 -1 3.047908 997.505981 199.848541 1259.549194 312.256714 1.507136 1.853240 4.494426 3.129342 -4.841572 55.572122 3.104160 1.732393
Car -1 -1 3.128740 844.752930 186.752945 1033.759888 267.444946 1.344312 1.826319 3.975638 -0.712147 -6.263939 63.025589 3.117441 0.982823
Car -1 -1 1.818793 141.127914 119.768616 228.519623 181.273346 1.292769 1.302796 4.261550 -24.455271 -11.136805 86.314273 1.542701 0.937506
Car -1 -1 -1.616238 965.129272 103.428413 1031.230225 162.101990 1.259623 1.701941 4.259224 0.884797 -12.173602 90.181015 -1.606427 0.933426
Car -1 -1 -2.893273 120.047432 189.712524 344.557220 272.124969 1.385425 1.868606 4.283478 -16.802358 -6.175533 63.246947 3.130247 1.932272
Car -1 -1 0.067901 246.947281 247.523575 522.449219 347.295502 1.315909 1.838395 4.254528 -10.696968 -3.792097 51.436271 -0.137142 0.774893
Car -1 -1 1.737045 376.950684 117.441666 455.421600 177.887772 1.260851 1.570613 4.248758 -17.376600 -11.273021 86.830753 1.539533 0.927502
Car -1 -1 1.781616 275.199188 115.924187 355.420380 175.485260 1.267454 1.375040 4.247820 -20.663243 -11.415645 87.413666 1.549492 1.113231
Car -1 -1 1.775729 260.496796 83.001762 330.385437 136.912476 1.405977 1.469847 4.258271 -24.848635 -14.583464 101.985268 1.536736 0.684122
Car -1 -1 1.860999 32.759903 124.551292 127.751755 182.758148 1.226766 1.482245 4.268775 -28.136392 -11.217428 87.664100 1.550428 0.925582
Car -1 -1 1.854527 94.181458 95.867447 170.390945 154.803207 1.447523 1.191991 4.298920 -28.681324 -12.962866 94.843700 1.560865 0.717643
Car -1 -1 1.806106 199.345016 100.239594 274.717041 150.963120 1.216931 1.296861 4.252518 -24.999911 -13.009786 94.400680 1.547222 0.759733
Car -1 -1 1.769513 322.276215 97.390884 392.289978 152.562012 1.256505 1.300282 4.255998 -20.934168 -13.027687 94.521314 1.551556 0.743281
Car -1 -1 3.104066 711.711243 205.307236 938.953247 287.978851 1.231248 1.812297 4.440027 -3.176456 -5.688172 60.802450 3.051871 0.553501
Car -1 -1 -1.737692 1211.520386 68.050423 1267.930176 112.807388 1.231019 1.393329 4.258118 10.604228 -16.386657 108.841480 -1.640570 0.523321
Car -1 -1 1.827764 156.878998 84.102638 223.520645 131.517776 1.216761 1.120510 4.280370 -29.045996 -14.875198 103.096140 1.553145 0.522922
Car -1 -1 1.840459 56.304012 76.049156 125.946426 123.662285 1.381282 1.284208 4.275290 -35.693877 -16.557290 112.594160 1.533467 0.459161
Car -1 -1 1.775198 300.165924 65.660095 359.600281 113.605354 1.372864 1.191206 4.304863 -25.228329 -16.370133 108.841115 1.547430 0.371639
Car -1 -1 1.722129 456.116669 82.848495 512.680786 128.695557 1.256377 1.431761 4.276291 -18.244959 -14.995756 103.719602 1.548004 0.726264
Car -1 -1 2.794426 1645.820557 163.306061 1859.662598 243.455353 1.377756 1.839874 4.136271 19.054575 -7.050265 65.823189 3.076205 0.493136
Car -1 -1 1.733517 422.801331 97.222946 485.371460 145.567245 1.188152 1.384434 4.272346 -17.895873 -13.430601 96.118145 1.549438 0.700180
Car -1 -1 2.647799 1672.791260 219.524063 1877.409424 296.493744 1.152900 1.831862 3.419278 15.953745 -4.914667 54.889968 2.930655 0.641803
Car -1 -1 1.749760 365.839691 82.407204 428.587219 131.601379 1.252956 1.407395 4.260723 -21.464827 -14.913157 103.374959 1.545029 0.535013
Car -1 -1 1.726443 379.803955 42.911457 433.594055 83.992989 1.403746 1.613891 4.270684 -26.372028 -20.758828 129.641425 1.525758 0.311506
Car -1 -1 1.615515 0.000000 173.969727 74.552132 254.125458 1.411080 1.496825 3.314734 -23.352128 -6.933984 66.847531 1.279433 0.473405
Car -1 -1 1.830659 196.383987 77.267403 258.279327 120.247589 1.195384 1.289536 4.274180 -29.537500 -16.322868 109.841855 1.567964 0.250674
Car -1 -1 1.745255 338.292267 56.795372 393.328491 97.985092 1.252086 1.297125 4.237059 -25.816076 -18.278048 117.989021 1.529849 0.174404
Car -1 -1 1.935281 1.053356 81.009964 70.661911 129.696823 1.278133 1.342850 4.259543 -36.855425 -15.811516 108.572674 1.608032 0.166403
Car -1 -1 1.809869 245.077927 65.398216 300.399841 106.378456 1.231218 1.134344 4.254968 -29.450147 -17.824248 117.047717 1.563377 0.244770
