Car -1 -1 0.040915 1360.259521 267.669067 1566.391724 355.114319 1.367724 1.885313 4.365125 11.714550 -4.332687 53.060711 0.258206 3.221877
Car -1 -1 -1.478555 1332.843872 641.740173 1576.714355 890.924988 0.857959 1.751676 4.229109 4.799605 2.483732 21.699106 -1.260871 2.639271
Car -1 -1 -1.321932 1001.184998 650.544922 1262.008911 857.785828 0.581584 1.500724 4.526053 1.731131 2.392843 23.277994 -1.247701 1.495556
Car -1 -1 -1.617069 1725.634888 697.781128 1918.523926 963.379150 0.549441 1.904830 4.635991 7.721441 2.614196 19.344460 -1.237291 1.560285
Car -1 -1 0.479254 513.605530 340.145935 711.154480 413.023254 1.196844 1.914737 4.280510 -9.592287 -3.220223 57.294902 0.313373 2.594970
Car -1 -1 0.403434 817.627563 296.231781 994.931580 375.487976 1.393391 1.891676 3.930812 -1.958025 -4.253577 59.139068 0.370337 2.836642
Car -1 -1 0.651152 213.313354 322.908539 356.732117 389.787598 1.431972 1.904112 3.406011 -21.876295 -4.446178 68.773189 0.343179 0.967143
Car -1 -1 1.774331 1223.369141 171.825394 1278.950684 212.414963 1.312779 1.599215 4.257409 13.007531 -14.674052 105.518296 1.896985 0.542945
Car -1 -1 -1.211845 643.023499 847.011353 1135.395752 1079.390259 1.068144 2.110257 4.293080 -0.449954 4.172975 17.181687 -1.238027 4.075387
Car -1 -1 -1.445012 1173.622070 864.694946 1531.732788 1078.396606 1.038382 1.776092 4.549560 2.922533 4.172236 16.181438 -1.266328 3.139490
Car -1 -1 1.702857 1363.785400 157.712509 1414.108887 202.144608 1.457380 1.453011 4.261724 19.214757 -14.813191 103.151011 1.887024 0.491984
Car -1 -1 1.760289 1271.726440 174.434723 1329.625122 215.762482 1.306989 1.651529 4.258111 14.662824 -13.817175 100.332724 1.905404 0.521065
Car -1 -1 3.041862 832.011963 215.672821 935.619690 260.780151 1.373199 1.906994 3.891919 -4.549412 -11.897120 100.252198 2.996513 0.564958
Car -1 -1 1.730201 1321.275513 157.207764 1370.449219 194.280792 1.211377 1.612275 4.259099 18.393195 -16.242992 110.770878 1.894747 0.457957
Car -1 -1 1.690516 1429.600830 152.358246 1481.583374 196.497742 1.465605 1.759929 4.251913 22.544776 -15.163646 103.886122 1.904217 0.419777
Car -1 -1 -2.398874 78.097382 275.199799 183.754929 315.579651 1.415172 1.856989 3.747439 -41.883036 -10.175924 107.545903 -2.770247 0.238458
Car -1 -1 1.854952 1143.135254 167.362213 1195.636597 204.232925 1.281881 1.397893 4.243921 10.065837 -16.658267 116.844641 1.940887 0.453858
Car -1 -1 -2.744873 469.023041 246.475998 564.970520 284.281769 1.097754 1.865791 3.904268 -21.592499 -11.068816 102.110007 -2.953266 0.288887
Car -1 -1 1.740682 1305.135864 128.724442 1353.684448 174.836304 2.015173 1.717858 4.794888 20.524643 -19.999641 129.105829 1.898338 0.136653
Car -1 -1 1.703747 1395.999390 147.015198 1441.021362 187.386414 1.374631 1.482360 4.273341 22.205843 -16.666826 111.288313 1.900695 0.300067
