Car -1 -1 2.838031 1096.307861 360.434357 1355.199707 466.885803 1.501189 1.898982 4.453704 5.745145 -2.221400 44.442982 2.966588 4.659244
Car -1 -1 2.711321 1679.587646 356.574097 1903.754639 457.993713 1.597646 1.870357 3.732539 18.065521 -2.425038 46.488168 3.081966 3.899153
Car -1 -1 -1.824500 1338.436157 689.626221 1603.461426 907.157837 0.739410 1.524010 4.225375 5.543371 2.570978 23.441129 -1.592286 3.293534
Car -1 -1 2.765981 0.000000 389.024872 261.338898 563.374329 1.676830 1.923496 4.487656 -14.294945 -0.688598 37.062029 2.397860 2.134930
Car -1 -1 -1.653026 966.698547 718.312744 1210.836426 1018.094055 0.942034 1.748804 4.492013 1.256107 2.965554 20.618481 -1.592179 2.400053
Car -1 -1 2.935462 492.885590 388.381439 717.884094 497.587036 1.306755 1.856818 3.613597 -6.325692 -1.592753 41.240121 2.783261 4.087063
Car -1 -1 -1.472520 564.160889 632.981140 800.377563 958.299072 1.456613 1.713577 4.545375 -2.452604 2.704340 21.935096 -1.583869 2.948318
Car -1 -1 1.785960 380.025116 211.679108 466.149719 285.429077 1.789877 1.701340 4.406047 -17.599485 -9.334404 74.544797 1.554113 1.164159
Car -1 -1 -0.679564 1122.391602 281.522095 1318.838745 374.228577 1.718574 1.926588 4.450696 7.319028 -5.011117 56.761923 -0.551329 1.925521
Car -1 -1 -0.428101 789.303406 327.631805 1007.656006 410.351837 1.274968 1.878703 4.450836 -1.014940 -3.768255 51.381043 -0.447852 2.601173
Car -1 -1 1.944334 37.584480 258.477081 135.938782 326.425568 1.386712 1.274274 3.833797 -25.534497 -7.068433 65.554654 1.572900 0.276212
Car -1 -1 1.818278 347.366211 175.080124 429.539764 246.113083 2.212678 1.783223 4.979435 -22.401668 -12.567661 89.061716 1.571860 0.363665
Car -1 -1 1.844024 293.941101 244.692062 403.768097 325.514496 1.669204 1.647947 4.370932 -17.728487 -7.180235 65.816101 1.580905 1.135463
Car -1 -1 1.877483 160.252182 256.013702 266.971405 323.851349 1.339237 1.477436 4.270643 -21.993042 -7.281880 66.391974 1.557599 1.372009
Car -1 -1 -1.620940 1058.986328 244.685638 1124.653931 309.710114 1.438092 1.799851 4.252965 4.882433 -8.166279 71.009434 -1.552291 1.368793
Car -1 -1 1.891799 132.869858 238.516510 226.562393 297.998352 1.349270 1.396169 4.217387 -25.290542 -8.697983 72.778681 1.557353 1.029771
Car -1 -1 1.849001 248.995270 227.949554 331.793610 285.933075 1.368658 1.450097 4.240676 -22.506275 -9.463479 75.991144 1.561062 1.033066
Car -1 -1 1.748057 492.703918 178.806946 551.127502 226.425674 1.561954 1.547080 4.234081 -18.504743 -14.401672 96.869742 1.559304 0.644637
Car -1 -1 1.765921 427.252197 194.294022 501.557312 258.938965 1.822126 1.621002 4.510697 -17.848021 -11.158577 82.288493 1.552334 0.537235
Car -1 -1 1.631916 636.280884 152.191467 681.342468 188.725555 1.625312 1.816012 4.260806 -15.504321 -19.803703 120.623826 1.504083 0.447954
