Car -1 -1 1.782189 134.679230 223.826111 241.129410 303.909424 1.502686 1.671993 4.338246 -20.793283 -6.766159 74.804332 1.511065 0.869590
Car -1 -1 -1.619556 909.178101 207.431503 974.188538 267.141876 1.194560 1.626830 4.226233 -0.635791 -8.847083 86.435943 -1.626911 0.948380
Car -1 -1 1.819306 69.043556 181.900848 149.194870 234.983902 1.338932 1.500779 4.260738 -29.939493 -10.926289 97.622304 1.521726 0.849353
Car -1 -1 1.729547 273.523834 185.134384 348.780273 239.945877 1.293558 1.678584 4.250128 -22.198053 -10.511175 94.789250 1.499510 0.821321
Car -1 -1 1.763810 176.265686 151.365372 243.161514 200.591873 1.511536 1.616569 4.260137 -31.078132 -14.165332 114.814270 1.499463 0.623378
Car -1 -1 1.744061 236.919769 164.401611 306.666901 212.990387 1.365777 1.637262 4.250092 -26.774649 -12.918596 108.007527 1.501064 0.540117
Car -1 -1 1.772335 123.955032 197.663834 208.397339 257.956604 1.364296 1.536776 4.258643 -25.426519 -9.337265 88.968051 1.493962 1.031300
Car -1 -1 -1.584840 818.255981 152.087006 865.176941 194.571487 1.259402 1.674474 4.257043 -5.041214 -14.711145 117.367465 -1.627766 0.714113
Car -1 -1 -1.629318 907.867371 139.273315 956.746704 182.739868 1.395573 1.774302 4.262878 -1.313698 -16.076319 124.241101 -1.639892 0.409562
Car -1 -1 1.701685 366.075226 144.869110 425.255341 192.337738 1.534272 1.816440 4.264392 -23.896413 -14.764081 117.250755 1.500633 0.613147
Car -1 -1 1.716032 316.832306 137.651596 372.445129 178.493317 1.415629 1.644575 4.248877 -27.796483 -16.336215 125.277307 1.497690 0.469150
Car -1 -1 1.751789 261.677185 134.687378 316.066589 173.837601 1.333452 1.637900 4.238873 -30.985329 -16.849126 127.832851 1.513986 0.445753
