Car -1 -1 -0.322821 1384.552979 261.442108 1666.969482 366.646606 1.315317 1.858793 4.311141 9.748371 -3.280378 48.586634 -0.124812 3.311125
Car -1 -1 -1.687761 967.747253 621.091736 1229.004395 889.089966 0.812832 1.659740 4.265903 1.024258 1.983808 24.480754 -1.645947 2.828675
Car -1 -1 -1.522209 569.867371 605.010376 814.884949 857.646423 0.810948 1.799507 4.298476 -2.453337 1.845049 25.234125 -1.619128 2.333308
Car -1 -1 0.293360 2.140998 299.085846 315.520355 435.594757 1.610763 1.903204 4.265528 -13.034325 -1.976839 44.439974 0.008059 2.899154
Car -1 -1 -1.826750 1372.332886 617.843750 1684.488892 881.149841 0.855179 1.499864 4.248150 4.876814 1.988160 24.852814 -1.632984 3.809707
Car -1 -1 0.045827 653.760071 286.554291 966.843140 398.166687 1.281553 1.910810 4.828450 -2.708038 -2.700400 46.948335 -0.011790 2.915007
Car -1 -1 2.884405 1287.446167 213.307739 1543.626587 307.734680 1.348609 1.861778 4.543238 9.005905 -4.871414 56.159366 3.043414 2.334904
Car -1 -1 -1.454723 834.857361 115.191849 914.305725 175.792862 1.236047 1.696516 4.282782 -2.939370 -11.162601 85.522845 -1.489079 0.709903
Car -1 -1 -0.400060 1644.463867 283.862579 1914.535645 402.931274 1.341586 1.853347 4.903223 14.187022 -2.661179 46.847701 -0.106006 1.052077
Car -1 -1 2.999817 1201.994385 163.328583 1422.974609 252.281708 1.540275 1.842346 4.646996 8.141758 -6.958177 66.108294 3.122358 2.017474
Car -1 -1 -1.405846 159.234055 570.957947 458.355469 852.420105 1.030686 1.740144 4.534953 -5.911806 1.762826 25.345486 -1.634998 1.705456
Car -1 -1 -1.415299 1351.273438 106.126076 1487.135498 168.197998 1.313664 1.699954 4.313390 14.126952 -11.610291 87.314890 -1.254896 0.603601
Car -1 -1 2.983490 941.556152 224.039398 1197.299194 318.421234 1.302783 1.863874 4.516649 1.848437 -4.533455 54.493038 3.017397 2.334524
Car -1 -1 3.082432 596.651489 211.661346 898.352234 327.155884 1.662073 1.961969 4.944197 -4.472393 -4.430285 54.528885 3.000596 1.722313
Car -1 -1 3.134345 246.322784 226.584076 516.801636 340.887878 1.480034 1.854149 4.555965 -11.366684 -4.138125 53.457612 2.924836 3.166375
Car -1 -1 0.065076 774.501770 239.835968 1052.647461 354.154785 1.485277 1.889569 4.611339 -1.041107 -3.633769 50.628289 0.044515 1.658593
Car -1 -1 1.769372 254.014587 123.876953 344.234344 182.376541 1.203348 1.636486 4.258136 -20.582456 -10.898211 85.060479 1.531961 1.003186
Car -1 -1 1.795384 139.678696 122.659943 231.083038 182.309708 1.253851 1.539746 4.282273 -24.384533 -11.053042 86.155706 1.519569 1.067755
Car -1 -1 -1.284047 0.392354 871.352722 322.421021 1080.000000 1.152098 1.949641 4.233127 -5.703043 3.902639 18.133397 -1.588758 3.550686
Car -1 -1 -0.054307 172.443100 210.149734 393.631531 298.613403 1.304724 1.862668 4.080294 -14.838452 -5.335031 59.454407 -0.298887 1.509335
Car -1 -1 1.840966 25.067818 106.502762 124.340378 177.747635 1.664498 1.611904 4.279531 -28.319306 -11.328154 87.685860 1.528578 0.946654
Car -1 -1 2.799399 1667.998047 209.776489 1908.233276 299.498291 1.307243 1.823833 4.294649 16.679700 -5.010390 56.222470 3.087801 0.959162
Car -1 -1 0.405316 0.000000 236.864319 123.231567 325.702545 1.262550 1.857065 3.897670 -19.696763 -4.543341 56.779557 0.071407 0.717313
Car -1 -1 -2.861074 3.389706 188.219330 228.083344 264.626190 1.304833 1.860392 4.557914 -19.978368 -6.491959 64.825507 3.123161 1.170456
Car -1 -1 1.725987 378.842377 115.522781 460.043915 179.322113 1.294946 1.622836 4.261890 -16.925387 -11.030186 85.286396 1.530079 0.923119
Car -1 -1 -0.788860 1151.955200 138.286514 1288.993164 209.627625 1.344615 1.812141 3.757142 6.863475 -9.050910 75.763091 -0.698516 1.146199
Car -1 -1 -1.709716 1223.812378 74.762177 1291.110352 123.805824 1.302460 1.702005 4.255339 11.042653 -15.727807 106.798522 -1.606685 0.678403
Car -1 -1 -3.060418 358.155090 211.356537 592.991089 307.525604 1.361314 1.849327 3.989421 -9.790165 -4.824130 55.417301 3.047909 0.687859
Car -1 -1 1.831172 105.598579 97.831482 185.039322 158.202850 1.448491 1.336552 4.267198 -27.967351 -12.756051 93.896574 1.541686 0.812074
Car -1 -1 1.759861 313.710632 103.490227 386.223175 160.325790 1.307714 1.355764 4.248077 -20.635998 -12.463174 92.148926 1.539554 1.054045
Car -1 -1 1.765256 253.841827 89.434853 324.179016 138.678757 1.257154 1.562536 4.272460 -24.933447 -14.382284 101.275387 1.523862 0.748649
Car -1 -1 1.797485 194.890945 102.399605 267.916931 160.071045 1.347550 1.282889 4.267262 -25.045762 -12.755121 94.280040 1.537830 0.714354
Car -1 -1 1.804197 166.163681 81.469551 235.093063 130.695328 1.272192 1.314098 4.241631 -28.277019 -14.718498 101.819519 1.533306 0.605778
Car -1 -1 3.138375 743.139587 192.973145 926.203308 263.894592 1.185476 1.822402 3.975325 -3.106591 -6.128377 61.588692 3.087976 0.371974
Car -1 -1 1.698921 437.404175 49.587090 491.798279 95.897156 1.472858 1.686235 4.267372 -22.298127 -19.035608 121.885521 1.517979 0.525491
Car -1 -1 1.715362 390.086700 26.520109 443.757446 78.599487 2.008057 1.469442 4.949986 -26.335585 -21.211591 131.681288 1.517971 0.170878
Car -1 -1 1.712934 377.932037 76.836983 438.107025 125.367577 1.254696 1.611162 4.260710 -21.743785 -15.748404 107.256140 1.512917 0.489014
Car -1 -1 1.793075 308.158752 72.736710 366.492676 117.500000 1.190327 1.232686 4.258937 -25.536112 -16.657767 111.619826 1.568168 0.431225
Car -1 -1 1.744850 273.509186 60.416283 329.328369 99.926544 1.201975 1.254951 4.258739 -29.296392 -18.739413 120.976136 1.507257 0.310816
Car -1 -1 1.838666 18.811417 74.801117 93.794434 127.859482 1.498169 1.523004 4.298728 -35.659715 -15.753425 108.188954 1.520274 0.297667
Car -1 -1 1.821385 70.614655 67.745865 133.900467 111.895309 1.402983 1.451475 4.279031 -37.314454 -17.905092 119.255238 1.518139 0.236408
Car -1 -1 1.762743 344.068695 85.337234 410.178497 139.018982 1.383875 1.402294 4.266328 -21.509923 -14.264618 100.684779 1.552271 0.279275
Car -1 -1 -1.657233 1151.854004 42.701542 1199.368164 80.163986 1.314457 1.654880 4.254667 9.725396 -21.221932 131.643526 -1.583490 0.240626
