Car -1 -1 -1.476533 527.267700 735.365417 760.641846 982.177734 0.759333 1.526791 4.248380 -2.796369 2.629585 23.987040 -1.592588 2.972967
Car -1 -1 -1.742383 1231.225098 718.688538 1532.934204 993.549377 0.934695 1.634399 4.315714 3.344376 2.643798 23.649800 -1.601902 4.110816
Car -1 -1 -1.361041 115.296417 749.572327 415.008057 1003.328369 0.711894 1.404947 4.235529 -5.855352 2.662037 23.167793 -1.608594 3.345857
Car -1 -1 1.128360 308.519043 330.206085 480.847290 424.741852 1.169484 1.399790 4.659346 -12.298465 -3.322024 58.032572 0.919526 0.685431
Car -1 -1 0.566131 617.156067 332.895447 889.282715 474.499603 1.919867 1.900201 4.325746 -4.128656 -2.041326 51.360272 0.485917 4.196175
Car -1 -1 -1.613310 900.567810 720.474121 1146.030273 979.602966 0.856147 1.787580 4.291988 0.314048 2.599382 24.044714 -1.600249 2.428567
Car -1 -1 1.768681 287.090546 273.768341 381.229980 352.067047 1.331629 1.347636 4.232578 -16.319040 -5.559512 70.126015 1.540040 1.202440
Car -1 -1 1.717982 462.665588 202.265350 527.822083 250.800766 1.354407 1.578731 4.244308 -18.273566 -11.678397 104.632728 1.545081 0.781106
Car -1 -1 2.685318 1804.342163 330.373322 1918.650879 434.960052 1.520595 1.916895 4.199038 19.401676 -2.886817 55.830451 3.019773 0.896489
Car -1 -1 1.767984 339.633453 179.355453 394.924927 217.880066 1.343053 1.667806 4.253869 -28.829292 -15.970564 130.323195 1.550276 0.539413
