Car -1 -1 -1.655997 1020.683411 781.941406 1266.192871 1036.822021 0.921654 1.778599 4.231491 1.267699 3.239446 25.165694 -1.605666 2.538257
Car -1 -1 -1.712072 1186.855957 529.338440 1352.122925 671.166321 0.975079 1.552342 4.247884 3.779376 0.741053 38.295529 -1.613701 2.089808
Car -1 -1 -2.062805 1402.624634 303.820190 1553.407593 373.381805 1.232324 1.731763 3.935962 12.566104 -5.299011 71.858733 -1.889683 0.626432
Car -1 -1 -1.533484 784.628113 439.699127 904.476624 553.516602 1.088215 1.743936 4.244102 -2.481249 -0.790179 46.790281 -1.586463 2.094409
Car -1 -1 1.657529 638.698608 299.054962 728.688354 389.859589 1.577224 1.712337 4.258643 -7.543976 -4.685522 67.930552 1.546928 0.828368
Car -1 -1 -1.541839 841.657837 263.140930 907.969238 331.180756 1.422099 1.724641 4.225676 -3.446350 -7.138617 81.130465 -1.584293 1.013137
Car -1 -1 -1.622154 1065.457520 298.888855 1149.838135 365.706940 1.201009 1.896902 4.262362 3.058748 -5.659807 73.920291 -1.580799 1.438700
Car -1 -1 -1.555565 883.488892 222.997421 934.815918 268.934113 1.269143 1.762329 4.244190 -3.106296 -11.215265 103.751324 -1.585496 0.851700
Car -1 -1 -1.574318 970.005188 202.269180 1019.555176 251.574921 1.587325 1.837660 4.254510 0.097120 -12.913192 113.446265 -1.573462 0.735621
Car -1 -1 -1.583104 1028.575317 220.147125 1084.512085 271.275482 1.452453 1.821412 4.239241 2.383886 -11.063675 103.264766 -1.560023 0.801549
Car -1 -1 -1.577972 993.682617 269.195618 1058.804810 328.984924 1.265762 1.818679 4.256641 0.996379 -7.298757 82.636333 -1.565916 1.368426
Car -1 -1 -1.551761 888.931702 136.107132 917.813049 161.737381 1.442370 1.800512 4.244875 -6.250685 -27.896327 193.842751 -1.583996 0.416708
Car -1 -1 -1.578495 982.457581 133.191940 1010.540466 158.347626 1.519808 1.841153 4.263252 0.292330 -28.831201 198.894545 -1.577025 0.287805
Car -1 -1 1.678526 686.242615 254.185379 767.973694 326.533600 1.598994 1.756152 4.238317 -7.815886 -7.287554 81.772959 1.583235 0.987238
Car -1 -1 -1.557053 900.143066 158.474045 935.328125 190.586166 1.399183 1.748908 4.231731 -4.148684 -20.618390 153.782161 -1.584024 0.398630
Car -1 -1 -1.563428 933.207886 149.690735 966.048462 178.189728 1.408228 1.784422 4.244030 -2.584407 -23.113524 167.180828 -1.578885 0.353580
Car -1 -1 -1.599882 1006.641663 160.025574 1044.724243 191.450104 1.433265 1.894924 4.238121 1.874527 -20.863235 156.057533 -1.587871 0.389894
Car -1 -1 1.640605 726.353638 210.262817 787.418152 268.591492 1.628276 1.819246 4.240247 -8.685902 -11.087084 102.176938 1.555801 0.515002
