Car -1 -1 2.815094 1464.399902 344.791443 1720.214111 452.033813 1.633694 1.903197 4.351081 13.562134 -2.529018 45.830720 3.102802 4.070834
Car -1 -1 -1.645550 970.747681 732.341125 1175.031738 962.558716 0.667511 1.571927 4.230288 1.210810 2.869597 22.077114 -1.590760 1.069720
Car -1 -1 -2.602412 1548.174561 278.064606 1715.561646 350.029816 1.319811 1.837782 3.838640 19.154746 -5.959535 60.652870 -2.296515 2.510985
Car -1 -1 1.820264 315.351440 242.240265 408.874176 312.222290 1.502794 1.532342 4.236341 -18.215779 -7.895303 69.099107 1.562510 1.162576
Car -1 -1 1.922867 20.512083 260.215179 129.775879 337.380463 1.503911 1.317645 4.198544 -25.038032 -6.607574 63.506190 1.547317 1.016005
Car -1 -1 1.906721 121.038033 243.930679 215.256485 302.231567 1.270367 1.408754 4.236371 -25.385013 -8.489491 71.934512 1.567473 1.150193
Car -1 -1 -2.003481 1349.918823 237.571808 1467.776489 305.112305 1.556232 1.603172 4.556684 15.437253 -8.461438 72.328950 -1.793205 0.597176
Car -1 -1 1.874030 195.968521 250.683578 290.749451 311.874146 1.269839 1.435759 4.245826 -21.821980 -7.843027 68.666239 1.566326 1.338998
Car -1 -1 1.775837 438.219360 178.609940 495.967621 221.069733 1.465389 1.595975 4.257222 -21.827081 -15.211332 100.835367 1.562663 0.735088
Car -1 -1 1.844616 278.695099 223.968155 354.911774 277.338745 1.322717 1.303697 4.225802 -22.063400 -9.924236 77.630171 1.567706 0.375309
Car -1 -1 1.779554 429.259583 208.678177 499.343597 259.628571 1.307488 1.585096 4.249733 -18.446812 -11.497507 84.844177 1.565466 0.932242
Car -1 -1 1.676911 620.241882 142.770294 659.520203 175.120117 1.386377 1.678624 4.257838 -18.280628 -22.643671 133.174426 1.540495 0.575103
Car -1 -1 1.669592 539.213013 171.801865 588.139038 210.666656 1.328028 1.582169 4.237670 -18.190666 -16.382225 105.483543 1.498822 0.646595
Car -1 -1 1.757032 473.525574 196.783157 534.520081 242.481125 1.324491 1.434729 4.227328 -18.064050 -12.941267 90.778113 1.560607 0.860668
Car -1 -1 1.847741 236.649826 200.702789 315.091949 254.533051 1.519973 1.558450 4.292778 -26.031504 -11.813758 85.977574 1.553744 0.735643
Car -1 -1 1.810958 377.007172 231.116516 448.650604 283.951385 1.223123 1.337624 4.235433 -18.400628 -9.572326 76.345607 1.574451 0.984340
Car -1 -1 1.790728 406.340424 171.018341 458.104034 205.471725 1.310142 1.458059 4.235454 -25.231431 -17.031081 108.812127 1.562874 0.619805
Car -1 -1 1.880536 185.453293 225.134216 262.584778 277.078003 1.266955 1.248618 4.223166 -25.649174 -10.021014 78.363908 1.564217 0.582066
Car -1 -1 1.806576 337.847809 208.600922 405.538177 252.629074 1.128653 1.364242 4.230481 -21.970066 -11.677816 84.679716 1.552724 0.802436
Car -1 -1 1.736983 505.464294 181.274124 561.327332 225.462723 1.491505 1.567586 4.244982 -18.407437 -14.637198 98.332677 1.551929 0.523201
Car -1 -1 1.737603 508.562042 159.116104 556.246338 191.629166 1.329611 1.565601 4.234121 -21.743226 -18.909651 116.320847 1.552811 0.365817
Car -1 -1 1.799160 348.379791 183.638611 411.383789 223.212158 1.259635 1.428796 4.252778 -25.443309 -14.898033 99.379999 1.548523 0.635821
Car -1 -1 1.721650 550.610596 146.702927 592.457581 177.160431 1.393450 1.706132 4.252176 -21.925780 -21.952996 130.025971 1.554595 0.485498
Car -1 -1 1.796507 375.136902 196.391052 435.887543 236.789398 1.252768 1.507038 4.226955 -22.411536 -13.106516 91.493727 1.556285 0.621865
Car -1 -1 1.764064 517.692871 140.574554 555.767151 168.062927 1.324079 1.490740 4.249406 -25.001043 -23.288629 135.468969 1.581566 0.256354
Car -1 -1 1.717685 487.756836 186.000732 550.041504 235.538055 1.360816 1.532436 4.238689 -18.205518 -14.069698 95.488712 1.529290 0.398995
Car -1 -1 1.851711 301.477631 196.871735 356.486115 234.437393 1.106443 1.066131 4.267227 -26.126177 -13.502684 93.333485 1.578774 0.292310
