Car -1 -1 -0.381712 1598.659424 396.467957 1849.561768 499.624237 1.393718 1.833930 3.946159 15.345146 -1.549193 43.052467 -0.039321 4.086043
Car -1 -1 2.947834 948.974548 345.074646 1198.077026 452.442413 1.621809 1.924407 4.592577 2.735112 -2.569573 46.140953 3.007042 4.016313
Car -1 -1 2.745107 1506.271729 337.951996 1761.029419 450.453491 1.787635 1.951855 4.542027 14.725007 -2.627704 46.767311 3.050138 2.330195
Car -1 -1 -3.043118 439.362976 333.914520 668.434082 419.633514 1.372277 1.864136 4.493728 -8.637123 -3.346677 48.991671 3.065562 3.045165
Car -1 -1 1.877358 145.375061 254.195923 261.352844 330.816528 1.502072 1.700919 4.471105 -21.761729 -6.944494 64.866726 1.553673 1.141732
Car -1 -1 1.804131 276.798615 250.984436 381.147247 327.655090 1.547680 1.753891 4.468763 -18.214623 -7.069755 65.397501 1.532494 1.066251
Car -1 -1 1.773430 412.907898 211.537384 485.360718 265.263397 1.397777 1.562083 4.235684 -18.286222 -10.873436 81.715280 1.553278 1.052030
Car -1 -1 1.906517 103.717743 236.292206 197.442596 306.836731 1.591417 1.278356 4.235743 -25.410213 -8.198851 70.553106 1.560822 1.187866
Car -1 -1 1.812145 265.194519 229.597290 349.656708 288.105316 1.421705 1.616888 4.239746 -21.604541 -9.228955 74.936722 1.531453 1.459025
Car -1 -1 -1.616002 962.765808 919.152405 1260.620850 1079.250610 0.437169 1.864117 4.278477 1.225928 3.928045 17.244342 -1.545030 6.882545
Car -1 -1 1.787459 344.770447 203.472107 414.648071 253.075729 1.397416 1.645553 4.235537 -21.950306 -11.802014 85.756391 1.536878 1.118693
Car -1 -1 1.733169 526.697266 168.316772 580.103333 213.504730 1.664917 1.750363 4.244241 -18.313924 -15.901721 103.369966 1.557819 0.696045
Car -1 -1 1.789971 353.849457 231.033005 430.891022 292.625183 1.417585 1.376131 4.252416 -18.463287 -9.021264 73.898016 1.545135 1.168357
Car -1 -1 1.754666 458.632080 200.141479 519.643738 245.860291 1.322544 1.458908 4.229303 -18.122032 -12.360869 87.884145 1.551313 0.809793
Car -1 -1 1.750502 496.710541 183.222885 553.974426 230.233536 1.510085 1.470770 4.246904 -18.148063 -14.102746 95.805689 1.563294 0.693400
Car -1 -1 1.848343 222.492416 214.190659 301.815186 265.031403 1.317169 1.607380 4.249169 -25.372154 -10.882149 81.971059 1.548170 0.677871
Car -1 -1 1.796116 363.450043 170.598679 425.019623 214.982788 1.594462 1.594454 4.347238 -25.825072 -15.840187 103.344082 1.551238 0.586095
Car -1 -1 1.798785 338.187347 183.636551 400.727142 228.447769 1.432950 1.493070 4.253562 -25.111228 -14.246909 96.318700 1.543752 0.513040
Car -1 -1 1.650589 671.304382 109.469696 698.946899 134.498734 1.757467 1.916198 4.278201 -22.194719 -35.524987 190.247859 1.534452 0.265922
Car -1 -1 1.840423 289.601929 201.663956 357.521515 245.224060 1.231255 1.405392 4.244056 -25.584221 -12.841395 90.829842 1.565864 0.778364
