Car -1 -1 -1.725740 1158.949585 410.705566 1296.462158 537.389038 1.251696 1.641052 4.193836 5.217706 -1.064866 40.298652 -1.596980 2.877443
Car -1 -1 -1.316651 141.144867 760.027344 457.225769 1003.051758 0.570629 1.643093 4.288817 -5.977500 2.981870 20.907082 -1.595129 2.925055
Car -1 -1 1.894044 87.534477 294.560303 237.241501 409.133270 1.781332 1.471973 4.928857 -17.639922 -3.780283 49.878493 1.554114 1.343715
Car -1 -1 -1.621694 958.030762 582.270630 1118.490356 754.095459 0.898158 1.678775 4.235517 1.202244 1.590487 28.458906 -1.579474 3.318704
Car -1 -1 -1.764329 1314.805908 230.787186 1388.494995 285.201263 1.333984 1.562623 4.235056 14.640173 -9.725289 77.992420 -1.578775 1.041824
Car -1 -1 -1.640997 955.585632 890.286438 1232.757568 1077.564453 0.744598 1.819671 4.241425 1.099902 4.018803 18.205207 -1.580653 6.308163
Car -1 -1 1.732664 534.548828 176.323547 587.024719 215.030594 1.379927 1.700434 4.233716 -18.026165 -15.957521 104.056614 1.561132 0.754471
Car -1 -1 -1.562426 841.432068 219.335312 900.495972 278.839325 1.622464 1.780527 4.248599 -2.501298 -9.940933 78.217311 -1.594394 1.340509
Car -1 -1 -1.873511 1367.066284 799.810669 1765.876709 1079.696777 1.182030 2.110620 4.301397 5.494560 3.899724 20.069928 -1.606288 3.642107
Car -1 -1 -1.644995 1088.322266 220.058075 1151.387817 288.070190 1.644898 1.839813 4.352067 6.260745 -9.526428 76.752588 -1.563605 0.707310
Car -1 -1 -1.601968 856.072510 280.396393 936.961182 366.010406 1.550907 1.964393 4.334205 -1.241050 -5.484340 59.252743 -1.622910 0.898551
Car -1 -1 1.828549 310.679932 250.198151 400.680145 315.712250 1.335683 1.377852 4.240654 -18.117791 -7.663438 67.911114 1.567835 1.500777
Car -1 -1 1.766161 425.575256 252.250214 508.187286 314.722626 1.265824 1.494049 4.237239 -14.516894 -7.595675 67.247102 1.553550 1.105791
Car -1 -1 1.823266 330.767365 211.480072 405.764832 266.066833 1.325209 1.551886 4.238440 -21.483146 -10.977023 82.285271 1.567886 0.789853
Car -1 -1 1.897164 134.837723 232.170166 222.232391 295.485626 1.511726 1.368833 4.233509 -25.603930 -8.896088 73.713725 1.562858 1.005932
Car -1 -1 1.872668 34.009636 301.746399 136.189774 381.308746 1.290473 1.074656 4.222785 -22.136762 -4.888977 56.785617 1.500959 1.335307
Car -1 -1 1.749819 469.274536 229.120255 542.698669 287.746155 1.348645 1.548100 4.236598 -14.811134 -9.257826 74.685569 1.554046 1.217540
Car -1 -1 1.790891 433.928864 209.640564 503.922333 262.124207 1.333970 1.614029 4.235454 -17.627836 -11.023407 81.960036 1.579040 0.971552
Car -1 -1 1.860199 170.285812 243.458725 280.930969 319.002319 1.525316 1.462411 4.596314 -21.903705 -7.535822 67.351565 1.545773 0.891108
Car -1 -1 1.796781 349.328094 178.730072 413.090210 221.886612 1.395574 1.724535 4.251366 -25.895067 -15.277258 101.302211 1.546518 0.820334
Car -1 -1 1.774496 427.623230 188.182266 489.285492 230.987946 1.352929 1.592549 4.246855 -21.038641 -13.998625 95.342842 1.557313 0.757118
Car -1 -1 1.720375 508.537994 160.784195 559.941162 198.009918 1.417088 1.737166 4.241224 -21.303525 -18.459938 114.866982 1.536996 0.545182
Car -1 -1 -1.562463 874.303467 169.003510 915.074768 203.836029 1.344069 1.833647 4.244615 -2.368121 -17.935630 113.644422 -1.583298 0.756149
Car -1 -1 -1.570396 878.017761 136.629425 910.113892 166.632050 1.611927 1.787446 4.255849 -3.036643 -24.616946 142.520412 -1.591699 0.363524
Car -1 -1 1.766413 472.849030 145.560791 521.325256 184.057251 1.688284 1.676871 4.238085 -24.861500 -20.402282 122.949046 1.566894 0.464878
Car -1 -1 1.848294 251.425140 211.411209 327.530914 259.245087 1.278666 1.586213 4.249655 -25.133063 -11.420658 84.509692 1.559226 0.754661
Car -1 -1 -1.621414 1000.280457 162.381927 1041.969238 201.230179 1.432122 1.722694 4.221828 4.113110 -18.088889 113.380996 -1.585153 0.616643
Car -1 -1 -1.615855 976.894897 132.565948 1005.934998 160.225464 1.387337 1.773739 4.240626 3.516355 -26.857918 152.309584 -1.592773 0.277645
Car -1 -1 1.731992 544.076111 134.607330 584.946655 171.761154 1.783473 1.540436 4.527776 -23.140579 -23.000935 134.421794 1.561513 0.140837
Car -1 -1 1.920756 0.776017 298.731293 46.894817 377.303528 1.222604 1.351761 4.261194 -24.927862 -5.116089 57.608680 1.512373 1.141335
Car -1 -1 1.675647 635.884705 134.542862 674.905823 167.975403 1.544272 1.812050 4.245636 -17.515892 -23.414828 135.309286 1.546912 0.250676
