Car -1 -1 0.308302 2.343564 413.504639 362.905457 535.291382 1.267428 1.919900 4.534038 -11.866076 -0.605192 42.344207 0.035081 3.830789
Car -1 -1 -1.656971 898.146423 749.865784 1146.221313 997.153320 0.620717 1.627416 4.307842 0.424533 2.754530 23.892441 -1.639204 2.054435
Car -1 -1 -1.796925 1237.464966 724.490356 1535.824341 957.912842 0.621020 1.533303 4.364855 3.723436 2.624524 25.227201 -1.650387 2.455655
Car -1 -1 1.810333 42.916496 263.458557 155.916214 341.137390 1.190235 1.453923 4.250578 -20.649366 -5.233612 66.664826 1.509956 1.251817
Car -1 -1 -1.543613 705.808167 249.567017 785.225281 319.465179 1.153433 1.787154 4.250345 -5.503090 -6.071434 71.100293 -1.620858 1.231272
Car -1 -1 -1.494699 371.521027 788.153748 670.470154 1080.000000 1.249291 1.808920 4.284059 -3.340865 3.597082 21.906879 -1.646036 2.617065
Car -1 -1 1.829889 0.000000 216.108917 76.940376 320.959412 1.939870 1.993900 4.527954 -25.166178 -6.314049 73.287407 1.499115 0.496891
Car -1 -1 1.777653 115.085129 225.318771 212.804825 306.387634 1.493029 1.496467 4.278945 -21.099592 -6.591529 73.588504 1.498420 0.769102
Car -1 -1 -1.588353 913.403503 195.740967 980.013367 254.120956 1.297600 1.827365 4.245358 -0.479288 -9.496816 89.401030 -1.593714 0.991295
Car -1 -1 -1.597739 845.008301 176.900055 897.743835 222.981522 1.184947 1.777736 4.264161 -3.305912 -11.799188 101.570556 -1.630276 0.758589
Car -1 -1 1.814906 49.534584 217.863449 142.347214 284.199738 1.334062 1.315476 4.248048 -25.042129 -7.725895 80.277905 1.512529 0.786188
Car -1 -1 1.759526 173.710663 210.712601 262.204803 279.326294 1.399646 1.501898 4.243635 -21.981374 -8.085572 82.302808 1.498538 0.982635
Car -1 -1 1.831185 0.574777 166.864777 35.120358 215.100220 1.379364 1.146579 4.275071 -38.049328 -13.107907 110.260187 1.498894 0.432531
