Car -1 -1 -1.643321 1028.954590 746.679443 1269.837036 1002.296448 0.951804 1.810528 4.272845 1.354059 2.995981 25.628641 -1.590537 2.518098
Car -1 -1 -1.528094 719.113403 665.780762 910.298096 849.702209 0.829633 1.831626 4.251232 -1.877404 2.228792 30.252138 -1.590073 2.595083
Car -1 -1 1.766410 391.221863 304.965576 489.233063 385.108307 1.347678 1.496178 4.249915 -13.882135 -4.923979 69.724235 1.569880 1.102896
Car -1 -1 1.787052 270.926086 304.655792 377.920532 380.337219 1.327392 1.640527 4.237763 -17.086942 -5.086387 70.857603 1.550425 1.289889
Car -1 -1 -1.770963 1352.605713 778.416443 1661.313965 1056.356201 0.889293 1.677415 4.402930 4.390052 3.184590 24.345102 -1.592554 3.669957
Car -1 -1 1.719634 499.494080 293.608154 597.999878 386.060486 1.646229 1.647414 4.237059 -11.020284 -4.825022 68.810481 1.560829 1.034667
Car -1 -1 -1.572541 949.243286 236.059036 1010.364075 294.109009 1.485331 1.891944 4.244823 -0.427199 -9.432921 94.427752 -1.577065 1.285510
Car -1 -1 1.657238 648.055847 289.369202 730.350952 378.091492 1.644033 1.588736 4.244214 -7.693347 -5.122880 70.467942 1.548493 1.297097
Car -1 -1 -1.555801 940.831665 194.137543 986.265259 239.925049 1.545064 1.876786 4.237317 -1.224255 -13.856162 117.837452 -1.566190 0.771063
Car -1 -1 1.821313 252.579987 231.696289 330.586182 284.934204 1.350987 1.540255 4.249218 -24.756903 -10.073696 97.802654 1.573389 0.859035
Car -1 -1 -1.533521 851.527832 198.370316 901.375854 250.693832 1.719225 1.756860 4.323273 -4.652301 -12.676198 110.945420 -1.575430 0.573466
Car -1 -1 1.723024 456.715363 275.452850 543.370178 345.416656 1.402737 1.619574 4.247279 -13.772637 -6.441867 77.516408 1.547185 0.890225
Car -1 -1 -1.601342 1037.134521 218.769882 1090.109497 272.437653 1.556536 1.782867 4.246899 2.600084 -10.889544 101.922164 -1.575837 0.739707
Car -1 -1 1.704216 563.659424 276.926727 640.420654 349.868134 1.473768 1.480910 4.238271 -10.668419 -6.160091 75.690614 1.564191 0.978335
Car -1 -1 1.692536 666.013428 181.548721 719.038208 225.503174 1.564290 1.814244 4.259577 -13.548620 -15.312798 124.993771 1.584563 0.476375
Car -1 -1 -1.587810 1009.251343 173.978958 1052.506470 210.953018 1.509447 1.939020 4.256130 1.937494 -17.569811 138.110152 -1.573782 0.543244
Car -1 -1 -1.606159 1031.837769 205.462723 1081.161133 253.933838 1.475210 1.755373 4.297595 2.616679 -12.671203 112.114102 -1.582824 0.448818
Car -1 -1 1.682927 594.592773 256.827698 664.130676 319.150574 1.404462 1.473558 4.252437 -11.153058 -7.763388 84.798751 1.552154 0.994567
Car -1 -1 -1.560897 935.389038 147.358322 966.418274 176.253983 1.388470 1.679373 4.251664 -2.572852 -23.766944 170.932982 -1.575948 0.396395
Car -1 -1 1.636184 732.625671 219.594955 791.584778 278.559937 1.663316 1.689092 4.233509 -8.237210 -10.395953 99.145492 1.553292 0.660881
Car -1 -1 -1.559069 896.533813 131.472549 924.306152 158.119965 1.605230 1.772664 4.260979 -5.929520 -28.864770 198.970155 -1.588861 0.234046
Car -1 -1 -1.551874 879.815552 154.869247 914.543945 186.544861 1.481525 1.775974 4.259228 -5.390842 -21.138048 156.215340 -1.586370 0.451626
Car -1 -1 -1.546465 864.743103 170.861923 903.170044 206.520767 1.323473 1.738948 4.244462 -5.407674 -17.888259 138.434293 -1.585509 0.427938
Car -1 -1 -1.581641 993.266663 156.131699 1027.501099 185.563309 1.428664 1.819573 4.240587 1.031722 -21.689236 160.113814 -1.575198 0.322254
Car -1 -1 1.653092 698.905884 245.307785 767.158264 315.239532 1.653368 1.675940 4.236964 -7.903085 -7.827425 84.626299 1.559974 0.922156
Car -1 -1 -1.630170 1159.625977 166.323822 1202.916016 203.979721 1.531727 1.887872 4.233696 9.737812 -18.432423 142.188861 -1.561792 0.294848
Car -1 -1 -1.607934 1090.186646 133.355103 1122.147339 162.083786 1.616493 1.915151 4.253933 7.804723 -27.060313 188.605064 -1.566576 0.184677
Car -1 -1 -1.569882 988.598022 137.148956 1017.943604 164.175873 1.451083 1.772033 4.249294 0.795727 -27.314920 191.037967 -1.565717 0.176270
Car -1 -1 1.693844 663.672119 143.663849 702.749329 175.566772 1.540150 1.767697 4.257966 -19.518659 -24.334671 174.377723 1.582375 0.222940
