Car -1 -1 -2.950186 272.244568 188.524612 413.584137 245.306824 1.492944 1.868797 3.863821 -20.094636 -10.724665 71.887632 3.060428 2.612596
Car -1 -1 -1.686116 1101.076050 563.788879 1317.082275 765.222107 0.838240 1.708516 4.221468 2.713342 1.110180 24.129019 -1.574135 3.819852
Car -1 -1 -1.592285 856.898254 528.772705 1052.254883 799.733154 1.438063 1.793337 4.378763 -0.058967 1.347811 23.447971 -1.594800 1.783242
Car -1 -1 2.755891 1630.659058 186.474274 1807.904541 250.137970 1.552446 1.870300 4.424706 23.938315 -10.135026 68.591598 3.091673 2.095066
Car -1 -1 3.004981 1021.701538 176.605957 1156.052856 225.382996 1.370446 1.852050 4.448317 4.786222 -12.350131 78.307689 3.066026 1.565522
Car -1 -1 1.670007 712.707031 131.190292 762.610168 174.808319 1.537929 1.682087 4.254759 -9.925509 -17.986423 100.150034 1.571224 0.641706
Car -1 -1 2.882233 1386.436035 181.629456 1537.561035 232.937225 1.352189 1.864763 4.407828 17.397509 -11.586151 74.903833 3.110451 1.430351
Car -1 -1 2.988608 1519.145508 153.299728 1662.143799 199.839767 1.519850 1.897316 4.653451 25.394501 -14.639814 87.066677 -3.010783 0.904688
Car -1 -1 1.686937 647.688416 132.426392 698.974670 173.102982 1.358122 1.704609 4.261098 -13.196252 -18.505931 102.463671 1.558853 0.679224
Car -1 -1 2.730150 1813.418335 154.412628 1919.767456 201.684799 1.519117 1.873574 4.655416 39.287512 -15.434946 91.876722 3.134230 0.293786
Car -1 -1 1.708560 584.840210 126.433205 639.002075 173.997910 1.630181 1.721072 4.255304 -15.952995 -18.318882 101.638360 1.552872 0.630546
Car -1 -1 2.815912 1527.640625 188.855179 1677.479614 241.414948 1.303662 1.855667 4.136299 21.707675 -11.106561 73.325075 3.103738 1.271417
Car -1 -1 1.652253 744.147217 118.677628 785.378723 153.568024 1.384704 1.702955 4.258451 -9.910637 -21.454018 113.919097 1.565474 0.434672
Car -1 -1 1.667294 733.808105 92.680611 767.720093 122.879555 1.649109 1.672489 4.291389 -14.105760 -30.236759 150.515383 1.573851 0.120472
