Car -1 -1 -0.079782 578.532898 364.342621 846.526062 494.892395 1.697893 1.899076 4.441335 -4.514210 -1.589172 39.161466 -0.194547 4.464610
Car -1 -1 -0.101511 1.724223 332.835052 232.389938 448.206757 1.552643 1.894463 4.464797 -17.608253 -2.776063 44.893489 -0.475295 2.241935
Car -1 -1 -1.601250 1072.978882 630.297302 1258.201416 840.929443 0.726840 1.679461 4.221785 2.096539 1.927952 23.529500 -1.512382 2.971803
Car -1 -1 0.202390 115.955872 390.046722 387.467255 491.028748 1.251921 1.862875 4.124694 -12.950755 -1.666879 39.995897 -0.110758 4.901092
Car -1 -1 1.823293 459.151001 229.538361 551.395447 301.172546 1.505237 1.559645 4.312441 -14.139955 -8.214461 67.505723 1.616815 1.046287
Car -1 -1 1.878876 309.232300 247.852646 418.929199 316.703217 1.267681 1.618981 4.474789 -17.594929 -7.446667 64.293737 1.611752 1.039548
Car -1 -1 -0.540730 504.618866 323.460449 711.773804 412.635925 1.238726 1.808504 3.919303 -7.721750 -3.604175 47.547166 -0.701726 2.817184
Car -1 -1 1.908745 231.202988 240.437119 331.197266 311.340271 1.400039 1.292862 4.227055 -20.579717 -7.772209 65.980084 1.606399 1.381683
Car -1 -1 -1.548519 1031.970703 180.444107 1082.386841 229.286041 1.412437 1.869174 4.277875 3.925747 -13.771231 91.342031 -1.505567 0.801768
Car -1 -1 1.889858 322.541077 214.969498 409.624237 273.246307 1.328751 1.448523 4.228149 -20.959021 -10.216544 76.576483 1.622701 0.661652
Car -1 -1 -1.573358 1029.782593 156.741028 1069.561157 194.905243 1.292259 1.812908 4.254988 4.341302 -18.322587 110.785809 -1.534192 0.546620
Car -1 -1 -1.575162 1036.804077 97.535637 1059.917603 118.808716 1.495151 1.806718 4.248832 7.285067 -36.692534 187.034647 -1.536231 0.149365
Car -1 -1 1.700158 734.802551 110.094101 766.679565 134.919067 1.380489 1.764790 4.245857 -16.738689 -32.565149 171.400286 1.602808 0.235531
