Car -1 -1 3.075142 513.903503 318.322357 793.360657 442.571411 1.759505 1.930650 4.927691 -7.201694 -2.467326 54.839927 2.944567 2.941865
Car -1 -1 -0.121149 1208.219238 377.543793 1499.271484 501.855804 1.679627 1.861914 4.608950 6.059320 -1.212804 50.181133 -0.000982 4.338043
Car -1 -1 3.126746 933.119080 298.043610 1166.062256 393.882019 1.643213 1.899557 4.796729 0.699068 -3.757457 63.556894 3.137745 2.385229
Car -1 -1 2.904573 1130.069946 335.154236 1371.000977 420.914459 1.297160 1.832520 4.518959 4.954720 -3.055298 60.051865 2.986894 2.397914
Car -1 -1 1.736292 326.811523 208.980072 409.029938 269.870911 1.395754 1.735318 4.269105 -21.215240 -9.116155 90.706527 1.506533 0.711725
Car -1 -1 1.790540 211.302444 211.531342 291.806610 271.299286 1.349207 1.437104 4.265128 -25.386587 -9.245262 92.123286 1.521642 0.848296
Car -1 -1 -2.922885 1.388985 300.844696 149.967758 384.836426 1.372743 1.835260 4.183653 -21.564559 -3.749302 60.396816 3.017360 1.154691
Car -1 -1 1.745398 260.043030 192.717377 330.244446 245.163818 1.434710 1.664581 4.243125 -26.241125 -10.893389 100.810873 1.490749 0.682794
Car -1 -1 1.798554 167.477921 167.054810 239.208359 216.061981 1.592783 1.623457 4.265247 -33.613085 -13.462025 114.576017 1.513192 0.476695
Car -1 -1 1.741423 357.395355 151.128998 412.196350 191.241211 1.477174 1.710202 4.282968 -30.324659 -16.703132 133.018304 1.517280 0.375050
Car -1 -1 -1.587312 890.528137 145.629013 929.365906 184.808243 1.607943 1.836178 4.267785 -5.895162 -19.435107 152.110899 -1.626048 0.190911
