Car -1 -1 -0.339195 1286.572510 398.411682 1552.310059 500.815002 1.333097 1.833389 4.156670 9.161541 -1.492423 41.993388 -0.124395 4.393636
Car -1 -1 3.007354 926.087830 334.934265 1209.608643 454.204987 1.823847 2.075491 5.267664 2.554333 -2.532507 45.779775 3.063093 3.152092
Car -1 -1 -0.124522 802.810852 402.255280 1056.461304 503.481964 1.346964 1.860226 4.202069 -0.245498 -1.394032 41.412795 -0.130450 3.793624
Car -1 -1 1.911030 56.079922 261.458160 158.518143 325.935516 1.296882 1.359282 4.235994 -25.119449 -7.151408 66.101330 1.547871 1.366123
Car -1 -1 0.220031 120.554924 380.001465 419.275543 520.155334 1.708636 1.967392 4.484344 -12.005011 -1.194031 39.388128 -0.075812 4.955931
Car -1 -1 3.114174 644.032776 365.969696 899.019592 469.627289 1.403671 1.893388 4.552347 -3.374288 -2.114948 43.660519 3.037043 3.309705
Car -1 -1 1.879161 193.561691 252.904510 287.948700 316.968750 1.314573 1.389623 4.218889 -21.658137 -7.605269 67.905482 1.570415 0.921904
Car -1 -1 1.802850 363.257507 218.579391 448.317444 288.624512 1.677123 1.619009 4.594788 -18.150832 -9.248427 74.610914 1.564212 0.575156
Car -1 -1 1.837649 296.165771 256.252747 387.270782 320.104218 1.271826 1.393486 4.240054 -18.130137 -7.362106 66.445280 1.571275 1.275843
Car -1 -1 -2.935412 227.231049 364.535095 454.278564 463.642242 1.430165 1.846366 3.931102 -12.021078 -2.220855 43.764467 3.079708 0.882436
Car -1 -1 1.729570 519.784973 175.196716 576.368591 219.411484 1.584247 1.734515 4.241964 -17.948938 -15.119398 99.927941 1.551846 0.640229
Car -1 -1 1.892135 144.355576 234.042557 237.120926 293.267395 1.352786 1.460083 4.233535 -25.445871 -9.050289 74.365958 1.562451 1.058164
Car -1 -1 1.771380 431.431793 210.604950 497.187042 261.648865 1.408173 1.438462 4.229633 -18.093513 -11.145037 83.095270 1.556982 0.990874
Car -1 -1 1.758357 489.391052 159.407547 541.347412 198.352615 1.602727 1.693876 4.327882 -21.915844 -18.114428 113.107273 1.566967 0.370876
Car -1 -1 1.700552 591.936523 154.969467 637.515320 191.369568 1.546467 1.795734 4.252717 -17.886842 -19.546447 120.026126 1.552616 0.417639
Car -1 -1 1.763356 473.581116 196.202866 532.323425 239.464462 1.253077 1.493366 4.238321 -18.260916 -13.107277 91.496633 1.566364 0.806857
Car -1 -1 1.759565 412.040100 191.532349 468.919006 229.578903 1.237792 1.435096 4.232076 -21.860892 -14.067654 95.937192 1.535523 0.729530
Car -1 -1 1.724111 555.904785 168.148163 600.499207 201.007538 1.272648 1.546034 4.244563 -18.663472 -17.915829 112.774012 1.560103 0.606808
Car -1 -1 1.763090 445.907440 161.323898 489.667572 195.507034 1.344391 1.521531 4.231802 -25.834184 -19.290390 119.366444 1.549950 0.436390
Car -1 -1 1.695744 613.578247 143.898773 652.033386 177.602509 1.542223 1.584425 4.224680 -18.461960 -22.253278 131.657212 1.556425 0.233388
Car -1 -1 1.674455 626.034180 126.905167 659.094604 151.706100 1.493066 1.863062 4.242009 -23.025055 -30.360430 169.004151 1.539049 0.154051
