Car -1 -1 0.006929 695.696960 255.286514 987.218262 378.481415 1.517165 1.901614 4.619578 -2.258064 -3.080310 47.987621 -0.040091 4.685634
Car -1 -1 -0.964294 727.793152 134.336716 890.155823 217.449875 1.440609 1.606880 4.742091 -4.323538 -8.733242 74.051096 -1.022614 0.771772
Car -1 -1 -1.539672 576.596069 615.080994 775.854736 833.176636 0.629227 1.544360 4.256861 -2.700509 1.738106 25.979900 -1.643246 2.855448
Car -1 -1 -0.205776 1329.131226 242.096313 1588.799561 341.416382 1.326686 1.847561 4.275969 9.251547 -3.965560 52.514547 -0.031394 3.843923
Car -1 -1 -1.409647 180.666199 586.223083 437.998505 799.050537 0.674375 1.532144 4.254416 -6.277221 1.532415 26.694956 -1.640598 2.526729
Car -1 -1 -0.192049 45.657455 192.051102 274.835083 288.582672 1.455143 1.863683 4.128773 -17.771885 -5.672077 60.587580 -0.477372 2.549225
Car -1 -1 -1.343202 0.000000 774.998474 401.865875 1078.985352 1.284317 2.155352 4.563867 -5.596707 3.523526 19.796812 -1.618719 2.174251
Car -1 -1 -1.847403 1412.768188 652.281433 1751.308472 902.051147 0.573017 1.518756 4.454764 5.206978 2.035712 24.174973 -1.635257 3.656785
Car -1 -1 1.714138 373.643860 120.822006 449.978973 178.986023 1.187313 1.534158 4.258393 -17.186642 -11.043524 85.339137 1.515404 0.852817
Car -1 -1 1.848166 11.350399 127.746307 104.960754 186.768188 1.207554 1.362132 4.252421 -28.005582 -10.778559 85.114547 1.530290 1.425779
Car -1 -1 1.799640 152.969070 122.537148 238.345978 179.998596 1.172730 1.404399 4.262924 -24.161585 -11.129140 86.264381 1.526550 1.080202
Car -1 -1 -1.498439 448.043335 862.941528 794.017151 1078.980591 1.109078 1.809357 4.298165 -2.229181 3.844717 18.803664 -1.616439 2.245478
Car -1 -1 1.764097 250.447296 115.247833 341.198395 179.852051 1.349219 1.677562 4.267777 -20.866400 -11.104987 85.839599 1.525636 0.921911
Car -1 -1 0.187412 0.000000 264.619568 127.409554 360.304810 1.281792 1.806659 3.910347 -18.008752 -3.552772 51.341944 -0.149940 0.962616
Car -1 -1 1.820575 76.819977 109.500008 156.889816 165.747803 1.305242 1.415159 4.254056 -28.558822 -12.349188 92.661022 1.521606 0.983301
Car -1 -1 1.798841 189.316803 73.468628 258.262268 122.490852 1.284630 1.478174 4.259556 -29.055149 -15.922995 107.765260 1.535488 0.632659
Car -1 -1 0.287127 0.000000 304.790894 134.307739 431.121185 1.398012 1.851060 3.881001 -16.009053 -2.117586 44.700777 -0.056779 1.743670
Car -1 -1 1.754921 302.289551 98.534698 380.711456 156.334183 1.336543 1.418121 4.302660 -21.437029 -12.918797 94.359099 1.531527 0.734339
Car -1 -1 1.690610 449.920013 78.214401 517.710266 135.249161 1.498408 1.764294 4.262007 -17.601236 -14.354340 100.124209 1.516594 0.715667
Car -1 -1 1.770946 251.422958 83.544121 325.778259 136.033981 1.382238 1.548367 4.268872 -24.856900 -14.475830 101.125100 1.529921 0.725534
Car -1 -1 1.704990 420.329498 101.917694 489.048096 153.884262 1.190176 1.563144 4.265493 -17.269738 -12.730418 92.722994 1.520849 0.656770
Car -1 -1 1.848095 71.598869 73.105965 139.275513 119.559608 1.357020 1.319373 4.266105 -36.014487 -17.141356 115.307211 1.545361 0.349378
Car -1 -1 1.820142 140.515427 98.320282 212.976440 149.015121 1.259534 1.274147 4.272933 -28.610001 -13.916274 99.869159 1.541139 0.534811
Car -1 -1 -1.615356 984.768677 0.883797 1021.779724 35.788383 1.815708 1.889249 4.496912 2.011751 -30.563024 173.916578 -1.603790 0.136304
Car -1 -1 1.775059 196.512115 102.056343 269.546600 156.060852 1.250333 1.377812 4.279649 -25.418352 -13.062915 95.561452 1.515089 0.619014
Car -1 -1 1.750084 343.296906 90.416588 409.110565 141.266083 1.288551 1.359051 4.244969 -21.470487 -14.131426 100.056819 1.538707 0.698620
Car -1 -1 1.735487 379.267822 78.838661 439.195190 125.664978 1.234901 1.411586 4.253999 -21.720059 -15.849926 107.824141 1.536708 0.411698
Car -1 -1 1.844529 12.631721 81.937180 91.031685 130.259796 1.310667 1.433765 4.276726 -35.905000 -15.671048 108.176012 1.524058 0.332094
Car -1 -1 1.732000 388.616699 42.203941 439.161224 80.517395 1.363538 1.389700 4.279821 -26.798561 -21.579750 133.681348 1.534157 0.213177
Car -1 -1 1.665988 524.170715 47.729546 574.189941 91.884193 1.475014 1.608636 4.275910 -18.921172 -19.573799 124.517620 1.515186 0.257974
