Car -1 -1 2.986060 1082.447021 430.639984 1365.653687 537.171875 1.347684 1.844407 4.351907 3.965089 -0.880850 47.607607 3.069155 4.489352
Car -1 -1 -0.786904 585.729675 374.041901 808.447998 469.053955 1.192971 1.689088 4.190826 -5.799350 -2.356204 54.736187 -0.892461 2.191356
Car -1 -1 -0.250982 1347.389282 438.999207 1647.525879 576.757751 1.654788 1.833007 4.078880 7.904899 -0.251365 43.846706 -0.072613 4.190996
Car -1 -1 -1.520663 694.544434 742.019165 916.019287 975.653931 0.857044 1.761470 4.247478 -1.687071 2.887767 26.250747 -1.584842 3.639958
Car -1 -1 -0.086272 145.948502 411.852783 434.748199 519.522095 1.256643 1.852214 4.505703 -12.652883 -1.316127 49.999228 -0.334130 4.438867
Car -1 -1 -1.650815 1032.785522 782.909424 1267.073242 1023.743164 0.743361 1.605497 4.261269 1.323785 3.073108 24.903437 -1.597709 2.478250
Car -1 -1 -0.019081 599.945801 471.235474 909.640747 587.500488 1.339099 1.832501 4.477453 -3.726867 -0.063982 43.426122 -0.104692 4.157318
Car -1 -1 -1.498631 824.755859 331.334015 914.653015 409.231354 1.193623 1.759779 4.242523 -2.841456 -4.039266 64.707257 -1.542516 1.229889
Car -1 -1 -1.789135 1362.863281 839.886658 1711.153564 1079.614136 0.970903 1.850947 4.267122 4.497782 3.717841 23.569863 -1.600574 4.374146
Car -1 -1 1.781422 276.526642 289.461182 382.064545 374.077911 1.567886 1.601017 4.243939 -17.133655 -5.285477 71.554182 1.546397 1.360918
Car -1 -1 1.755088 388.795868 305.834045 493.008972 381.186157 1.288233 1.694164 4.252661 -13.996865 -5.042770 70.318421 1.558606 1.221286
Car -1 -1 1.699992 522.993469 270.628723 616.560547 366.379272 1.824857 1.667550 4.886508 -11.271414 -5.724857 74.075077 1.548988 0.350304
Car -1 -1 -3.044113 638.718079 442.447205 895.345764 537.330566 1.281759 1.840968 4.012542 -3.797465 -0.794469 47.646367 -3.123646 1.056666
Car -1 -1 -1.576880 947.274170 193.053772 994.433228 237.658157 1.444963 1.934318 4.267081 -0.965120 -14.556327 122.558580 -1.584755 0.921161
Car -1 -1 1.717932 449.229736 281.947266 531.447998 347.458374 1.300491 1.551333 4.244460 -14.097682 -6.375448 77.584236 1.538186 1.273844
Car -1 -1 -1.564330 934.616882 173.752304 973.783386 210.018295 1.415003 1.746427 4.230589 -1.935650 -17.752012 139.033789 -1.578251 0.684259
Car -1 -1 1.690584 576.241882 266.008453 648.597290 329.708649 1.320057 1.495563 4.250075 -11.319915 -7.273230 82.327516 1.553942 0.639333
Car -1 -1 1.716956 493.610870 254.851898 564.597412 311.376648 1.290137 1.514150 4.245993 -14.708195 -8.281453 87.940867 1.551239 0.463566
Car -1 -1 -1.618666 1092.373535 139.951797 1127.501099 170.794998 1.665506 2.035545 4.255283 7.595960 -25.237810 179.204760 -1.576305 0.093879
Car -1 -1 1.712837 539.847290 237.812424 602.893860 286.235992 1.185701 1.431961 4.254194 -14.278181 -9.595732 93.861374 1.561874 0.443206
Car -1 -1 1.640883 703.410522 174.237579 744.325745 205.321854 1.208456 1.458597 4.219017 -13.347240 -17.701835 137.167370 1.543882 0.219863
