Car -1 -1 -1.541688 781.012573 379.982452 885.916809 478.536316 1.085013 1.828143 4.251563 -2.155528 -2.165846 44.759009 -1.589809 2.155670
Car -1 -1 -1.385527 183.424530 734.970337 459.314819 969.058350 0.632484 1.621926 4.227688 -6.029356 2.849487 21.773341 -1.655673 3.067509
Car -1 -1 1.867501 200.309158 244.411377 296.439423 309.531708 1.393660 1.436308 4.257529 -21.696690 -7.902204 68.763466 1.561862 0.829908
Car -1 -1 -1.813139 1333.016479 709.128845 1626.146973 950.994751 0.723270 1.701799 4.484455 5.353833 2.756120 22.501706 -1.579552 2.616184
Car -1 -1 -1.588269 934.489746 212.704758 993.698425 269.851074 1.520805 2.017248 4.254968 0.884841 -10.647556 81.414094 -1.577401 1.036859
Car -1 -1 1.783602 421.039276 181.487808 486.237885 225.787140 1.403339 1.712597 4.259756 -21.892567 -14.700274 98.489130 1.564874 0.659019
Car -1 -1 -1.596843 929.131775 139.650528 964.117065 171.962021 1.595081 1.940077 4.261438 0.387501 -23.890128 139.682879 -1.594068 0.512771
Car -1 -1 -1.566202 871.911621 156.122253 907.479614 187.337463 1.323046 1.736554 4.239521 -2.821245 -19.989314 121.715117 -1.589377 0.627292
Car -1 -1 -1.616246 985.131104 129.029861 1015.768677 158.911804 1.699015 1.814437 4.302127 4.329011 -27.880507 157.866369 -1.588830 0.335602
Car -1 -1 -1.563826 873.988525 128.044632 904.014282 155.361969 1.472865 1.926472 4.252855 -3.614768 -27.596551 155.053974 -1.587135 0.482449
Car -1 -1 -1.584652 928.029114 113.752602 954.026428 138.576370 1.664807 1.888721 4.277483 -0.034565 -34.086353 185.324354 -1.584839 0.100252
Car -1 -1 -1.587450 926.171448 123.371498 954.010071 148.715439 1.624643 1.920298 4.269514 -0.037409 -30.522216 168.710287 -1.587672 0.127159
