Car -1 -1 -1.622613 987.299927 584.162476 1175.144531 769.667725 1.159959 1.941828 4.386589 1.012812 1.681801 34.152645 -1.592966 2.751138
Car -1 -1 -1.701146 1190.043945 569.506226 1376.333740 727.058167 0.989219 1.751303 4.294617 3.700481 1.313636 35.887695 -1.598397 2.430024
Car -1 -1 -1.542572 838.051575 300.180664 919.095520 382.579773 1.420883 1.780945 4.244924 -2.860115 -5.017226 70.177183 -1.583305 1.523241
Car -1 -1 -1.536254 776.140076 406.027924 888.406738 525.184326 1.328094 1.810644 4.243627 -2.822703 -1.283840 49.483762 -1.593235 2.050108
Car -1 -1 -1.600515 963.072693 319.822693 1043.887451 394.390533 1.193940 1.744414 4.229917 0.236284 -4.526201 67.202330 -1.596999 1.436222
Car -1 -1 -1.543665 849.908569 216.396759 903.070007 272.826172 1.563738 1.751257 4.245739 -4.260939 -10.918469 102.087877 -1.585378 0.913563
Car -1 -1 1.393530 657.528381 288.886993 756.808105 360.927917 1.276620 1.752873 4.271689 -7.665578 -5.809896 73.882739 1.290147 0.752867
Car -1 -1 -1.593615 1035.301758 224.131210 1093.600098 279.099182 1.489012 1.920332 4.249704 2.564394 -10.339258 98.673265 -1.567633 0.810671
Car -1 -1 -1.398588 244.912933 823.017883 564.079773 1079.358887 1.148762 1.785876 4.236976 -4.915092 3.773953 23.772894 -1.602467 3.715461
Car -1 -1 -1.631968 1068.882446 266.520203 1140.330444 337.518097 1.505936 1.756284 4.260658 3.245647 -6.920099 80.642629 -1.591743 1.159547
Car -1 -1 -1.575128 941.053101 268.918701 1006.088928 329.032715 1.229931 1.772231 4.260578 -0.566760 -7.265347 82.236925 -1.582020 1.266996
Car -1 -1 -1.564761 933.598938 229.320251 987.329651 280.100250 1.310768 1.780182 4.237465 -1.138131 -10.412647 99.534924 -1.576195 1.071845
Car -1 -1 -1.565813 938.721375 193.985886 985.490845 237.224442 1.460262 1.790478 4.240034 -1.297854 -13.884428 117.514267 -1.576857 0.660454
Car -1 -1 -1.580149 1029.838379 199.770798 1076.052124 238.830856 1.283655 1.706895 4.237495 2.581649 -13.886251 117.806157 -1.558239 0.752733
Car -1 -1 -1.576799 983.655090 134.414551 1012.470947 161.566055 1.543312 1.805275 4.242769 0.367850 -28.059321 194.783591 -1.574910 0.313016
Car -1 -1 -1.566544 931.196106 141.603149 960.686707 168.428162 1.386997 1.731650 4.251849 -3.121919 -26.151253 184.600814 -1.583455 0.350837
Car -1 -1 1.641589 725.555786 219.781036 787.531555 277.738037 1.556325 1.713303 4.254259 -8.360696 -10.304828 98.022396 1.556501 0.948282
Car -1 -1 -1.553661 899.103210 166.823517 935.109375 198.613586 1.324002 1.651678 4.237937 -4.004513 -19.343735 147.314034 -1.580838 0.450022
Car -1 -1 -1.396524 1081.876099 165.466873 1127.780762 200.152039 1.445557 1.633688 4.237236 6.085251 -19.414415 148.193515 -1.355485 0.164824
Car -1 -1 -1.612278 1089.261841 137.554901 1121.868896 165.290756 1.487591 1.843570 4.266831 7.810762 -27.207050 190.512056 -1.571302 0.150461
