Car -1 -1 -1.693179 1087.550659 428.468353 1225.771484 538.832275 1.051640 1.711622 4.320243 2.800755 -1.062878 47.893056 -1.634766 1.614689
Car -1 -1 -1.394147 298.498901 779.723816 563.414856 1005.487244 0.682149 1.516802 4.245876 -5.054922 3.019826 25.469575 -1.590070 2.342996
Car -1 -1 -1.516496 736.064758 716.355469 938.910339 931.443787 0.822661 1.742862 4.249947 -1.484915 2.695023 27.813305 -1.569834 2.967473
Car -1 -1 -1.653320 1089.967896 346.544281 1183.307007 428.919220 1.170703 1.658741 4.253323 3.227652 -3.531270 62.581622 -1.601791 1.252686
Car -1 -1 -1.611197 1048.155273 242.314651 1109.925781 297.624054 1.292490 1.819994 4.252950 2.867880 -9.076859 91.956267 -1.580020 1.021425
Car -1 -1 -1.545086 869.142334 229.854645 925.836548 283.400208 1.339529 1.834415 4.248177 -3.409881 -10.346957 99.750935 -1.579256 1.063516
Car -1 -1 -1.610466 1029.854492 205.469666 1082.904175 258.322449 1.615747 1.873499 4.248226 2.547560 -12.311287 110.109658 -1.587334 0.647856
Car -1 -1 -1.568509 942.481079 210.899445 989.543335 255.102692 1.336754 1.773660 4.232101 -1.077807 -12.613263 111.924648 -1.578138 0.907604
Car -1 -1 -1.588223 1002.482239 172.198212 1041.672607 206.012421 1.346098 1.762115 4.253456 1.548372 -18.521145 143.594339 -1.577440 0.517759
Car -1 -1 -1.569899 940.280151 164.448013 977.624329 199.197342 1.548397 1.841744 4.249216 -1.835034 -19.621379 149.799067 -1.582149 0.380638
Car -1 -1 -1.594076 983.829590 143.977386 1013.619751 169.542007 1.379847 1.794029 4.244790 0.427540 -25.862428 183.174533 -1.591742 0.303409
Car -1 -1 -1.555308 881.837036 156.890884 917.177063 187.469284 1.407595 1.825486 4.260623 -5.499368 -22.013840 162.789877 -1.589078 0.467007
Car -1 -1 -1.562825 931.266541 132.300171 960.846985 161.505020 1.436614 1.797748 4.244272 -3.285716 -28.154433 195.279601 -1.579650 0.207311
Car -1 -1 -1.596436 1007.380432 161.573486 1041.530273 192.881210 1.365358 1.737950 4.238162 1.736524 -20.617645 155.245201 -1.585250 0.214504
Car -1 -1 1.650163 690.316833 138.754257 723.059448 166.655701 1.469479 1.704094 4.234250 -19.057524 -26.195567 184.386111 1.547172 0.179832
