Car -1 -1 -1.697366 950.966003 400.664215 1082.686768 529.390320 1.313156 1.785774 4.255138 0.860106 -0.812622 41.957316 -1.676869 1.918732
Car -1 -1 1.883788 111.849838 257.935944 202.619781 324.272552 1.395233 1.274467 4.247713 -25.597750 -6.797612 69.219584 1.529579 0.945766
Car -1 -1 -1.353355 98.245911 697.904907 355.849213 913.118286 0.575778 1.480624 4.206491 -7.579601 2.748664 22.850903 -1.673633 2.676396
Car -1 -1 -1.487015 522.333557 519.971802 683.216309 666.634949 0.904277 1.850844 4.268672 -5.510107 1.095102 33.549222 -1.649802 1.782696
Car -1 -1 -1.857529 1314.803345 659.391541 1616.282959 876.178528 0.684361 1.627717 4.661880 5.375863 2.580754 24.441749 -1.641030 2.144717
Car -1 -1 -1.563265 585.839111 323.487854 675.377258 442.635162 1.694136 1.673374 4.419404 -7.871838 -2.705004 51.108553 -1.716086 1.027732
Car -1 -1 1.804131 333.659821 211.424698 397.485565 260.640442 1.377492 1.453700 4.249681 -24.686731 -11.114224 89.762001 1.535742 0.658715
Car -1 -1 -1.582546 789.110107 313.659912 876.424377 404.160126 1.453017 1.866670 4.237159 -3.456222 -3.692026 55.699931 -1.644517 1.640500
Car -1 -1 -1.607515 843.241516 220.761246 902.466003 286.122498 1.693560 1.792950 4.495284 -3.480081 -8.967422 78.926050 -1.651579 0.451687
Car -1 -1 -1.584821 800.547363 201.518494 848.224426 246.237625 1.301293 1.806458 4.237349 -6.378271 -12.485534 96.105865 -1.651091 0.776944
Car -1 -1 -1.571003 819.394714 169.191757 858.434265 203.082169 1.355202 1.753860 4.245897 -7.190671 -17.835237 121.308322 -1.630210 0.629205
Car -1 -1 -1.614857 873.669006 158.111969 913.032166 191.823288 1.448448 1.892705 4.244751 -4.407694 -19.317602 127.116940 -1.649518 0.515665
Car -1 -1 -1.566151 762.300354 143.716171 793.225159 173.665817 1.570370 1.757086 4.330514 -13.371767 -24.401023 153.216500 -1.653204 0.349699
Car -1 -1 1.736688 469.399353 191.338379 515.507812 225.918121 1.235554 1.355537 4.264145 -23.155250 -14.576725 106.338292 1.522284 0.473364
Car -1 -1 -1.557470 756.417847 123.677544 784.142639 154.124115 1.917531 1.940310 4.475174 -17.228149 -31.905110 189.549116 -1.648112 0.139760
Car -1 -1 1.710187 467.155975 150.858444 505.829498 180.920807 1.555113 1.768160 4.234565 -33.078135 -23.539407 150.630955 1.494021 0.207806
