Car -1 -1 -0.280758 1242.802246 287.746429 1544.412720 404.872986 1.327428 1.832181 4.262768 6.990929 -2.563501 46.167879 -0.130476 4.283412
Car -1 -1 3.015580 130.005615 235.013367 389.378479 343.741516 1.448468 1.883007 4.210084 -13.364319 -3.926159 52.162528 2.764770 2.929232
Car -1 -1 0.075601 402.948578 301.291138 679.825684 430.664642 1.522942 1.848351 4.018564 -6.876425 -2.078910 44.783460 -0.076757 3.337330
Car -1 -1 -1.528608 576.783630 614.610596 776.369385 833.740601 0.673510 1.553218 4.267344 -2.703072 1.772946 26.145179 -1.631629 2.769396
Car -1 -1 3.050564 832.742737 194.098236 1111.304688 321.357758 1.812445 2.032299 4.991688 0.010557 -4.699809 55.783581 3.050753 2.962546
Car -1 -1 -1.399551 179.978012 582.969849 438.209412 801.398193 0.706014 1.492981 4.240839 -6.261561 1.542731 26.682212 -1.630052 2.490900
Car -1 -1 2.776967 1663.722412 206.790726 1906.303955 300.360443 1.366476 1.843488 3.897287 16.501769 -5.008213 56.225613 3.062443 2.511422
Car -1 -1 -1.852445 1271.635010 87.828415 1369.497192 154.080551 1.638246 1.795275 4.389720 11.649875 -12.696078 92.486111 -1.727142 0.671583
Car -1 -1 -1.347450 0.000000 774.191040 401.745941 1079.435547 1.274438 2.155775 4.523943 -5.543315 3.475251 19.517258 -1.624184 2.314412
Car -1 -1 2.951203 1202.947632 217.381012 1468.045776 311.503174 1.322487 1.840908 4.647835 7.307516 -4.770576 55.636267 3.081800 2.731874
Car -1 -1 -1.836596 1412.306519 651.536621 1752.429077 902.390930 0.555984 1.512561 4.468640 5.170936 2.014617 24.042873 -1.624752 3.523697
Car -1 -1 3.088777 462.051575 227.423279 700.756226 330.978027 1.378691 1.883165 4.199685 -7.767620 -4.366461 54.655391 2.947603 2.054150
Car -1 -1 1.719360 372.928436 119.268181 451.235626 180.849335 1.219214 1.516370 4.255329 -17.164575 -11.006077 85.191134 1.520538 0.818617
Car -1 -1 -0.065147 1072.114014 267.314087 1286.615479 375.379303 1.424847 1.813807 3.300374 3.715425 -3.131657 49.120091 0.010349 1.331679
Car -1 -1 2.879552 1400.369873 192.736176 1622.876465 275.833466 1.361830 1.856988 4.035692 11.736201 -5.816622 60.437170 3.071354 2.208908
Car -1 -1 -2.813866 1594.374390 127.008011 1772.230103 190.553650 1.273464 1.841446 4.351765 20.602912 -10.034696 80.098219 -2.562103 1.356847
Car -1 -1 -2.940506 126.502434 194.091324 369.299622 288.762299 1.491414 1.888149 4.342410 -15.529093 -5.521741 59.600629 3.087794 1.552247
Car -1 -1 0.063993 319.059265 269.504913 579.760376 381.486084 1.316973 1.845210 4.039406 -9.188791 -3.111963 48.832512 -0.122002 1.729176
Car -1 -1 1.851686 11.442634 128.016663 103.761848 187.787033 1.216014 1.338601 4.253593 -27.879796 -10.702132 84.697757 1.533689 1.289866
Car -1 -1 1.808007 149.978699 122.742355 239.495789 183.356979 1.247242 1.515761 4.272623 -24.140931 -11.033933 86.212330 1.534982 1.185009
Car -1 -1 -1.499354 447.201294 863.168152 794.214844 1079.551758 1.100417 1.811402 4.322782 -2.236773 3.850336 18.889305 -1.617220 2.210971
Car -1 -1 1.769148 252.713577 115.959656 341.045288 179.127899 1.292527 1.579307 4.267795 -20.932701 -11.180781 86.128638 1.530731 0.964422
Car -1 -1 -2.942019 76.119133 183.895111 273.723267 258.653412 1.251756 1.874493 4.100145 -18.828625 -6.706601 65.740891 3.062226 0.608444
Car -1 -1 1.819350 78.080444 110.143051 157.893478 164.729599 1.274220 1.392485 4.250383 -28.434327 -12.326097 92.352615 1.520671 0.991855
Car -1 -1 -3.070246 367.341736 220.371841 598.319885 302.212036 1.175213 1.849820 4.338284 -10.185449 -5.094307 57.574728 3.037843 0.852292
Car -1 -1 -1.717527 1216.575195 67.497734 1275.562012 115.002426 1.318008 1.551913 4.274582 10.983523 -16.562822 110.335158 -1.618307 0.490022
Car -1 -1 1.794378 187.778503 71.133415 257.126221 121.140015 1.411244 1.508592 4.250865 -29.203093 -16.003831 108.159618 1.530667 0.571540
Car -1 -1 1.757890 301.352844 98.802742 376.522064 157.565506 1.352727 1.398777 4.287596 -21.493291 -12.898273 94.493575 1.534238 0.648114
Car -1 -1 1.772142 253.524551 82.710709 327.067780 134.570267 1.356871 1.510826 4.259505 -24.700354 -14.422539 100.550995 1.531262 0.660910
Car -1 -1 1.809293 141.188065 97.549843 212.730850 149.008347 1.246657 1.271432 4.269762 -28.649697 -13.945985 99.861225 1.529902 0.613973
Car -1 -1 1.693577 449.458496 79.551315 516.843567 134.826553 1.474198 1.752915 4.246844 -17.763927 -14.475481 100.963133 1.519415 0.698471
Car -1 -1 2.987190 1825.788086 134.429993 1917.850464 209.952377 1.510190 1.837471 4.251935 24.629966 -8.438462 71.468799 -2.964116 0.490163
Car -1 -1 1.716271 420.668091 101.792046 490.804749 155.823349 1.234458 1.562104 4.257640 -17.246781 -12.699006 92.834424 1.532585 0.661925
Car -1 -1 1.843229 72.108940 72.214691 139.094330 118.652046 1.378612 1.384314 4.268107 -36.082041 -17.148992 115.477421 1.540381 0.341970
Car -1 -1 1.785325 201.416245 100.455856 273.033936 152.888107 1.175225 1.304889 4.272997 -25.322582 -13.171992 95.581475 1.526343 0.568408
Car -1 -1 1.678520 517.812317 51.640896 568.936707 94.865044 1.372934 1.560732 4.251098 -18.862561 -19.264127 122.975399 1.526322 0.438343
Car -1 -1 1.751809 343.067596 90.709366 408.880524 141.723221 1.305663 1.367083 4.241735 -21.572855 -14.180708 100.525098 1.540414 0.661689
Car -1 -1 1.839705 14.037417 82.216896 89.758934 129.639465 1.305961 1.454937 4.260649 -36.278545 -15.855824 109.491795 1.519753 0.314373
Car -1 -1 1.742538 379.174774 79.622360 439.140930 125.643494 1.210426 1.384141 4.259893 -21.646345 -15.796066 107.467265 1.543775 0.384641
Car -1 -1 1.707737 430.856628 49.131790 481.323212 91.647980 1.474334 1.464786 4.387419 -23.118518 -19.716916 125.085857 1.524978 0.276588
Car -1 -1 1.711249 388.873718 41.001408 438.413971 79.287476 1.396831 1.421163 4.298853 -27.084476 -21.785233 134.906284 1.513118 0.175289
Car -1 -1 -1.571692 939.975464 4.173165 974.973389 31.345016 1.369830 1.874099 4.181703 -0.816549 -31.828914 179.470919 -1.576242 0.163262
