Car -1 -1 2.782278 1418.487061 340.511047 1698.126099 461.705566 1.802122 1.986866 4.735698 12.605878 -2.358883 45.067848 3.055016 3.824277
Car -1 -1 -3.034105 459.662354 338.310394 712.616272 424.316284 1.349273 1.886746 4.924490 -7.857492 -3.233776 48.650564 3.088954 3.072579
Car -1 -1 2.894769 1292.285156 340.416992 1502.383423 426.406494 1.410519 1.851446 3.886766 10.306128 -3.241609 49.560984 3.099796 2.302964
Car -1 -1 0.088653 60.278828 324.262970 361.969543 461.489716 2.168256 2.140622 5.119905 -14.824689 -2.342855 44.813959 -0.230820 3.550646
Car -1 -1 1.834911 287.506531 254.945953 386.337219 325.652893 1.390729 1.560194 4.273141 -18.088307 -7.170127 65.804005 1.566655 1.264086
Car -1 -1 1.916248 43.356487 249.111832 147.886154 323.509796 1.586702 1.302811 4.224241 -25.537070 -7.229445 66.271256 1.548442 1.438712
Car -1 -1 1.771835 413.402802 244.946213 503.353424 318.505402 1.549569 1.666744 4.248135 -14.615448 -7.423724 66.577800 1.555738 1.283996
Car -1 -1 1.759734 473.417175 189.922745 537.907288 241.245087 1.557194 1.699175 4.240056 -17.968729 -12.936723 90.616474 1.563979 0.823971
Car -1 -1 1.902350 146.204269 235.557816 237.027328 293.264374 1.327695 1.347305 4.241301 -25.266146 -8.970645 74.037007 1.573479 0.965518
Car -1 -1 1.801150 363.093262 229.912064 438.950897 291.041504 1.424070 1.366882 4.251135 -18.364791 -9.150530 74.471625 1.559373 1.030798
Car -1 -1 1.778818 419.140015 210.328293 491.485901 261.876801 1.333213 1.641750 4.241886 -18.243356 -11.084479 82.471157 1.561115 0.953047
Car -1 -1 1.844299 249.731873 233.163101 331.765869 293.143768 1.387908 1.399181 4.241720 -21.911985 -8.990322 73.951065 1.556236 1.071108
Car -1 -1 1.871955 160.573120 260.743042 263.236176 330.579193 1.330673 1.408288 4.249144 -21.259052 -6.840604 63.924773 1.550898 1.491314
Car -1 -1 1.829397 322.311218 212.565628 392.670929 261.289703 1.233648 1.383982 4.236924 -22.000843 -11.123821 82.677471 1.569320 0.774425
