Car -1 -1 -1.052426 1591.291382 449.801697 1874.528809 624.984436 1.366763 1.788059 3.812880 11.266059 -0.113237 31.883321 -0.712768 1.071361
Car -1 -1 0.117218 878.995361 372.872406 1174.056885 486.135834 1.222814 1.928055 4.665903 1.127072 -2.083943 38.636660 0.146381 4.704185
Car -1 -1 -0.126571 1061.369995 295.628937 1270.589111 378.188416 1.345345 1.860064 4.186118 4.535358 -4.670697 49.166298 -0.034586 3.421229
Car -1 -1 0.212925 423.056488 297.264099 660.039062 394.688293 1.474465 1.880007 4.220860 -8.932501 -4.154899 46.549451 0.023337 3.454709
Car -1 -1 -1.547391 756.078613 698.283447 973.425598 949.846924 0.628790 1.669440 4.273886 -0.858481 2.260404 20.368071 -1.589514 5.161909
Car -1 -1 2.891199 1442.813110 217.731461 1597.976318 295.309662 1.762256 1.824434 3.743310 16.512768 -8.395201 64.785799 3.140768 1.822920
Car -1 -1 0.270611 160.030914 279.830017 392.067780 361.812531 1.348794 1.873657 4.370950 -15.662404 -5.107480 50.011206 -0.032891 3.259165
Car -1 -1 0.137385 576.127808 266.401733 795.531921 342.370911 1.329635 1.925093 4.853078 -6.708342 -5.869805 53.225819 0.012011 2.464120
Car -1 -1 -1.137437 799.389587 200.178055 918.160889 284.852417 1.710752 1.610517 4.566075 -3.151951 -8.993273 65.866783 -1.185254 0.849281
Car -1 -1 2.776141 1650.604614 217.237762 1797.500488 269.628571 1.267535 1.819144 3.907776 25.322815 -10.113684 72.421906 3.112510 1.003241
Car -1 -1 2.883803 1416.316772 195.187103 1582.142700 268.844666 1.887103 1.948615 4.537575 17.755173 -10.187545 72.450533 3.124132 1.314803
Car -1 -1 2.770939 1636.805298 237.468811 1811.779663 297.591400 1.337163 1.819449 4.102528 22.775917 -8.316005 65.056079 3.107700 2.092463
Car -1 -1 -0.376609 1747.759521 312.384735 1918.462280 413.989563 1.563774 1.889614 4.960792 19.308030 -3.611670 45.196775 0.027123 0.818499
Car -1 -1 -0.394085 1565.702271 284.837830 1785.580200 357.775665 1.313327 1.869145 4.105845 17.199524 -5.401803 52.704358 -0.078642 2.387647
Car -1 -1 -1.915923 1730.760498 158.699127 1803.265381 194.426758 1.049544 1.359540 4.242174 36.378133 -16.977207 98.537685 -1.562265 0.569179
Car -1 -1 2.929859 1354.107666 192.551865 1491.678955 237.499588 1.250783 1.854587 4.266561 17.224172 -12.553665 81.856126 3.137253 0.327818
Car -1 -1 -1.959696 1794.825562 151.923737 1870.505859 193.213394 1.302766 1.387442 4.252255 39.611075 -17.118493 99.185373 -1.579738 0.549804
Car -1 -1 1.613457 817.130432 153.193192 859.298767 193.015198 1.273746 1.642553 4.264680 -5.662490 -17.209485 99.814992 1.556788 0.608085
Car -1 -1 2.830088 1585.828613 187.552658 1713.437378 239.828171 1.532833 1.840073 3.737984 25.732076 -12.413890 81.794216 3.134881 0.781041
Car -1 -1 2.665761 1846.796997 217.528946 1919.312134 264.557373 1.266090 1.832712 3.127702 34.676596 -11.344661 80.008477 3.074734 0.176732
Car -1 -1 -1.929286 1675.068604 158.398972 1743.938721 193.024734 1.054808 1.378253 4.246350 33.671267 -16.932459 98.180167 -1.598902 0.580269
Car -1 -1 -1.579147 974.671997 98.379311 1000.176575 121.991142 1.438513 1.781480 4.271966 2.036106 -34.833135 172.597032 -1.567350 0.350999
Car -1 -1 2.836058 1502.783325 224.682373 1651.287476 282.985718 1.309334 1.831123 3.783778 19.904894 -9.556395 70.759099 3.110277 0.549102
Car -1 -1 1.596736 829.900085 142.461151 869.592896 180.838959 1.351421 1.702764 4.260787 -5.660821 -19.454717 109.413607 1.545044 0.528811
Car -1 -1 -1.576777 1003.190796 104.465393 1030.475952 128.800934 1.391958 1.741608 4.314294 4.155597 -32.630859 164.085650 -1.551456 0.225189
Car -1 -1 2.696579 1884.127319 137.972198 1918.694092 164.895309 1.081414 1.871192 2.482638 51.182506 -21.351220 116.522317 3.110458 0.068748
