Car -1 -1 -1.662048 362.205719 348.971222 501.911255 473.007263 0.856130 1.504826 4.255211 -8.028571 -1.565444 41.002577 -1.855408 1.957764
Car -1 -1 -1.378978 143.618332 637.121216 460.354736 903.375488 0.761909 1.667771 4.325734 -5.657393 2.052824 24.022723 -1.610266 3.678935
Car -1 -1 1.776766 223.908981 131.194656 313.135712 198.002777 1.261563 1.459904 4.243170 -19.884395 -9.693843 78.630335 1.529074 1.138144
Car -1 -1 1.707992 358.417236 120.192680 438.650024 183.865356 1.315212 1.577587 4.251422 -17.210887 -10.652120 83.436491 1.504570 0.997160
Car -1 -1 1.804713 171.363129 79.721535 251.161179 132.104431 1.361408 1.631221 4.273401 -28.868576 -15.259659 105.463424 1.537527 0.670095
Car -1 -1 1.770950 271.245148 76.925224 337.222321 129.858109 1.387239 1.318419 4.254663 -24.939484 -15.067745 103.637663 1.534799 0.580900
Car -1 -1 1.704676 407.584381 107.960938 476.605347 162.595383 1.205500 1.409582 4.260736 -17.186031 -12.106117 90.069265 1.516133 0.882381
Car -1 -1 -1.584541 859.222412 36.710571 907.211548 83.410500 1.624981 2.037618 4.268072 -4.131209 -20.970438 130.747876 -1.616127 0.376950
Car -1 -1 1.736656 373.723358 48.408520 428.515472 89.409264 1.378479 1.566789 4.252469 -26.553306 -20.457517 129.122985 1.533840 0.408720
Car -1 -1 1.697200 433.136871 94.445183 494.272644 145.134644 1.230082 1.441322 4.247549 -17.850648 -13.728375 97.735554 1.516548 0.665400
Car -1 -1 1.687011 463.816406 71.192581 524.110962 125.479057 1.508964 1.608290 4.309223 -18.118809 -15.429309 105.273706 1.516570 0.529097
Car -1 -1 1.684074 457.479889 25.824104 502.831116 64.783424 1.574632 1.800160 4.258785 -26.073695 -24.424211 147.109742 1.508656 0.266759
Car -1 -1 1.646945 548.469055 2.633904 583.080261 31.790384 1.486526 1.752651 4.230230 -26.190615 -31.679572 179.107334 1.501746 0.130954
Car -1 -1 1.674218 534.626465 39.760056 583.791809 78.729149 1.361038 1.648679 4.260471 -19.228584 -20.902721 129.387996 1.526686 0.240108
