Car -1 -1 -1.490435 1455.935669 384.135284 1592.963135 516.885010 1.177254 1.804742 4.254481 9.159258 -0.743808 36.617296 -1.245330 2.448618
Car -1 -1 -1.604601 1677.726929 445.251495 1847.674561 610.968750 1.060979 1.875882 4.241207 10.721488 0.412755 30.250678 -1.263993 3.305601
Car -1 -1 -1.387379 815.549133 440.693176 964.394409 570.513123 1.006760 1.465491 4.266435 -1.473781 0.016326 37.205110 -1.426971 2.615417
Car -1 -1 -1.613690 1045.370728 312.063232 1134.050415 403.565948 1.242852 1.627522 4.263917 2.597349 -3.351847 52.775245 -1.564514 1.595117
Car -1 -1 -1.432631 1327.746582 348.258514 1447.842407 443.491821 0.996466 1.625724 4.260718 8.413443 -2.156488 45.046753 -1.247987 1.249987
Car -1 -1 -1.514245 1526.590332 300.351013 1625.483154 392.212006 1.170393 1.800224 4.249820 13.061737 -3.244732 47.935318 -1.248217 1.880489
Car -1 -1 -1.278393 847.693359 746.525696 1165.802612 1006.050415 0.550641 1.496939 4.466825 0.415636 3.201069 20.808691 -1.258421 3.269506
Car -1 -1 0.658879 176.725967 344.473694 332.313416 406.383209 1.223782 1.884025 3.572761 -22.080165 -3.839160 66.688905 0.339147 0.792862
Car -1 -1 -1.441218 1418.749756 236.188599 1500.373169 302.389832 1.146304 1.609204 4.251249 13.835365 -6.540224 63.214884 -1.225753 0.879598
Car -1 -1 -1.508476 1629.596802 248.401321 1711.616455 323.083191 1.105588 1.702305 4.257360 17.714094 -5.391547 56.205942 -1.203166 1.317078
Car -1 -1 -1.891803 906.389404 278.738159 997.432800 342.084625 1.200368 1.388051 4.124349 -0.882411 -5.638848 65.732358 -1.905226 0.433417
Car -1 -1 0.713774 0.165286 355.996155 138.598526 420.852783 1.347357 1.860354 3.917233 -28.493776 -3.500056 68.322947 0.318660 0.261028
Car -1 -1 -2.114377 822.659973 263.563965 926.731995 315.786621 1.163707 1.594128 3.929712 -3.770722 -7.451876 77.289856 -2.163125 0.382878
Car -1 -1 0.678650 74.332939 367.441589 250.676865 434.981781 1.254004 1.834311 4.048638 -23.584733 -2.896504 63.133188 0.321132 1.407937
Car -1 -1 -1.535704 1583.708984 189.873184 1648.318115 245.557358 1.210386 1.825629 4.257982 21.283738 -9.273880 73.415621 -1.253532 1.049369
Car -1 -1 1.684221 1425.632568 157.023056 1476.094238 199.675659 1.257403 1.541490 4.261929 21.468289 -14.514976 100.145022 1.895397 0.565024
Car -1 -1 -1.571200 1653.368408 138.754791 1705.711914 186.713806 1.578686 1.989110 4.237902 31.131171 -14.657905 97.715430 -1.262776 0.508878
Car -1 -1 1.733025 1304.132690 167.267395 1354.264038 205.827896 1.222783 1.445433 4.258181 16.569812 -14.708986 103.984724 1.891045 0.560594
Car -1 -1 -1.610910 1843.622681 111.504852 1895.185669 153.157928 1.482478 2.022314 4.243842 43.778091 -17.736282 108.023667 -1.225874 0.513910
Car -1 -1 1.713911 1364.596558 163.321136 1415.390991 204.284973 1.271924 1.608393 4.255754 19.286843 -14.762820 103.258697 1.898565 0.529735
Car -1 -1 1.777956 1229.583740 173.537369 1285.613281 213.307510 1.228802 1.524822 4.273054 13.219690 -14.478576 104.449654 1.903852 0.536650
Car -1 -1 1.754587 1263.286499 158.388977 1310.540649 196.507874 1.314891 1.413498 4.245509 16.201803 -16.851323 115.595641 1.893839 0.581225
Car -1 -1 1.796360 1177.116333 158.963959 1220.579712 188.498428 1.273177 1.365817 4.254717 13.120337 -19.436890 131.103437 1.896104 0.281445
Car -1 -1 2.048212 1040.500610 181.367096 1106.641235 223.864548 1.479529 1.538161 4.325940 4.854418 -15.346014 114.456942 2.090599 0.148431
Car -1 -1 1.664861 1447.695312 137.423019 1493.775391 183.729004 1.690495 1.611157 4.406054 24.514142 -16.554461 109.580198 1.884947 0.249493
Car -1 -1 -1.056969 30.368872 943.443970 618.466553 1080.000000 0.876385 2.269018 4.204462 -4.895364 4.610626 17.326824 -1.332323 1.815383
