Car -1 -1 1.821083 283.112854 254.344589 383.383362 322.238220 1.335137 1.671314 4.305378 -18.282331 -7.282409 66.065477 1.551109 1.386572
Car -1 -1 1.932878 53.764374 260.017120 158.523178 326.584320 1.326953 1.327399 4.216399 -25.080452 -7.126835 65.915756 1.569301 1.280800
Car -1 -1 1.867508 163.622406 247.848282 272.469910 325.200195 1.655753 1.628171 4.298102 -21.544352 -7.111932 65.427244 1.549403 1.150962
Car -1 -1 -1.640635 947.758789 789.463745 1188.149292 1061.501099 0.624307 1.765646 4.349813 1.054356 3.268802 20.245731 -1.588604 3.990640
Car -1 -1 -1.855844 1365.328369 764.274109 1721.518921 1067.504639 0.814076 1.732568 4.633243 5.331948 3.251295 20.133763 -1.596961 3.837049
Car -1 -1 1.771691 442.586090 196.751312 512.920532 249.699219 1.518441 1.709809 4.244401 -18.351546 -12.102316 86.916841 1.563608 0.805080
Car -1 -1 1.718665 568.492126 148.731827 616.625000 197.216873 1.998782 1.515907 4.611979 -18.023426 -18.231686 113.406147 1.561055 0.303073
Car -1 -1 1.803563 375.656769 225.797119 448.233093 283.294403 1.352966 1.387873 4.234272 -18.235199 -9.519033 75.596622 1.566867 1.174204
Car -1 -1 1.840557 271.089264 218.718323 360.192017 280.467285 1.565976 1.688545 4.243710 -21.925065 -9.736496 77.001813 1.563164 0.974458
Car -1 -1 1.817683 324.446320 187.778366 388.861755 236.283051 1.452630 1.516835 4.256915 -25.034408 -13.610240 93.832364 1.556957 0.796103
Car -1 -1 1.883398 171.634460 226.423248 253.044769 285.016174 1.464538 1.315296 4.223250 -25.472254 -9.511006 76.500814 1.561977 1.173114
Car -1 -1 1.832751 250.552338 166.208618 308.924896 203.471100 1.373688 1.516867 4.249587 -33.497195 -17.519080 110.996638 1.539656 0.602428
Car -1 -1 1.654357 701.706238 110.466675 727.587830 135.931564 1.773965 1.882714 4.298917 -19.990849 -36.005093 193.174075 1.551238 0.161441
