Car -1 -1 0.681080 949.248779 241.593826 1136.453613 338.542816 1.665815 1.938693 4.176291 2.046423 -6.382981 55.879784 0.717685 1.851393
Car -1 -1 0.006474 1397.036621 287.238892 1612.870117 371.622986 1.387056 1.857620 4.308591 12.783887 -5.050963 51.396522 0.250257 3.723525
Car -1 -1 0.400433 0.000000 241.843704 132.958847 335.304169 1.674338 1.948146 4.516376 -22.969058 -6.000343 52.888131 -0.009284 1.312325
Car -1 -1 2.762207 1679.358398 234.836609 1861.373901 299.667755 1.407887 1.887300 4.245814 24.137144 -8.324094 65.180109 3.116863 2.504425
Car -1 -1 -1.488459 1137.853394 733.106689 1432.454102 1079.492798 1.401617 1.865260 4.478748 2.895418 3.253012 18.715938 -1.334972 2.544693
Car -1 -1 2.863381 1507.151855 206.387039 1665.429077 268.075470 1.585363 1.892606 4.183908 20.786366 -10.234128 72.810621 3.141469 0.998358
Car -1 -1 2.831441 1541.599243 228.942184 1714.116577 284.473816 1.257322 1.905572 4.420239 21.057701 -9.239951 68.998530 3.127653 1.377500
Car -1 -1 1.356670 811.514038 216.215866 893.879211 282.064056 1.240006 1.463952 4.261352 -3.392498 -9.141368 66.529293 1.305721 0.635131
Car -1 -1 -1.932680 1729.459106 159.013351 1803.401123 195.833633 1.133700 1.451413 4.266890 36.285558 -16.838255 98.270332 -1.578967 0.600437
Car -1 -1 -1.970256 1795.093140 151.561050 1870.971924 192.401169 1.278701 1.345185 4.257507 39.428949 -17.064581 98.667570 -1.590082 0.567268
Car -1 -1 -1.556813 918.001343 131.253250 955.034607 162.032990 1.310987 1.717170 4.256125 -1.409062 -23.214839 125.304778 -1.568058 0.448173
Car -1 -1 1.559932 778.877686 178.785263 837.523010 240.731476 1.536142 1.704190 4.293857 -5.457857 -11.876010 77.338716 1.489478 0.654360
Car -1 -1 -1.528619 911.652222 146.762192 953.365417 184.637634 1.323403 1.750102 4.256922 -1.428863 -18.796910 106.966906 -1.541976 0.584799
Car -1 -1 -1.896375 1673.288818 159.208618 1741.089233 194.405502 1.047333 1.271847 4.261363 33.506190 -16.836691 97.913672 -1.566665 0.676318
Car -1 -1 1.604735 808.426086 152.994125 861.389221 209.524261 1.719643 1.770947 4.407369 -5.363759 -15.289720 92.093512 1.546558 0.388731
Car -1 -1 -1.564117 962.323547 119.513557 997.892334 146.910492 1.303728 1.889275 4.267381 1.168265 -26.499495 138.483212 -1.555681 0.390046
Car -1 -1 -1.573088 916.138550 99.441910 941.490234 122.566757 1.429985 1.697967 4.273836 -2.680650 -34.888916 173.355400 -1.588550 0.239479
Car -1 -1 2.702943 1883.574341 139.224716 1919.228760 167.054749 1.116753 1.833132 2.620862 51.535561 -21.407412 117.219455 3.117157 0.083713
Car -1 -1 1.597126 843.089722 125.012856 879.008362 158.373764 1.445127 1.636276 4.265341 -5.742714 -23.111962 124.054952 1.550867 0.255077
