Car -1 -1 -1.540573 817.067627 639.092712 1000.182373 832.420471 0.639315 1.660470 4.257028 -0.597029 1.881373 23.695773 -1.565763 3.775008
Car -1 -1 2.996082 1203.508423 257.458954 1361.145264 315.357941 1.383484 1.830043 4.454263 10.027957 -7.989751 70.232214 3.137907 2.589194
Car -1 -1 -1.402124 483.907898 672.630981 717.140930 878.811035 0.571004 1.466676 4.241261 -3.665805 2.134528 22.315156 -1.564944 4.536809
Car -1 -1 2.867921 1359.436157 268.396423 1524.418579 326.470001 1.334178 1.832578 4.258893 14.421957 -7.255633 66.690132 3.080895 2.439864
Car -1 -1 2.711336 1781.090088 275.291260 1918.900757 352.251221 1.701450 1.847494 4.027598 26.261361 -6.248136 63.494951 3.103509 0.659756
Car -1 -1 2.795884 1542.434204 285.868988 1725.465942 350.931488 1.378376 1.849379 4.211215 18.560754 -6.020397 61.038010 3.091084 2.911271
Car -1 -1 1.690046 620.475769 211.733841 676.213623 257.133575 1.293395 1.652977 4.258160 -13.334720 -12.544733 90.494863 1.543746 0.682097
Car -1 -1 1.649215 696.855835 212.057816 750.723267 259.513855 1.356429 1.676358 4.248899 -10.260439 -12.570278 91.099265 1.537058 0.682857
Car -1 -1 1.682685 637.619385 203.499222 687.423462 245.058441 1.330573 1.580521 4.258810 -13.834886 -14.180781 98.599842 1.543282 0.697280
Car -1 -1 1.628370 732.098999 174.656662 776.781616 225.815598 1.969841 1.848628 4.499649 -10.786029 -16.619954 109.476927 1.530164 0.327021
Car -1 -1 0.183949 1295.829712 157.701050 1365.757080 189.128052 1.571658 1.859985 3.822770 23.054848 -23.111995 138.899881 0.348431 0.166900
