Car -1 -1 -1.586012 850.664734 603.623962 1037.058838 810.664978 0.674024 1.654142 4.239545 -0.152137 1.398909 23.049928 -1.592612 4.302432
Car -1 -1 -1.450157 558.968811 520.763428 750.325562 711.595459 0.920231 1.573479 4.236731 -3.463186 0.686118 25.924395 -1.582958 4.098227
Car -1 -1 -1.707865 1117.981567 623.402649 1361.723267 848.328674 0.621517 1.688153 4.613011 2.779904 1.594811 22.177583 -1.583168 1.869127
Car -1 -1 -2.943439 385.064453 164.446533 528.358093 229.850586 1.820571 1.911118 4.253301 -17.272447 -11.865377 76.021260 3.116334 1.695708
Car -1 -1 2.747906 1676.516357 199.047653 1839.340088 253.096359 1.272699 1.852997 4.159145 25.134344 -10.022753 68.384012 3.100127 2.031028
Car -1 -1 2.986251 983.925537 189.160660 1146.484253 243.396561 1.326093 1.845040 4.774250 3.475121 -10.660120 70.876336 3.035242 2.119359
Car -1 -1 2.913641 1346.086914 176.129807 1483.132690 231.849197 1.529651 1.855486 4.086036 16.197019 -11.997912 77.263822 3.120282 1.820980
Car -1 -1 1.655772 723.959045 129.710007 771.993042 172.435211 1.511637 1.721338 4.253725 -9.594963 -18.335492 101.530122 1.561548 0.624478
Car -1 -1 1.705606 593.832520 132.321793 643.663391 171.351059 1.412459 1.716970 4.251328 -16.098861 -18.946950 104.616436 1.552919 0.738595
Car -1 -1 2.798427 1535.218750 188.391647 1676.437622 239.841064 1.353275 1.856583 4.097061 21.692403 -11.037390 72.882054 3.087715 1.730379
Car -1 -1 1.683162 650.674133 123.955566 701.615356 173.926239 1.771963 1.715785 4.435746 -13.001540 -18.359744 101.888187 1.556242 0.414497
Car -1 -1 -1.589546 793.825867 813.319275 1058.594727 1080.000000 0.993057 1.798964 4.226852 -0.264429 3.450975 17.564222 -1.604600 2.586588
Car -1 -1 1.692611 619.119019 115.843292 661.935181 156.482956 1.670343 1.699017 4.327515 -16.348119 -21.223639 113.567726 1.549642 0.541551
Car -1 -1 1.672735 687.155579 122.346954 721.112366 157.551117 1.256361 1.453580 4.258588 -13.403520 -21.893769 116.935334 1.558609 0.435132
Car -1 -1 1.665062 755.184753 114.941895 794.556213 147.055801 1.279703 1.643411 4.265071 -10.267388 -23.959866 124.985053 1.583097 0.396852
Car -1 -1 1.643713 719.510681 101.777252 758.478516 138.933670 1.604902 1.798266 4.285487 -12.739175 -25.185023 129.332614 1.545530 0.167946
Car -1 -1 -1.685740 903.695496 135.849030 974.186829 182.415771 1.370350 1.708265 4.263157 -0.678652 -17.052738 96.507351 -1.692772 0.153063
