Car -1 -1 -1.645398 1028.018066 744.366333 1270.010620 996.840881 0.935195 1.800660 4.278009 1.350846 2.963231 25.709653 -1.592904 2.577304
Car -1 -1 1.717523 388.060669 369.780609 514.901855 483.481750 1.470056 1.623685 4.256179 -10.292384 -2.044036 52.900043 1.525361 1.926826
Car -1 -1 0.360490 1256.572144 419.563049 1544.537598 529.795959 1.217398 1.859669 4.361297 7.180336 -1.145119 48.580708 0.507230 4.486241
Car -1 -1 1.815970 100.067619 604.524780 337.788940 795.858887 1.045554 1.390865 4.242508 -8.758420 1.785900 31.720630 1.546571 3.354432
Car -1 -1 -1.753663 1302.868042 702.070862 1576.127686 941.535156 0.979897 1.707901 4.301219 4.280728 2.674027 27.203970 -1.597586 3.413007
Car -1 -1 -1.527079 718.648926 666.439819 911.018250 849.585144 0.800727 1.811074 4.258564 -1.861478 2.200063 30.081611 -1.588881 2.635140
Car -1 -1 0.974536 876.067566 355.682159 1066.196045 467.693024 1.592985 1.844014 3.853878 -0.465473 -2.467481 56.473056 0.966294 1.203514
Car -1 -1 0.657527 708.239868 301.491730 888.638428 372.479858 1.331859 1.855052 4.127145 -5.032005 -5.259600 71.504466 0.587269 1.359616
Car -1 -1 1.857415 49.775486 379.890991 221.289993 503.234070 1.435332 1.549618 4.590657 -15.918167 -1.738934 51.635578 1.558380 1.696915
Car -1 -1 1.764821 343.845398 317.185028 455.995911 411.920502 1.538264 1.626650 4.248631 -13.637830 -3.943378 63.878462 1.554483 1.299370
Car -1 -1 1.712342 515.958557 300.114624 603.969482 373.321228 1.307210 1.540186 4.227710 -11.138859 -5.279866 71.407075 1.557598 1.325529
Car -1 -1 1.710116 574.019226 213.508072 634.064941 260.780090 1.346329 1.653708 4.255743 -14.876508 -11.739261 106.012008 1.570698 0.742939
Car -1 -1 1.678485 658.185120 266.361298 741.234558 344.264557 1.591279 1.737183 4.242300 -8.233105 -6.515857 77.929800 1.573228 1.115979
Car -1 -1 1.735876 426.534027 285.337189 518.957642 357.812836 1.381957 1.528172 4.241876 -14.105265 -5.951454 75.236603 1.550549 1.187066
Car -1 -1 -1.385218 163.038437 871.819702 529.610474 1079.244629 0.964456 1.873235 4.564369 -5.016509 3.910978 22.322382 -1.606275 1.779072
Car -1 -1 1.690771 592.379578 252.747253 668.004211 308.808319 1.261874 1.709361 4.256917 -11.324726 -8.225875 86.552465 1.560668 1.282431
Car -1 -1 1.641730 745.325928 205.274368 802.445618 261.120392 1.623564 1.776747 4.246622 -8.356757 -11.803675 106.430021 1.563372 0.591775
Car -1 -1 1.671546 656.610535 180.563461 709.112244 220.792160 1.470297 1.817973 4.247397 -14.525960 -16.098064 129.821177 1.560118 0.560506
Car -1 -1 -1.571342 945.656677 135.300491 973.769165 159.376938 1.423189 1.876619 4.230980 -2.353958 -28.430760 196.877506 -1.583297 0.360735
Car -1 -1 1.673895 697.075317 243.899612 761.963562 304.225250 1.366945 1.617521 4.246498 -8.431417 -8.605732 88.781378 1.579211 0.840080
Car -1 -1 1.684494 687.240662 160.807159 727.483704 194.131134 1.400253 1.621258 4.259437 -15.873420 -20.474645 153.803125 1.581652 0.283735
