Car -1 -1 -1.642439 955.721741 714.899780 1181.506470 973.613892 0.853271 1.793519 4.222617 1.148590 2.886998 21.901946 -1.590044 4.124125
Car -1 -1 1.829704 296.283569 248.424515 392.884308 319.569977 1.538722 1.564870 4.250965 -18.138125 -7.407177 66.852063 1.564764 1.294299
Car -1 -1 1.862764 196.819534 254.406433 292.384705 315.434204 1.252730 1.391940 4.233303 -21.607467 -7.660831 68.106285 1.555548 1.470507
Car -1 -1 1.783758 380.264343 220.510208 461.003571 277.751648 1.419856 1.708085 4.240975 -18.435791 -9.931401 77.766805 1.550990 1.275506
Car -1 -1 1.914682 62.268158 250.932617 168.778610 321.127289 1.475853 1.349687 4.249356 -25.315360 -7.416184 67.311233 1.554952 1.459715
Car -1 -1 1.891758 158.813309 211.044373 255.933899 289.176483 1.912043 1.378121 5.004833 -25.313698 -9.418989 75.857968 1.569678 0.701799
Car -1 -1 1.774225 447.503174 205.750992 512.952576 254.801804 1.321471 1.435058 4.233736 -17.881897 -11.687276 85.099565 1.567109 1.058887
Car -1 -1 1.742806 487.056335 181.836807 549.161194 234.759125 1.736931 1.731717 4.248298 -18.142179 -13.688224 94.266402 1.552675 0.679510
Car -1 -1 1.813360 319.185486 193.507858 381.639862 237.753815 1.326326 1.472945 4.235413 -25.215708 -13.488749 93.578540 1.550151 0.693175
Car -1 -1 1.813851 378.346497 198.162582 444.275024 241.963654 1.263098 1.417442 4.238163 -21.658550 -12.712171 89.646657 1.576794 1.007200
Car -1 -1 1.729448 533.500916 177.409393 584.992737 216.403000 1.375704 1.523014 4.246590 -17.927543 -15.725650 103.009092 1.557135 0.648056
Car -1 -1 1.846929 270.155914 232.042099 348.504761 289.528137 1.366927 1.233519 4.225243 -21.384494 -9.176551 74.608373 1.567789 1.012219
Car -1 -1 1.725623 554.020386 163.906555 603.508423 203.386688 1.347667 1.602950 4.223720 -18.126382 -17.464220 110.210241 1.562612 0.547270
Car -1 -1 1.930814 0.479422 225.291412 84.925613 284.482605 1.421872 1.470704 4.219695 -32.010221 -9.638286 77.187369 1.537693 0.889178
Car -1 -1 1.751184 480.969849 149.307022 525.145752 179.632721 1.279397 1.544941 4.225270 -25.898962 -21.799202 129.602414 1.553949 0.419307
Car -1 -1 1.757820 428.367920 182.422485 484.494812 221.935638 1.262910 1.428334 4.250261 -21.966254 -14.902972 99.126963 1.539747 0.788372
Car -1 -1 1.696933 617.330688 142.886826 655.670349 175.283279 1.389186 1.580489 4.248167 -18.034498 -22.007238 129.657778 1.558726 0.301186
Car -1 -1 1.724618 583.458435 157.517227 627.056091 191.438309 1.324320 1.484308 4.237019 -18.384766 -19.639036 120.281743 1.572945 0.373059
Car -1 -1 1.693110 613.371338 127.239838 648.784119 155.829636 1.531168 1.627140 4.274569 -21.924184 -27.572107 154.846427 1.552459 0.126775
Car -1 -1 1.685520 656.827332 129.321243 693.036621 158.613113 1.653031 1.821240 4.240284 -17.769068 -25.940844 147.121550 1.565324 0.193365
