Car -1 -1 -1.411321 594.465881 587.158630 803.300049 780.168396 1.011336 1.724315 4.230892 -3.189565 1.833385 26.440643 -1.531372 4.001403
Car -1 -1 -1.432139 342.452881 540.007324 508.354431 699.657837 0.863299 1.467425 4.210897 -7.476507 1.144986 30.223862 -1.674642 2.338965
Car -1 -1 -1.716146 1359.411011 494.189148 1528.317505 633.738892 0.940223 1.762721 4.515380 7.332536 0.474127 33.849765 -1.502822 1.533000
Car -1 -1 2.855262 1737.067383 305.837830 1919.184570 373.377533 1.338814 1.858765 4.383938 23.752086 -5.015755 59.586319 -3.048610 1.110538
Car -1 -1 -1.726914 397.609497 359.148895 558.699097 545.089111 1.859044 1.684379 5.630055 -8.575263 -0.905341 37.397766 -1.952316 1.293644
Car -1 -1 -1.692222 1268.539551 362.509552 1373.533203 453.610321 1.126814 1.629964 4.242403 7.716697 -2.609750 47.725784 -1.531921 1.466054
Car -1 -1 -1.662822 620.091003 463.337494 747.941467 588.550415 0.940338 1.573184 4.232951 -4.637885 -0.100681 34.940126 -1.794789 2.656028
Car -1 -1 -1.486709 796.759644 722.801208 1019.671326 964.702515 0.771758 1.724737 4.225345 -0.485719 2.897254 21.321725 -1.509486 3.429489
Car -1 -1 -1.521303 964.267090 411.011749 1071.635620 524.603210 1.256722 1.660610 4.219995 0.973049 -1.033206 40.478201 -1.497269 2.907776
Car -1 -1 -1.622979 1143.206299 404.814056 1247.451172 504.340942 1.065513 1.681095 4.251125 4.445002 -1.456664 42.833264 -1.519574 1.850688
Car -1 -1 -1.595441 1123.233887 247.576797 1182.581665 309.408875 1.531289 1.808945 4.339700 6.560220 -8.643372 77.260719 -1.510734 0.725787
Car -1 -1 1.771043 629.043823 243.261230 701.279968 295.369965 1.277379 1.561466 4.256771 -10.934940 -9.224529 78.431271 1.632515 0.929606
Car -1 -1 1.835595 525.050049 240.691818 608.056824 294.197021 1.296659 1.711854 4.342442 -14.421571 -9.221307 78.027482 1.652831 0.682045
Car -1 -1 -1.672032 1220.278687 293.189240 1301.867676 363.510254 1.199836 1.789874 4.268929 8.429593 -5.691858 62.651081 -1.538286 1.357690
Car -1 -1 -1.553476 996.353210 286.331512 1065.969604 352.337097 1.253321 1.789953 4.261651 1.873930 -6.011541 63.730231 -1.524081 1.447634
Car -1 -1 1.924314 340.649200 235.648468 427.845154 285.985260 1.292858 1.571785 4.269815 -21.908309 -9.938037 81.711996 1.662359 0.701717
Car -1 -1 1.862359 408.293945 240.096466 491.880554 298.278717 1.462452 1.435799 4.243443 -18.328243 -8.937648 76.826734 1.628170 1.119642
Car -1 -1 -1.629912 1204.634155 829.209473 1506.610352 1077.994995 1.179889 1.974024 4.421721 3.101654 4.104507 18.488553 -1.463699 2.390761
Car -1 -1 1.744497 694.058228 220.701050 756.203552 266.501923 1.293015 1.701847 4.259986 -9.878669 -11.452280 88.449253 1.633270 0.653379
Car -1 -1 -2.213451 482.886780 356.445251 635.683899 443.837219 1.206658 1.768381 3.633886 -8.868906 -2.652297 47.101912 -2.399564 0.324146
Car -1 -1 1.798767 584.721619 216.504684 655.456726 271.179718 1.602495 1.602899 4.501712 -14.008204 -11.129937 87.314876 1.639690 0.674571
Car -1 -1 1.694892 773.798828 160.257401 811.139160 197.425003 1.818338 1.571214 4.494232 -10.836796 -21.158938 133.973071 1.614179 0.332040
Car -1 -1 -1.556644 1076.674805 137.019302 1100.913574 160.730103 1.696517 1.868899 4.334403 10.892229 -34.030201 196.321493 -1.501219 0.257164
Car -1 -1 1.678333 832.802856 141.325638 859.774231 162.944992 1.423218 1.760905 4.265744 -10.310987 -31.507109 183.069127 1.622069 0.251656
