Car -1 -1 2.716089 136.418793 401.171478 426.792267 521.387878 1.163406 1.883177 4.200464 -11.687871 -1.253119 38.999696 2.424915 4.963394
Car -1 -1 -1.646942 970.564636 732.887085 1174.753296 962.395142 0.665050 1.566437 4.231344 1.210145 2.874801 22.114409 -1.592274 1.073303
Car -1 -1 2.888668 721.973572 354.472229 949.851624 463.100677 1.540949 1.856743 3.926112 -2.167264 -2.289283 44.329351 2.839817 5.065121
Car -1 -1 1.814411 314.957092 242.992661 409.642639 312.015015 1.489558 1.578357 4.233097 -18.102338 -7.837435 68.685597 1.556717 1.232068
Car -1 -1 1.925540 20.139484 260.674469 129.982880 337.060211 1.492917 1.318657 4.196490 -25.041882 -6.615995 63.510542 1.549961 0.997022
Car -1 -1 2.852135 1150.811157 368.704773 1393.059082 461.811188 1.342684 1.859899 4.176350 6.750537 -2.299088 45.046037 3.000886 4.733057
Car -1 -1 -0.663456 1221.792114 277.611298 1416.906738 360.944885 1.564111 1.905162 4.542938 10.071161 -5.434211 58.068697 -0.491729 2.082444
Car -1 -1 -1.968123 1345.989502 238.173187 1454.908325 305.067230 1.500024 1.663889 4.551036 15.041593 -8.397323 71.679156 -1.761278 0.898599
Car -1 -1 1.865107 194.608994 250.152252 290.166351 312.779419 1.313908 1.482258 4.253114 -21.883695 -7.820406 68.740377 1.556899 1.203225
Car -1 -1 1.905997 119.049751 243.034409 211.661285 301.710724 1.268766 1.351720 4.227651 -25.367830 -8.484385 71.759082 1.566196 1.161116
Car -1 -1 1.765384 428.605988 205.689133 499.385345 259.826355 1.396383 1.678163 4.239487 -18.193733 -11.346686 83.670361 1.551271 0.947289
Car -1 -1 1.840116 280.256897 219.870850 358.834808 277.073090 1.459833 1.337063 4.272761 -22.352435 -10.083453 78.946713 1.564205 0.656777
Car -1 -1 1.798168 340.243378 207.511383 409.774048 255.187393 1.236156 1.443494 4.237255 -22.083839 -11.733561 85.598953 1.545681 1.003366
Car -1 -1 1.791791 407.449615 187.721817 471.661011 231.791931 1.348702 1.676025 4.235048 -21.480716 -13.758842 94.070985 1.567294 0.730927
Car -1 -1 1.851232 292.494537 196.922791 358.758850 240.716339 1.277415 1.345244 4.244955 -25.219344 -12.781619 89.669782 1.577067 0.685035
Car -1 -1 1.809008 376.269562 229.293121 448.209869 282.008240 1.221989 1.318158 4.239277 -18.506292 -9.675828 76.727688 1.572334 0.956710
Car -1 -1 1.709788 570.937561 151.592392 610.243835 183.588638 1.421665 1.598308 4.241146 -20.397936 -21.204530 127.573996 1.551239 0.510582
Car -1 -1 1.783622 409.888184 164.686203 464.730133 203.756042 1.527416 1.697608 4.229555 -24.874982 -17.042226 108.107796 1.557464 0.660137
Car -1 -1 1.731712 524.940796 139.058167 565.019531 167.568756 1.389583 1.693577 4.246809 -25.498198 -24.423015 141.056177 1.552877 0.439444
Car -1 -1 1.650067 686.592346 105.321335 713.510864 128.512741 1.717181 1.912849 4.248830 -21.988382 -37.951971 200.652163 1.540918 0.230433
