Car -1 -1 -1.182666 1363.807495 533.945374 1633.472778 714.915833 0.867319 1.428545 4.694764 6.900550 0.780446 27.528750 -0.937060 2.094602
Car -1 -1 -1.526153 743.155945 648.444397 953.716797 874.093994 0.715941 1.742745 4.272483 -1.092138 1.921820 22.497940 -1.574659 3.127818
Car -1 -1 -1.744701 802.345459 260.416443 912.114868 348.479034 1.366739 1.543111 4.282371 -2.580763 -5.795259 52.649770 -1.793679 1.451415
Car -1 -1 2.880555 1436.589355 233.417404 1616.583008 294.788177 1.355144 1.880663 4.506527 16.831963 -8.420733 65.021154 3.133864 2.868360
Car -1 -1 -1.546406 851.256287 356.329712 957.315063 459.573090 1.054219 1.717592 4.242554 -1.071169 -2.744207 41.414416 -1.572265 2.415497
Car -1 -1 0.415143 0.000000 242.257812 133.033401 315.495392 1.347116 1.873787 4.042701 -23.668745 -6.738005 55.533580 0.012251 0.337394
Car -1 -1 -1.607128 1181.932983 810.382996 1464.673218 1080.000000 1.071027 1.856291 4.346693 2.847242 3.566887 17.916247 -1.449527 2.731910
Car -1 -1 1.530544 802.008667 187.543762 865.346863 246.611328 1.339730 1.866124 4.293807 -4.415873 -11.216572 74.297175 1.471178 0.683627
Car -1 -1 1.604024 813.626221 150.152954 859.437012 193.753708 1.362089 1.781820 4.270604 -5.576640 -16.803843 97.528662 1.546907 0.550950
Car -1 -1 -1.915034 1730.995850 158.594879 1803.251709 194.320908 1.054953 1.417244 4.248617 35.990872 -16.784304 97.436782 -1.561202 0.594120
Car -1 -1 -1.965752 1793.587036 153.269547 1870.682739 192.945892 1.270352 1.453125 4.258005 39.574281 -17.097277 99.132906 -1.585932 0.489041
Car -1 -1 -1.914565 1670.177612 158.081177 1740.222168 192.879364 1.019637 1.339527 4.243802 33.460624 -16.914564 97.917911 -1.585285 0.642055
Car -1 -1 1.603013 829.703003 128.845810 873.014160 170.581451 1.547036 1.743642 4.267317 -5.750096 -20.808257 114.088326 1.552655 0.448496
Car -1 -1 0.828733 1.608275 272.770172 77.849586 359.771393 1.494777 1.753223 3.848966 -21.972747 -5.010349 49.352318 0.409859 0.432733
Car -1 -1 2.693233 1883.139038 139.248550 1918.511230 166.348755 1.127230 1.889525 2.610642 52.068603 -21.620024 118.522697 3.107165 0.090248
Car -1 -1 2.852429 1462.679810 128.539719 1552.311768 158.480835 1.236982 1.818896 3.477455 28.513197 -21.335657 114.353193 3.096790 0.097152
