Car -1 -1 -1.968900 1500.169189 484.186096 1729.919312 626.560425 1.021840 1.372694 4.425115 9.016189 0.402812 38.522880 -1.738990 1.975628
Car -1 -1 -1.519956 661.910217 312.355988 776.154907 432.706757 1.433805 1.837078 4.297242 -4.585703 -2.682769 53.035110 -1.606207 1.470015
Car -1 -1 -1.735753 1108.671631 446.053619 1280.698486 602.174622 1.175910 1.601645 4.342022 3.185880 0.071634 38.652903 -1.653516 2.053430
Car -1 -1 -1.715689 826.592468 597.594849 1092.003540 841.064331 1.125854 1.783017 4.407812 -0.158625 1.978736 27.949612 -1.721365 2.068480
Car -1 -1 -1.782076 1034.270996 280.631805 1148.835327 363.618744 1.195617 1.562318 4.226047 2.998775 -4.645928 64.719525 -1.735774 1.111348
Car -1 -1 -1.659654 998.105530 325.433746 1111.387817 422.071350 1.135547 1.715876 4.277848 1.788541 -2.880247 54.398512 -1.626787 1.419454
Car -1 -1 -1.625384 873.463928 452.664185 1014.890442 594.028870 0.895510 1.624332 4.298769 -0.301728 -0.081973 38.521532 -1.633216 1.736230
Car -1 -1 1.753651 181.221558 258.798157 280.343658 338.023376 1.226248 1.375277 4.234512 -17.549495 -5.307313 66.799570 1.496738 1.110521
Car -1 -1 1.787851 92.683792 199.749542 180.658951 265.278198 1.472507 1.499540 4.248637 -25.820306 -8.923646 87.047091 1.499494 0.933268
Car -1 -1 -1.589748 841.235107 259.943787 932.620300 343.921692 1.356430 1.958468 4.258121 -1.793038 -5.124193 66.122243 -1.616858 1.308420
Car -1 -1 1.772065 171.314331 219.896423 268.854401 285.579498 1.297414 1.704742 4.256927 -20.987842 -7.558514 78.786674 1.511723 1.227838
Car -1 -1 1.745915 307.328369 159.747330 378.892761 223.663132 1.786726 1.649101 4.473789 -22.742708 -11.861169 102.272831 1.527102 0.421032
Car -1 -1 -1.557751 718.174683 224.966782 786.117065 283.293793 1.172657 1.795880 4.252034 -6.169013 -7.926672 82.163280 -1.632692 1.227645
Car -1 -1 1.761007 200.595459 165.272354 279.736267 224.454681 1.626556 1.834103 4.323063 -26.514142 -11.825967 102.145480 1.507040 0.447677
Car -1 -1 1.693154 384.004944 138.384689 447.393951 190.739899 1.707531 1.841700 4.317750 -23.189811 -14.970663 118.167939 1.499372 0.395092
Car -1 -1 1.787140 201.157700 145.603592 266.451416 191.042313 1.463328 1.625561 4.246275 -31.889063 -15.391252 121.718107 1.530908 0.413008
Car -1 -1 1.750004 300.629547 148.163513 360.563202 195.732758 1.507510 1.675159 4.256697 -27.774454 -15.455862 122.002696 1.526164 0.239060
