Car -1 -1 -0.061015 1064.177856 457.611267 1368.467407 573.795654 1.394986 1.840589 4.474688 3.578787 -0.262425 44.346940 0.019510 4.807408
Car -1 -1 -1.517165 661.055664 801.039551 882.797241 1034.090576 0.640213 1.604408 4.236915 -1.874770 3.130043 24.669401 -1.593015 3.873219
Car -1 -1 -0.328761 208.265076 386.888824 462.931488 481.983032 1.182718 1.834105 4.267483 -12.854283 -2.104638 54.176046 -0.561722 3.094932
Car -1 -1 -1.770142 1351.688965 811.250244 1640.313354 1058.332397 0.681242 1.539901 4.223206 4.323630 3.244264 24.397936 -1.594750 3.200886
Car -1 -1 -3.021661 412.669739 393.048950 693.117981 505.932465 1.500235 1.885414 4.715458 -8.022441 -1.525785 51.126110 3.105879 2.903447
Car -1 -1 3.106689 880.613342 396.088837 1160.354248 494.776093 1.353829 1.878972 4.947125 0.528246 -1.710098 52.268857 3.116795 2.982505
Car -1 -1 1.748389 407.372833 292.959900 503.569733 378.662384 1.546295 1.551407 4.236978 -13.732417 -5.146714 70.909137 1.557094 1.044243
Car -1 -1 -1.658140 1059.882446 844.604309 1308.047119 1078.248657 1.154155 1.548840 4.225778 1.503533 3.893027 23.077273 -1.593080 4.321184
Car -1 -1 -2.712348 2.736063 410.613678 157.283875 522.670288 1.413500 1.835011 3.996626 -17.396241 -1.217204 49.970649 -3.047356 1.168147
Car -1 -1 1.793456 264.845337 291.269714 381.217834 385.386810 1.667469 1.715634 4.512121 -16.955811 -4.996741 70.221120 1.556528 0.731894
Car -1 -1 -0.841525 539.341675 360.840149 747.103516 439.860138 1.122638 1.801053 4.027878 -7.373426 -3.023939 58.805367 -0.966261 2.132140
Car -1 -1 1.691335 519.183838 293.355957 607.253296 376.815948 1.544197 1.593835 4.242702 -10.932491 -5.144218 70.573614 1.537648 1.085356
Car -1 -1 -1.573300 941.249756 268.864075 1007.571899 328.746368 1.266542 1.818315 4.237571 -0.557839 -7.389498 83.388402 -1.579989 1.077418
Car -1 -1 1.721764 492.803680 210.429962 551.815674 256.542267 1.352813 1.504088 4.250772 -18.472729 -12.193221 108.699951 1.553429 0.726407
Car -1 -1 1.694191 585.318542 242.085175 657.764954 310.662445 1.685495 1.642340 4.261786 -11.404160 -7.986910 85.166035 1.561078 0.671842
Car -1 -1 1.719504 535.969421 219.227768 603.675049 282.605804 1.736826 1.492006 4.517868 -14.547766 -9.817748 95.221077 1.567897 0.417055
Car -1 -1 1.780518 326.467499 276.128693 409.326660 349.555267 1.514879 1.298828 4.242733 -17.707685 -6.400535 78.496345 1.558646 1.109312
Car -1 -1 1.714256 498.345093 256.344696 569.700012 312.776459 1.276399 1.415009 4.253400 -14.375304 -8.120694 86.814570 1.550159 0.860673
Car -1 -1 -1.567085 942.396790 140.664505 971.852722 167.401932 1.433169 1.806773 4.258062 -2.410923 -27.019632 190.076757 -1.579769 0.373527
Car -1 -1 1.675564 639.987427 189.009338 688.213745 226.437836 1.318044 1.677129 4.239672 -14.876369 -15.283595 125.135889 1.557238 0.460110
Car -1 -1 1.702239 593.219055 209.828674 647.593018 253.681183 1.214495 1.529652 4.259023 -14.719015 -12.404100 109.101031 1.568137 0.584736
Car -1 -1 1.693742 557.059265 276.012451 633.194885 342.566040 1.331087 1.494960 4.249404 -11.370452 -6.677035 79.350056 1.551416 1.025282
Car -1 -1 1.721889 459.613403 279.976898 531.643982 341.901611 1.302734 1.334715 4.256535 -14.286862 -6.659472 79.570006 1.544231 0.818695
Car -1 -1 1.668661 682.351074 166.634491 723.081848 199.939301 1.421064 1.716498 4.252190 -15.598496 -19.468860 148.763890 1.564189 0.368389
Car -1 -1 1.637219 747.657166 145.307175 779.959961 174.962692 1.437729 1.609989 4.255958 -14.516642 -24.496749 175.540452 1.554710 0.237305
Car -1 -1 -1.617890 1092.242432 135.324417 1126.765015 163.403336 1.656012 2.052380 4.240579 8.009343 -27.186022 190.226093 -1.575810 0.081864
Car -1 -1 1.610392 779.122803 180.845688 822.609741 224.050034 1.556786 1.712113 4.224157 -8.909053 -15.851182 128.722689 1.541291 0.248790
