Car -1 -1 1.808759 86.535652 456.120667 265.414948 588.108521 1.175750 1.499118 4.300843 -12.655920 -0.280316 43.118986 1.523265 3.143377
Car -1 -1 -1.655339 1032.986206 812.920837 1275.056519 1050.923218 0.643751 1.664878 4.243164 1.354323 3.255551 24.753215 -1.600680 3.601026
Car -1 -1 0.462500 1213.483887 387.929871 1492.367920 515.213684 1.530421 1.894835 4.320508 6.587245 -1.443963 50.338056 0.592621 3.696597
Car -1 -1 1.095685 784.841553 358.708679 947.354065 449.480133 1.176101 1.490250 4.160993 -2.678754 -2.909160 58.009326 1.049540 0.916884
Car -1 -1 -0.080067 846.720642 292.819855 1033.032349 362.276550 1.377109 1.837204 4.426240 -1.406981 -5.569336 72.738426 -0.099407 1.977008
Car -1 -1 1.732262 439.209656 275.564789 534.605286 355.850891 1.524540 1.702549 4.249231 -13.700196 -6.013193 75.061323 1.551729 1.003711
Car -1 -1 1.712108 407.368317 384.274994 518.245422 490.365845 1.303272 1.374224 4.222724 -9.985987 -1.910502 52.359028 1.523650 1.917389
Car -1 -1 -1.504080 631.885620 829.696777 897.284973 1078.915405 1.505580 1.689128 4.389810 -1.721987 4.086250 22.401046 -1.580800 1.887398
Car -1 -1 -1.378953 198.629135 836.198364 535.723938 1078.932007 1.006468 1.861959 4.273520 -5.210415 3.717041 23.668677 -1.595636 2.146035
Car -1 -1 -1.792709 1360.708618 843.656006 1706.262207 1078.547485 0.940008 1.855070 4.252260 4.514807 3.737602 23.836652 -1.605520 3.647383
Car -1 -1 1.676455 667.566895 274.411774 746.625610 342.582275 1.343791 1.684417 4.253983 -8.050291 -6.598444 78.363732 1.574085 1.264808
Car -1 -1 1.658278 714.031616 240.731445 776.068787 296.863556 1.301197 1.652182 4.258920 -8.223798 -9.177913 92.389188 1.569499 0.934333
Car -1 -1 1.673326 631.300354 179.963608 684.701477 227.662140 1.712481 1.840437 4.269488 -15.193485 -15.321701 125.742667 1.553079 0.488761
Car -1 -1 1.637247 730.812988 209.888657 783.015076 255.946198 1.318644 1.726547 4.255269 -8.959853 -11.826517 105.408052 1.552449 0.687557
Car -1 -1 1.650910 784.401001 142.590500 815.086060 169.683365 1.403372 1.638040 4.236801 -12.434276 -25.220252 178.919959 1.581525 0.248706
Car -1 -1 1.639212 752.302185 131.754333 783.139526 160.189224 1.580357 1.795912 4.230807 -16.005998 -28.404466 196.882887 1.558093 0.194354
Car -1 -1 1.660755 693.288574 155.916779 734.096313 191.606201 1.631504 1.767310 4.249435 -15.580675 -20.648038 154.423143 1.560200 0.227752
