Car -1 -1 2.976980 1078.199707 349.159912 1323.572876 448.464905 1.492909 1.902584 4.493158 5.465461 -2.650105 46.516176 3.093940 3.673146
Car -1 -1 3.068895 469.316864 365.639435 704.638916 471.566986 1.388000 1.850121 4.046353 -6.913477 -2.082700 42.927236 2.909215 3.618711
Car -1 -1 -0.775846 627.355347 319.483124 813.165466 401.637268 1.207531 1.810326 3.983218 -5.364112 -4.172791 53.299642 -0.876149 1.647576
Car -1 -1 1.789654 370.531128 196.919998 464.911285 286.593964 2.235908 1.807164 4.905579 -17.952426 -9.477126 75.539901 1.556327 0.435307
Car -1 -1 -1.632130 954.948975 784.064270 1199.057373 1064.904297 0.631962 1.766567 4.598338 1.136521 3.251426 20.193370 -1.575907 2.929128
Car -1 -1 1.873747 185.541565 244.414963 287.362244 320.826569 1.628625 1.516814 4.221456 -21.300366 -7.348470 66.447131 1.563535 1.327046
Car -1 -1 2.846262 1709.446777 356.764954 1918.983765 455.992340 1.513232 1.830205 4.336918 19.379405 -2.512027 46.908838 -3.045151 0.593012
Car -1 -1 -0.419410 1693.985596 394.402649 1919.493530 499.748474 1.421154 1.888424 4.740037 17.665905 -1.510834 42.613684 -0.026416 0.820748
Car -1 -1 1.916981 59.584385 257.636749 159.993500 322.929932 1.336547 1.306547 4.217090 -25.283543 -7.304527 66.745365 1.554877 1.071482
Car -1 -1 1.763115 464.460266 193.466492 533.081177 245.186676 1.518546 1.714582 4.241810 -18.103213 -12.691532 89.861767 1.564320 0.964279
Car -1 -1 1.809885 306.044342 252.281845 399.944122 320.230591 1.353103 1.562918 4.235092 -17.994201 -7.465261 67.176024 1.548163 1.463974
Car -1 -1 1.898789 139.258362 233.364960 229.408875 294.115814 1.381973 1.276123 4.229102 -25.374690 -8.926415 73.639643 1.566951 1.105360
Car -1 -1 1.842974 258.498322 220.633942 337.553345 287.698822 1.648758 1.243442 4.283618 -21.872719 -9.237118 74.601807 1.557774 1.078655
Car -1 -1 1.826169 340.120544 205.887650 405.587128 254.298248 1.350441 1.399024 4.235316 -22.227087 -11.806570 85.995536 1.573236 0.820082
Car -1 -1 1.714159 597.117249 151.714569 638.936523 185.880295 1.405022 1.553743 4.241285 -18.289945 -20.573895 124.313880 1.568080 0.555048
Car -1 -1 1.749188 480.008240 165.029816 533.481812 203.110809 1.526151 1.700498 4.261502 -21.738039 -17.296446 109.777271 1.553698 0.521068
