Car -1 -1 1.887563 197.058289 253.938141 295.402252 317.381470 1.268632 1.361930 4.235632 -21.334514 -7.547214 67.399925 1.581005 0.956498
Car -1 -1 -1.604272 1009.338135 184.577545 1057.675293 226.248672 1.303611 1.782798 4.235938 4.222584 -14.885963 99.816250 -1.561994 0.801383
Car -1 -1 1.733408 539.593628 164.307449 593.427979 206.566971 1.687262 1.822371 4.246768 -18.320177 -16.775977 107.349166 1.564377 0.603066
Car -1 -1 1.532761 500.968201 224.184784 568.701050 281.289551 1.362732 1.613295 4.261462 -14.088850 -9.580477 75.819953 1.349036 0.871053
Car -1 -1 1.879004 186.717667 221.671875 269.989532 277.505096 1.482985 1.369374 4.223247 -25.032994 -9.814579 77.171474 1.565331 0.784558
Car -1 -1 1.713331 550.253113 197.482803 610.186707 243.040451 1.257521 1.665318 4.239548 -14.910978 -12.900055 90.473695 1.549989 0.862603
Car -1 -1 -1.594961 930.382690 163.900360 970.400940 199.910278 1.360386 1.792242 4.264236 0.523178 -18.338780 114.868728 -1.590406 0.812276
Car -1 -1 1.678926 604.377441 147.852676 645.793518 179.920471 1.428383 1.744473 4.246693 -18.321083 -21.329258 127.148087 1.535818 0.463636
Car -1 -1 1.959996 22.354078 208.318192 107.492645 257.029602 1.335311 1.423248 4.275199 -34.210194 -11.693922 85.712689 1.580243 0.581200
Car -1 -1 1.736197 578.117004 134.276367 617.986206 166.528030 1.634953 1.624866 4.424182 -21.355325 -23.608779 136.614760 1.581134 0.282040
Car -1 -1 -1.624139 946.278503 120.329239 973.550781 143.510040 1.534358 1.880866 4.253255 1.586468 -32.534569 178.034218 -1.615229 0.280391
Car -1 -1 1.810291 300.805725 156.307617 358.934082 189.543793 1.389898 1.711313 4.294741 -33.038990 -19.388864 118.444610 1.538265 0.297047
Car -1 -1 1.844564 283.025696 151.590286 334.212463 192.392212 1.558058 1.635531 4.289766 -34.071451 -19.308421 118.237755 1.564004 0.360896
Car -1 -1 1.800584 328.349121 154.889740 373.133636 184.540405 1.300072 1.602129 4.261602 -31.700200 -19.293574 117.208027 1.536442 0.207820
