Car -1 -1 -1.691957 1099.282959 419.315063 1221.655029 523.815125 1.091988 1.576190 4.231004 2.977161 -1.313490 49.912806 -1.632381 2.422660
Car -1 -1 -1.588803 933.279968 332.940399 1019.754272 412.914612 1.193772 1.778596 4.244498 -0.397958 -3.958302 64.505164 -1.594972 1.505127
Car -1 -1 1.694184 525.314758 270.923340 616.606567 365.119232 1.814253 1.624637 4.834158 -11.072217 -5.638201 72.914807 1.543484 0.405000
Car -1 -1 1.734708 463.019928 220.018021 531.494141 277.198181 1.552659 1.582116 4.256117 -17.919615 -10.573290 100.198526 1.557738 0.885990
Car -1 -1 -1.622555 1066.932495 310.127014 1149.240112 380.348083 1.178991 1.759898 4.245125 2.911384 -5.044572 70.236512 -1.581128 1.433809
Car -1 -1 1.740274 435.236542 281.237915 531.064819 351.627319 1.335194 1.755257 4.271692 -14.046775 -6.203108 76.324799 1.558271 0.859165
Car -1 -1 -1.613488 1056.121094 265.646667 1131.209106 338.036102 1.514226 1.902915 4.249565 2.921253 -6.845915 80.030790 -1.577003 1.169810
Car -1 -1 -1.569082 973.050964 188.534027 1019.341858 234.097366 1.584568 1.936914 4.267697 0.146995 -14.730565 123.153161 -1.567889 0.538816
Car -1 -1 -1.592907 1025.264404 237.460922 1083.090332 293.779724 1.406701 1.755126 4.234322 2.101792 -9.321141 93.270671 -1.570377 0.874921
Car -1 -1 -1.580525 1021.929871 208.507065 1074.751953 257.050781 1.352233 1.802697 4.240212 2.183993 -12.472741 110.519472 -1.560766 0.565605
Car -1 -1 -1.558376 887.314819 150.052750 922.324097 183.794861 1.582183 1.832476 4.264602 -5.133637 -22.117351 162.119241 -1.590031 0.402256
Car -1 -1 -1.671783 1245.273926 208.466965 1301.491577 264.366180 1.633846 1.605471 4.371340 10.491383 -11.398042 104.183134 -1.571420 0.520497
Car -1 -1 -1.576492 962.771729 132.327103 991.843750 160.871170 1.709721 1.821864 4.329084 -1.033445 -27.697612 192.633932 -1.581857 0.226923
Car -1 -1 -1.580843 1006.339050 178.287231 1044.655029 210.304794 1.263659 1.716691 4.225377 1.649846 -17.426931 136.824129 -1.568785 0.453610
Car -1 -1 -1.594319 1008.703796 163.688705 1044.554565 194.286484 1.266336 1.728664 4.255488 1.818033 -20.305109 153.468840 -1.582473 0.264079
Car -1 -1 -1.562435 940.716125 147.255600 970.963867 176.476791 1.431299 1.777183 4.231167 -2.190166 -23.436660 168.727010 -1.575415 0.208958
Car -1 -1 -1.566415 953.946777 169.162231 989.200378 200.363159 1.313516 1.665167 4.247937 -1.069059 -18.944240 145.063521 -1.573784 0.415581
Car -1 -1 -1.618011 1095.105957 139.953781 1130.788452 171.464569 1.589903 1.965631 4.264530 7.897104 -25.687508 182.771595 -1.574830 0.083074
Car -1 -1 -1.575524 947.207153 152.020248 978.635254 180.061737 1.401570 1.806736 4.239811 -1.869545 -23.091562 167.463336 -1.586687 0.128725
Car -1 -1 -1.660562 1126.263916 156.222031 1164.692993 188.227554 1.561808 1.859628 4.236392 9.438242 -23.138761 171.179777 -1.605481 0.081419
