Car -1 -1 2.761969 1023.271851 222.654419 1266.593140 323.647186 1.310042 1.862965 4.058305 3.391118 -4.484837 54.294869 2.824346 3.022290
Car -1 -1 2.732945 1452.525757 220.349060 1716.044678 314.011200 1.249380 1.881263 4.355700 12.180117 -4.693592 54.918740 2.951196 3.615599
Car -1 -1 -1.525098 576.912781 614.774536 776.266602 833.602356 0.610398 1.515792 4.266652 -2.697837 1.730983 26.024109 -1.628396 3.177174
Car -1 -1 -1.401082 179.368576 583.538696 438.019836 800.774231 0.699273 1.497322 4.245138 -6.238134 1.535046 26.563749 -1.631739 2.315760
Car -1 -1 -1.337024 0.000000 775.494019 400.609314 1080.000000 1.280744 2.151337 4.518873 -5.525300 3.483785 19.537513 -1.612632 2.359125
Car -1 -1 2.809942 447.235809 257.376617 733.025879 366.629913 1.205691 1.905073 4.446210 -6.974878 -3.557229 50.929691 2.673837 3.054407
Car -1 -1 -2.946092 1674.957520 131.970947 1849.883911 194.741745 1.290284 1.838492 4.049766 22.820675 -9.830563 79.646818 -2.667045 1.668527
Car -1 -1 -1.846052 1412.412354 653.082397 1751.915649 903.534546 0.577637 1.508640 4.437014 5.184626 2.042650 24.150221 -1.634579 3.744120
Car -1 -1 -1.371771 932.858398 106.454887 1015.497803 172.941330 1.448096 1.675389 4.272874 0.179078 -11.210248 85.357642 -1.369673 0.893142
Car -1 -1 -3.094433 647.204651 188.689316 868.043518 269.533569 1.387153 1.851430 4.517359 -4.927092 -6.285897 63.789760 3.111666 1.346810
Car -1 -1 2.999790 449.383972 214.837448 696.687988 307.534698 1.298221 1.893476 4.464794 -8.217734 -5.037736 57.558589 2.857976 1.779379
Car -1 -1 -0.041810 79.493462 207.686279 333.077698 303.466919 1.314177 1.850779 4.841933 -15.926048 -5.153836 57.693592 -0.311147 1.872549
Car -1 -1 -1.875758 1279.976685 94.785950 1379.250244 155.094070 1.375720 1.739575 4.264303 11.828098 -12.597744 91.573667 -1.747304 0.524597
Car -1 -1 -0.862024 674.787903 154.460510 818.129517 221.188232 1.209888 1.720586 3.791192 -6.076402 -8.727894 75.511209 -0.942321 0.924603
Car -1 -1 1.727453 371.185913 119.117699 451.396881 179.909256 1.189548 1.586317 4.257064 -17.146936 -11.018057 85.078057 1.528574 0.812313
Car -1 -1 1.820627 78.601295 110.156036 158.877533 164.731018 1.298484 1.472056 4.253455 -28.294435 -12.253058 91.895587 1.521940 0.917922
Car -1 -1 1.788658 152.954773 121.309326 236.183685 178.939728 1.188915 1.344356 4.262844 -24.197305 -11.174269 86.415445 1.515639 1.076478
Car -1 -1 1.763431 257.371368 115.097504 340.432983 179.503738 1.347765 1.373273 4.264193 -20.770440 -11.109791 85.936264 1.526283 0.971368
Car -1 -1 2.463556 0.000000 262.504150 184.877686 462.176239 1.793911 1.920845 4.832831 -15.483199 -2.103117 44.694997 2.130075 1.577712
Car -1 -1 -1.500555 447.099762 863.924988 794.608215 1079.860474 1.102843 1.814278 4.353269 -2.250381 3.872009 18.945132 -1.618785 2.158345
Car -1 -1 -0.055142 40.002510 194.974960 232.454147 270.206268 1.165150 1.820108 3.990443 -19.617068 -6.469604 65.104641 -0.347806 0.415598
Car -1 -1 1.848625 9.734250 127.943077 104.875038 188.100174 1.218705 1.404620 4.255981 -28.093827 -10.781753 85.301579 1.530466 1.294469
Car -1 -1 -1.750092 1217.513672 72.350067 1278.021240 118.230118 1.222430 1.505591 4.268940 10.866298 -16.157122 108.531580 -1.650304 0.514882
Car -1 -1 1.823320 135.832474 95.664062 210.907730 148.176529 1.303100 1.307042 4.288819 -28.570310 -13.842820 99.618875 1.544021 0.619887
Car -1 -1 1.795197 185.226822 73.255333 257.293243 120.979851 1.238101 1.507707 4.253708 -29.189808 -16.011291 108.060648 1.531369 0.659034
Car -1 -1 1.776394 255.978561 84.067139 326.241577 135.064835 1.379519 1.504170 4.270984 -24.751273 -14.433496 100.853028 1.535731 0.683863
Car -1 -1 1.757959 300.683563 98.572990 378.951935 157.926285 1.348876 1.446918 4.287246 -21.436427 -12.861196 94.210558 1.534231 0.725094
Car -1 -1 1.711879 420.885406 101.438217 490.338348 154.868271 1.218722 1.546640 4.257877 -17.342605 -12.794480 93.311252 1.528118 0.700206
Car -1 -1 1.685790 449.507080 78.584358 518.057556 134.558167 1.476138 1.742457 4.254805 -17.744136 -14.489579 100.930976 1.511764 0.729371
Car -1 -1 1.845272 70.439659 73.220726 137.292236 119.661110 1.398154 1.399388 4.278832 -36.360825 -17.264891 116.137081 1.541854 0.318020
Car -1 -1 1.775814 198.082626 99.720901 270.007416 153.046143 1.228025 1.369970 4.276324 -25.276647 -13.079210 95.054892 1.515912 0.548310
Car -1 -1 1.837945 12.859142 83.158005 86.142136 131.205872 1.323748 1.413496 4.278400 -36.276634 -15.829281 109.460801 1.517924 0.376924
Car -1 -1 1.766969 341.908264 89.215355 407.829773 140.006409 1.275170 1.372514 4.249916 -21.667582 -14.285278 100.812862 1.555261 0.698097
Car -1 -1 1.680550 519.755920 51.483265 570.485046 94.942650 1.410475 1.547832 4.259655 -18.786860 -19.228448 122.900276 1.528861 0.427291
Car -1 -1 1.705595 431.120605 50.111546 482.287262 92.135590 1.437415 1.520528 4.332596 -23.189916 -19.731611 125.291632 1.522579 0.327397
Car -1 -1 1.728676 379.116608 78.609207 439.224548 124.951775 1.213045 1.376982 4.254681 -21.534217 -15.727319 106.787346 1.529689 0.383648
Car -1 -1 -1.573602 960.015564 0.000000 991.273682 27.535944 1.372589 1.809889 4.260517 0.328925 -32.481525 182.011001 -1.571795 0.139501
