Car -1 -1 -1.894639 1607.452393 499.269958 1826.967773 645.441589 0.880270 1.340789 4.563473 10.126610 0.554041 37.459709 -1.630617 1.563880
Car -1 -1 -1.517841 559.921082 558.311218 746.289490 736.795227 0.863497 1.692173 4.253204 -3.390160 1.293943 31.303231 -1.625722 2.489661
Car -1 -1 -1.674030 932.817810 746.368591 1185.575928 994.297363 0.643559 1.598324 4.244086 0.738786 2.749396 24.015289 -1.643277 2.804022
Car -1 -1 -1.513609 643.209534 355.649597 753.418701 455.905609 0.993419 1.662386 4.250686 -4.771968 -2.184954 50.863928 -1.607154 1.984852
Car -1 -1 -1.688409 1047.781494 350.745758 1181.348511 451.114166 1.050177 1.689920 4.266596 2.809004 -2.287501 51.594540 -1.634019 1.516361
Car -1 -1 -1.366873 58.164127 749.438538 368.935333 992.350342 0.543861 1.551016 4.390178 -6.205799 2.648974 23.515044 -1.624898 2.396154
Car -1 -1 -1.612761 863.278198 366.391815 997.298462 504.587219 1.277234 1.779596 4.610127 -0.584361 -1.340151 46.012179 -1.625461 1.672126
Car -1 -1 -1.844238 1393.070068 860.051392 1847.329346 1078.739868 0.997395 1.924617 4.326481 4.796810 3.804728 20.975929 -1.619422 2.817944
Car -1 -1 1.777379 68.669319 207.571014 159.217499 274.233337 1.366958 1.561460 4.260418 -25.027272 -8.195548 82.123627 1.481569 0.854434
Car -1 -1 1.824827 1.820984 197.927200 88.358101 262.219177 1.429223 1.647742 4.243137 -29.580050 -9.353510 89.631986 1.506065 0.744923
Car -1 -1 1.775821 105.027763 239.665802 201.067215 312.422058 1.230351 1.491660 4.269536 -21.220916 -6.405878 73.022225 1.493002 0.997152
Car -1 -1 -1.605626 882.167603 136.393341 922.459412 171.535156 1.236009 1.554871 4.240943 -2.802199 -17.473088 131.644147 -1.626909 0.499641
Car -1 -1 1.765614 130.971100 159.063187 200.261124 208.950958 1.345801 1.570222 4.242720 -30.915443 -13.047374 107.832564 1.486404 0.605982
Car -1 -1 1.835412 69.358109 179.647842 152.546127 232.912460 1.278718 1.510818 4.257512 -30.061194 -11.097502 98.264649 1.538532 0.597184
