Car -1 -1 -1.455303 410.738098 630.570923 638.014648 842.588989 0.695026 1.763679 4.274764 -4.924322 2.109274 23.484509 -1.661993 3.723062
Car -1 -1 1.834344 136.922821 235.213638 234.971710 310.225708 1.571499 1.455919 4.367874 -24.175451 -7.062136 65.489646 1.480713 0.821184
Car -1 -1 -1.016254 774.264648 227.053741 883.423340 280.826904 1.185348 1.665328 4.055197 -5.518794 -8.682599 72.516307 -1.092212 0.518680
Car -1 -1 1.722251 477.060150 156.863541 525.395935 197.672791 1.437574 1.630101 4.239832 -24.577535 -16.797372 108.972805 1.500424 0.521409
Car -1 -1 1.704104 494.366486 185.771011 548.643250 231.824051 1.334677 1.524925 4.261191 -19.762944 -12.789180 91.413303 1.491187 0.654346
Car -1 -1 1.393067 419.720856 218.087036 507.323792 291.876678 1.547312 1.813680 4.298387 -17.041682 -8.135464 69.841341 1.153738 0.603440
Car -1 -1 1.732416 437.729858 148.154190 483.026184 181.766693 1.330643 1.516160 4.235682 -28.610069 -18.793439 117.319944 1.493221 0.538806
Car -1 -1 1.785607 346.247681 152.529648 399.972626 190.207840 1.516868 1.673576 4.248096 -32.021255 -17.655682 112.886197 1.509208 0.518121
Car -1 -1 1.691058 457.135895 205.549927 518.102173 255.289642 1.292667 1.618869 4.262351 -19.144641 -10.691132 82.494045 1.463022 0.687074
Car -1 -1 1.709019 523.680359 170.528442 574.248535 211.541931 1.342525 1.566893 4.253175 -20.267271 -14.723307 99.491425 1.508060 0.562341
Car -1 -1 1.688202 554.467834 158.553513 601.715820 198.475784 1.423612 1.595882 4.264422 -20.362424 -16.418349 106.933953 1.500034 0.466222
