Car -1 -1 1.934380 53.534943 260.467133 161.505112 325.945557 1.318848 1.320335 4.209101 -25.169356 -7.168788 66.262651 1.571371 1.426442
Car -1 -1 1.822213 282.516724 254.176941 382.966766 321.662048 1.341467 1.669560 4.291476 -18.427319 -7.340292 66.544061 1.552064 1.298751
Car -1 -1 -1.642920 948.174683 789.255676 1188.176758 1061.558838 0.620971 1.749900 4.326380 1.048762 3.259957 20.205947 -1.591063 3.966640
Car -1 -1 -1.857131 1365.619873 763.511780 1721.048828 1067.598633 0.802026 1.723947 4.618841 5.334724 3.240165 20.127571 -1.598043 3.828704
Car -1 -1 1.734600 525.804199 175.154465 579.894775 215.799484 1.369558 1.638315 4.243906 -18.116815 -15.687937 102.442345 1.559561 0.706614
Car -1 -1 1.877642 163.758682 250.445724 272.458801 324.276825 1.589400 1.564728 4.272074 -21.642259 -7.149220 65.773384 1.559758 1.188776
Car -1 -1 1.758592 464.257721 179.654617 532.964539 241.717865 1.954025 1.670084 4.628643 -17.979922 -12.746979 89.444997 1.560219 0.460590
Car -1 -1 1.832427 272.819275 218.322815 356.536072 280.492218 1.605771 1.635455 4.233438 -22.023763 -9.755729 77.223681 1.554608 1.169168
Car -1 -1 1.803759 367.690643 230.650391 441.654724 289.476562 1.367247 1.287387 4.231994 -18.279792 -9.199146 74.600198 1.563457 1.129959
Car -1 -1 1.770617 417.646820 206.718628 489.888031 259.529968 1.458618 1.670538 4.236227 -18.597362 -11.307061 83.707866 1.551998 1.058293
Car -1 -1 1.806921 348.969482 208.385880 418.425507 255.016998 1.309165 1.479934 4.242123 -21.876052 -11.789976 86.066732 1.558016 0.879250
Car -1 -1 1.914088 139.444077 236.363907 221.778870 299.576569 1.447283 1.090787 4.184187 -25.271508 -8.716833 72.950676 1.580607 0.857772
Car -1 -1 1.672423 623.721497 139.981934 660.840759 171.172913 1.444431 1.628745 4.232429 -18.460905 -23.313878 135.762085 1.537272 0.527873
Car -1 -1 1.862067 220.453659 210.614029 297.009735 261.574615 1.378893 1.325430 4.240757 -25.598158 -11.020365 82.346511 1.560677 0.776303
Car -1 -1 1.795742 383.326965 175.938248 444.038055 217.939972 1.420676 1.675078 4.248260 -24.982496 -15.841709 103.870616 1.559709 0.628617
Car -1 -1 1.721026 537.737488 149.081268 579.970398 175.996872 1.301447 1.679143 4.242214 -23.403625 -22.682056 134.204718 1.548374 0.600385
Car -1 -1 1.679468 646.892456 117.620583 678.165466 143.742294 1.456192 1.767036 4.228521 -22.007738 -31.800745 173.365665 1.553199 0.168293
