Car -1 -1 -1.727204 1230.739868 559.327393 1412.500732 709.427734 0.930497 1.620490 4.231217 4.322365 1.130403 36.873729 -1.610516 2.318843
Car -1 -1 -1.518839 772.319641 583.045837 926.123657 744.395386 0.957525 1.669638 4.238182 -1.732567 1.449781 34.429034 -1.569120 2.746839
Car -1 -1 -1.603626 957.218689 400.454956 1077.385010 521.054077 1.365285 1.869321 4.259175 0.401759 -1.383516 50.298464 -1.595639 1.672015
Car -1 -1 1.797570 243.425156 352.756226 386.447845 466.911713 1.544409 1.633550 4.472263 -13.538662 -2.467261 55.554788 1.558530 1.256674
Car -1 -1 -1.695454 1135.279663 460.028900 1275.189087 574.145752 1.014956 1.644450 4.276534 3.398076 -0.463268 44.911974 -1.619937 1.951678
Car -1 -1 -1.394896 298.798187 779.260010 563.418396 1005.429321 0.679027 1.521674 4.244970 -5.065344 3.016295 25.500773 -1.590979 2.283517
Car -1 -1 -1.555153 823.192810 375.291016 923.038330 468.644135 1.154967 1.769316 4.233339 -2.408690 -2.436177 55.802815 -1.598290 1.770988
Car -1 -1 -1.683551 1115.219727 385.601746 1235.846069 482.112427 1.116163 1.725227 4.261150 3.499949 -2.118406 53.537378 -1.618270 1.717696
Car -1 -1 -1.655105 1079.797729 332.089386 1170.346802 408.291016 1.144251 1.679083 4.261216 3.140154 -4.158821 65.996343 -1.607560 1.293536
Car -1 -1 -1.796664 1344.834351 804.293091 1714.274414 1080.000000 1.275709 1.934862 4.407451 4.407787 3.738342 23.653080 -1.612425 3.373888
Car -1 -1 -1.523034 748.884277 884.249451 1022.331177 1079.369263 0.853941 1.824074 4.279674 -0.794053 3.880302 22.322654 -1.558590 3.624227
Car -1 -1 -1.547986 845.838135 293.700256 920.910339 361.928436 1.247141 1.720380 4.250178 -2.884226 -5.727319 73.718043 -1.587091 1.455509
Car -1 -1 -1.582808 951.821777 311.517395 1024.644653 386.037842 1.272688 1.612595 4.242140 -0.121993 -4.894006 69.902684 -1.584553 1.521233
Car -1 -1 1.902743 56.789806 281.884399 169.496048 349.876343 1.296451 1.465175 4.263778 -24.860359 -6.419188 78.248777 1.595120 1.179856
Car -1 -1 -1.583703 958.249512 246.788071 1018.663330 300.751953 1.258524 1.768065 4.246864 -0.136482 -9.014314 92.173708 -1.585184 1.369953
Car -1 -1 -1.554196 849.213196 228.624100 908.043213 284.428375 1.462729 1.743974 4.239032 -4.020578 -10.132804 98.231402 -1.595102 0.928803
Car -1 -1 -1.572484 950.914734 207.975342 997.345947 249.895538 1.268908 1.678992 4.257255 -0.781278 -12.984740 113.514450 -1.579366 0.778048
Car -1 -1 -1.575404 948.471985 171.325958 990.533813 214.995926 1.607193 1.870603 4.236661 -1.124434 -16.958343 134.256015 -1.583779 0.497941
Car -1 -1 -1.549051 867.922546 182.053711 910.848938 223.030518 1.498435 1.752988 4.227050 -4.852249 -16.136690 130.658059 -1.586171 0.632556
Car -1 -1 1.673497 682.443665 189.365463 732.065063 231.595230 1.438040 1.657288 4.246706 -12.706524 -14.849158 123.269291 1.570780 0.545836
Car -1 -1 -3.055341 1815.034424 359.691711 1917.702148 437.169830 1.190837 1.813999 3.810007 20.739426 -3.218061 61.675555 -2.730953 0.305120
Car -1 -1 1.652099 694.390137 138.206131 725.658569 164.259277 1.434409 1.663651 4.262051 -18.978875 -26.549832 185.814543 1.550313 0.253615
