Car -1 -1 -1.538396 784.205261 513.419983 925.381958 657.774414 1.076188 1.746746 4.237734 -1.932595 0.602309 39.536877 -1.587238 2.024657
Car -1 -1 -1.751789 1249.427246 642.300476 1473.500122 827.786255 0.878872 1.657422 4.423554 4.091596 2.070242 31.454042 -1.622434 1.875555
Car -1 -1 -1.653071 1004.940125 741.360596 1242.515625 972.025513 0.812983 1.752201 4.299178 1.150299 2.866038 26.538308 -1.609753 1.856895
Car -1 -1 -1.384037 259.104919 788.963440 541.917786 1052.210205 0.860607 1.546884 4.234757 -5.129560 3.223938 24.516839 -1.590288 2.421629
Car -1 -1 -1.535271 792.154358 338.730469 885.256775 423.401337 1.205141 1.798590 4.255017 -3.444295 -3.651067 62.579387 -1.590254 1.486026
Car -1 -1 -1.587235 943.469116 324.003387 1025.471191 398.222198 1.175246 1.770091 4.245933 -0.208728 -4.387984 66.595055 -1.590369 1.548901
Car -1 -1 1.653174 640.996521 297.994080 728.607544 389.546997 1.596130 1.691992 4.304100 -7.521867 -4.679930 67.846015 1.542758 0.785477
Car -1 -1 -1.537334 844.471069 263.163300 904.573669 316.700653 1.195649 1.716786 4.248412 -3.659229 -7.967517 86.394683 -1.579664 1.011271
Car -1 -1 -1.640901 999.300293 260.835938 1071.067505 326.164429 1.310224 1.750725 4.242988 1.271499 -7.428208 82.777253 -1.625542 1.183460
Car -1 -1 -1.584908 1012.168152 198.432571 1060.205933 243.616257 1.502971 1.833000 4.224231 1.861288 -13.712301 117.749465 -1.569102 0.626916
Car -1 -1 -1.541301 856.938416 208.696289 905.459351 251.506027 1.295870 1.763782 4.239272 -4.412920 -12.575335 110.675953 -1.581152 0.875095
Car -1 -1 -1.563664 941.364136 202.874969 992.037292 253.277435 1.544152 1.894522 4.253796 -1.030684 -12.490310 110.343127 -1.573004 0.754346
Car -1 -1 -1.577779 1032.804077 235.496887 1091.694092 291.871948 1.460633 1.694002 4.219800 2.395454 -9.686436 96.270719 -1.552902 0.871501
Car -1 -1 -1.576354 980.296143 133.750214 1008.202209 159.099899 1.447474 1.793480 4.242807 0.182301 -28.658790 198.180858 -1.575434 0.345335
Car -1 -1 -1.562923 945.098267 165.862106 982.347412 199.548141 1.469501 1.757109 4.237470 -1.536887 -19.099649 146.168939 -1.573437 0.399394
Car -1 -1 1.370500 669.223816 279.013580 764.640991 355.747192 1.441289 1.653653 4.222713 -7.500714 -5.993829 74.846689 1.270619 0.516091
Car -1 -1 -1.561849 932.430054 138.649582 962.192383 166.721039 1.527090 1.861019 4.255518 -2.966637 -25.851983 182.297931 -1.578121 0.339203
Car -1 -1 -1.553864 889.745544 156.452179 926.678833 191.125031 1.574696 1.831809 4.257716 -4.810236 -21.122929 157.615263 -1.584374 0.317513
Car -1 -1 -1.641134 1128.868530 156.238571 1167.114380 189.514496 1.513170 1.880953 4.248351 9.205188 -22.016880 163.484787 -1.584887 0.151650
Car -1 -1 -1.616477 1089.361938 136.930481 1120.749146 164.518951 1.553411 1.804815 4.246677 7.632759 -26.778090 187.635208 -1.575820 0.141521
Car -1 -1 -1.589053 1098.266846 145.813492 1132.919922 173.703033 1.552773 1.943722 4.249401 8.079933 -26.027655 185.313612 -1.545479 0.085507
