Car -1 -1 -1.413151 317.884338 748.253479 572.850281 974.953003 0.751398 1.542826 4.231401 -5.030978 2.833845 26.004123 -1.604258 2.903800
Car -1 -1 -1.578851 950.030762 254.704834 1009.170532 310.068085 1.255476 1.725033 4.227408 -0.429575 -8.519859 89.940307 -1.583627 1.254356
Car -1 -1 1.588347 662.231995 300.052155 745.388428 372.697815 1.295222 1.784210 4.263772 -7.508286 -5.337553 71.846771 1.484221 1.107415
Car -1 -1 -1.578525 1023.376282 191.338150 1070.843140 236.017410 1.534194 1.851409 4.249575 2.431252 -14.461769 121.547532 -1.558525 0.699887
Car -1 -1 -1.574843 936.730652 209.691849 987.137329 257.319489 1.495638 1.784212 4.269316 -1.220537 -12.320026 110.244556 -1.585914 0.706937
Car -1 -1 1.648760 675.579651 261.690369 754.373108 335.177124 1.531790 1.871935 4.244110 -8.063663 -7.004656 80.754613 1.549236 1.325219
Car -1 -1 3.022553 1271.211792 336.780731 1386.223267 427.239166 1.703567 1.311860 2.259176 7.491454 -3.279398 61.642594 -3.139695 0.839007
Car -1 -1 -1.576211 938.121582 178.907364 976.410767 216.164856 1.322958 1.724122 4.255975 -1.726933 -16.895129 133.901197 -1.589108 0.571557
Car -1 -1 -1.581446 1009.794800 174.536591 1052.850098 217.201447 1.730475 1.881375 4.258727 1.924391 -16.809830 134.583327 -1.567148 0.523419
Car -1 -1 -1.577534 985.823242 130.105377 1014.080078 157.742599 1.629953 1.861887 4.239845 0.559267 -29.638524 204.171853 -1.574795 0.308110
Car -1 -1 -1.560494 873.725769 167.148132 911.430847 198.897934 1.365806 1.843059 4.245410 -5.292200 -19.379808 147.540059 -1.596348 0.596916
Car -1 -1 -1.406860 1063.973022 172.158066 1109.348877 204.587616 1.322809 1.598077 4.238508 4.861270 -18.441951 142.569285 -1.372776 0.329371
Car -1 -1 1.650524 725.005798 160.139465 763.227539 194.384689 1.531839 1.694883 4.256386 -13.415755 -19.806155 149.363099 1.560944 0.370183
Car -1 -1 -1.660070 1184.905518 187.659256 1234.990845 229.083908 1.455219 1.770218 4.254995 10.089514 -15.682283 129.149937 -1.582106 0.400775
Car -1 -1 1.655598 715.852356 252.016479 777.066467 311.522339 1.312758 1.538592 4.246718 -7.774815 -8.268266 87.445353 1.566921 0.933861
Car -1 -1 1.637764 781.657471 176.497482 825.035095 220.299652 1.591824 1.718353 4.235038 -8.685346 -15.799015 127.254611 1.569618 0.450812
Car -1 -1 1.629371 756.153503 197.331421 810.365662 246.345474 1.637165 1.843347 4.251430 -8.512012 -12.982921 112.723125 1.554001 0.450072
Car -1 -1 -1.564658 894.095886 134.169556 920.848816 156.949707 1.396077 1.738472 4.247308 -6.137250 -28.790718 198.450949 -1.595574 0.244793
Car -1 -1 1.612102 789.986511 148.538605 823.038940 177.667038 1.479835 1.689000 4.250544 -11.387803 -23.421281 169.294241 1.544937 0.232657
Car -1 -1 -1.570812 938.818787 165.239243 976.236877 199.297882 1.396437 1.747553 4.243556 -1.820376 -19.279233 146.831781 -1.583209 0.246713
