Car -1 -1 -1.492216 418.970215 712.853516 680.522644 980.758179 0.816321 1.732867 4.259396 -3.440708 2.629957 23.945527 -1.634928 2.816446
Car -1 -1 -1.665819 887.013184 685.855164 1114.983032 913.778137 0.686504 1.578758 4.267175 0.273170 2.358367 25.836827 -1.655246 2.777227
Car -1 -1 -1.793733 1237.702148 725.938171 1535.793579 958.705627 0.624507 1.555124 4.338435 3.731941 2.636012 25.219918 -1.646823 2.433391
Car -1 -1 1.791148 86.473274 237.670792 193.002182 319.395721 1.417723 1.518611 4.257507 -20.806250 -6.007642 70.432965 1.503912 1.199848
Car -1 -1 1.817308 0.000000 238.145233 90.947472 310.818024 1.281429 1.741426 4.259816 -24.525844 -6.477517 73.573491 1.495541 0.911911
Car -1 -1 1.744865 241.342773 195.639771 327.059692 254.894882 1.311292 1.701275 4.252869 -21.441621 -9.309787 87.988701 1.505837 0.957773
Car -1 -1 1.720084 283.176514 224.176956 370.658417 291.180664 1.278100 1.589580 4.243797 -17.654026 -7.292811 77.388763 1.495800 1.271192
Car -1 -1 1.733544 221.103821 167.129593 290.249298 219.030563 1.394184 1.575204 4.255225 -26.068084 -12.035938 102.506944 1.484518 0.769434
Car -1 -1 1.803916 77.460777 181.141968 153.924988 233.390808 1.323126 1.534495 4.249388 -29.409424 -10.860596 96.649371 1.508528 0.873841
Car -1 -1 1.731656 317.406433 171.472092 385.196564 220.540848 1.278638 1.623285 4.259942 -22.673191 -12.085593 103.201739 1.515394 0.683328
Car -1 -1 1.788777 76.384361 207.030579 179.556412 276.721313 1.280095 1.658121 4.256920 -24.864449 -8.306485 83.052100 1.497886 0.777892
Car -1 -1 1.769148 156.408051 145.793503 229.840698 201.203903 1.842665 1.801484 4.517290 -31.474280 -13.950470 113.704508 1.499102 0.405635
Car -1 -1 1.846875 6.580435 156.989136 79.560585 205.518539 1.499173 1.665780 4.270283 -37.212849 -13.704373 112.602464 1.527694 0.346633
Car -1 -1 1.729884 279.403625 147.155975 341.084991 195.123947 1.447354 1.671466 4.259023 -27.067443 -14.496262 115.629877 1.499937 0.406198
Car -1 -1 1.692242 398.691071 141.129517 450.881927 177.989410 1.260194 1.591589 4.272047 -25.395838 -17.160258 131.373543 1.501287 0.352284
