Car -1 -1 -1.739800 1288.029297 698.504028 1518.491089 898.702698 0.811467 1.539538 4.228994 4.194537 2.516961 28.865182 -1.595495 4.311235
Car -1 -1 -0.486544 393.227753 383.935486 637.503357 477.600677 1.172017 1.837350 4.063959 -9.328841 -2.184569 54.407341 -0.656356 3.169979
Car -1 -1 -2.376705 1523.354126 312.254059 1704.529907 393.045410 1.448309 1.784515 4.294002 15.250985 -4.548143 67.984166 -2.156027 0.989126
Car -1 -1 -1.536905 744.489502 747.559998 946.333069 968.504944 0.736120 1.671069 4.263225 -1.317949 2.824436 26.262495 -1.587047 2.623745
Car -1 -1 -1.361361 989.007385 315.605255 1101.604004 402.516815 1.413980 1.800247 4.234136 1.299743 -4.248360 65.653184 -1.341566 1.233347
Car -1 -1 -1.612887 1005.228577 715.903015 1237.482056 962.058838 1.031678 1.917619 4.261826 1.135198 2.803690 26.474180 -1.570034 2.584098
Car -1 -1 1.753275 391.893005 305.817596 495.023743 381.030457 1.280241 1.699911 4.244086 -13.939316 -5.049631 70.349637 1.557665 1.151356
Car -1 -1 1.781691 272.302979 293.614502 377.065033 381.403656 1.580967 1.567300 4.239732 -16.870734 -5.022850 70.043307 1.545331 1.162651
Car -1 -1 -1.491853 897.377808 251.721039 977.046387 323.263733 1.584243 1.939614 4.235032 -1.656527 -7.626186 84.128522 -1.511541 0.868981
Car -1 -1 -1.561988 978.264404 222.610168 1035.561646 278.169098 1.499096 1.870486 4.242049 0.533149 -10.621564 100.950989 -1.556706 0.836105
Car -1 -1 1.707413 508.711639 314.888641 598.599304 391.803436 1.246497 1.501411 4.246276 -10.814509 -4.677738 68.400243 1.550605 1.225457
Car -1 -1 1.656065 648.066040 312.947845 730.405029 390.376862 1.281141 1.576176 4.241318 -7.467567 -4.688877 68.273177 1.547120 1.177578
Car -1 -1 -1.822738 1417.460571 915.870056 1850.889771 1078.021729 0.971915 1.956125 4.620408 4.736623 4.130295 21.221327 -1.603136 2.854932
Car -1 -1 1.731135 446.315369 280.373566 530.235901 347.384125 1.288821 1.525582 4.255799 -14.107473 -6.408603 77.614854 1.551336 1.006012
Car -1 -1 -1.567783 983.851135 186.908051 1026.906372 227.872086 1.429192 1.782460 4.241107 0.604795 -15.205958 124.836460 -1.562938 0.540863
Car -1 -1 1.696707 605.194580 189.416183 663.115234 245.686707 1.836454 1.712900 4.320658 -14.876690 -13.324579 114.816349 1.567856 0.380595
Car -1 -1 1.662274 663.673950 287.086792 738.607788 356.865997 1.334436 1.562476 4.256765 -7.902315 -5.955369 75.192460 1.557564 1.273781
Car -1 -1 -1.558605 920.978088 163.147934 957.073303 194.281631 1.422035 1.771976 4.243625 -2.928833 -20.236533 152.611164 -1.577794 0.513135
