Car -1 -1 -1.453418 442.748291 581.213318 630.566528 746.505676 0.804683 1.741169 4.247551 -5.448476 1.317968 28.288329 -1.643693 3.776485
Car -1 -1 -1.991383 419.585449 428.391357 610.271240 533.070984 1.080076 1.359835 4.256877 -8.525048 -1.287087 41.241701 -2.195221 2.012886
Car -1 -1 -1.606722 985.648438 248.109268 1045.596680 306.565979 1.438023 1.882755 4.257564 1.746148 -9.498293 78.107458 -1.584370 1.203395
Car -1 -1 -1.623361 495.217987 488.713074 624.155151 620.633850 1.057163 1.749277 4.277336 -6.543384 0.063387 35.111532 -1.807607 2.761132
Car -1 -1 1.195689 1811.871094 165.166870 1894.532593 213.787262 1.731218 1.778595 4.546050 41.844149 -16.553220 103.459171 1.580026 0.354099
Car -1 -1 1.866940 220.598770 227.148758 284.720551 272.521393 1.492264 1.244859 4.257186 -33.272338 -13.791402 102.227288 1.552279 0.320980
Car -1 -1 2.774496 1735.369629 163.861099 1825.451172 206.013168 1.498097 1.831822 3.744816 39.524339 -17.387861 106.583033 3.129607 0.180457
Car -1 -1 -1.577747 973.292236 146.490509 1001.326782 172.133331 1.486877 1.902676 4.256428 1.629296 -29.691306 167.930744 -1.568045 0.494714
Car -1 -1 1.166571 1878.061279 169.254684 1919.003540 211.408142 1.497020 1.292902 4.249616 45.036780 -16.719571 104.126103 1.574795 0.378130
Car -1 -1 -2.745893 0.019698 206.416336 69.002953 245.242783 1.472972 1.832956 3.914349 -48.315732 -16.378726 111.902026 3.129703 0.127757
Car -1 -1 2.896735 1556.010254 138.412170 1639.963257 173.076111 1.841609 1.819801 4.113911 41.110390 -24.958896 141.629705 -3.103947 0.091205
Car -1 -1 2.875273 1586.713745 145.186569 1667.729736 180.156982 1.573879 1.809084 3.784455 39.644463 -22.796397 131.118894 -3.114297 0.086799
