Car -1 -1 -1.790242 1258.336548 660.561340 1521.576416 894.498291 0.889987 1.572147 4.259494 4.629694 2.399927 23.236371 -1.593574 2.888853
Car -1 -1 2.860887 558.424194 370.849854 860.717468 500.425354 1.537255 1.961002 4.789439 -4.336719 -1.596777 40.896712 2.755241 4.153833
Car -1 -1 -1.314481 147.291901 730.756592 455.442719 980.713623 0.644281 1.575206 4.276894 -5.843169 2.727256 20.471580 -1.592517 3.206279
Car -1 -1 -1.636262 962.301147 673.765503 1153.528564 891.412781 0.784517 1.630010 4.240432 1.184346 2.469030 23.786370 -1.586512 2.120089
Car -1 -1 -1.423875 537.269348 703.510742 773.142517 950.626282 0.785206 1.561426 4.211551 -2.627103 2.615193 21.005308 -1.548297 3.805033
Car -1 -1 1.827144 230.161377 275.860596 330.642578 352.549194 1.339307 1.482417 4.248435 -17.796693 -5.801212 59.188527 1.535066 1.522434
Car -1 -1 1.756713 399.033539 257.821686 490.860931 327.338440 1.394804 1.555742 4.244952 -14.648940 -6.983075 64.831663 1.534492 1.455396
Car -1 -1 1.854554 118.317284 266.366913 231.782318 346.648560 1.459466 1.622628 4.347704 -21.406059 -6.178832 61.399056 1.519093 1.180255
Car -1 -1 1.815644 324.029694 248.204773 405.378967 306.798401 1.267772 1.362504 4.251873 -18.119483 -8.004515 69.106942 1.559221 1.218204
Car -1 -1 1.750305 523.720215 204.606735 590.518677 257.042267 1.331842 1.542852 4.236405 -14.473990 -11.282362 82.641835 1.576922 1.079890
Car -1 -1 -1.575933 942.629272 190.779068 988.377930 236.208618 1.400153 1.765107 4.256975 1.089067 -13.770320 95.120371 -1.564484 0.923661
Car -1 -1 1.900378 34.955181 269.183228 130.997696 331.741455 1.200269 1.294363 4.227433 -25.123160 -6.814414 64.404750 1.528450 1.590625
Car -1 -1 -1.747867 1303.799927 218.850220 1375.166382 275.606537 1.409110 1.760084 4.243600 14.732222 -10.466156 80.995971 -1.567945 0.825052
Car -1 -1 -2.756008 1613.163940 297.511932 1789.374268 370.424500 1.190184 1.860197 4.062834 20.360153 -5.292079 58.630750 -2.421776 1.488616
Car -1 -1 1.919970 30.058615 217.743561 119.783264 268.954071 1.250363 1.390708 4.251616 -31.586488 -10.516576 80.061452 1.544190 0.810525
Car -1 -1 1.832679 294.192780 224.766479 373.066071 281.606628 1.326478 1.571210 4.230578 -21.222054 -9.715908 76.656307 1.562597 0.989518
Car -1 -1 1.770486 423.045441 198.754272 497.219696 256.507416 1.551911 1.717493 4.347492 -18.092763 -11.260784 82.501449 1.554601 0.752253
Car -1 -1 1.843574 205.137787 238.160095 297.414398 305.782867 1.422455 1.482820 4.227355 -22.269289 -8.319561 70.738595 1.538585 1.188435
Car -1 -1 1.793992 363.245575 202.551254 430.378723 248.903152 1.332841 1.515559 4.236555 -21.331124 -11.931270 85.603235 1.549779 0.911190
Car -1 -1 2.614591 0.000000 391.248901 205.912323 578.277100 1.902136 2.005898 5.100655 -15.055489 -0.437762 35.835365 2.216853 2.472454
Car -1 -1 1.890295 125.967850 236.655975 224.955978 297.202698 1.294791 1.515147 4.250003 -25.242388 -8.737732 72.482345 1.555175 1.074565
Car -1 -1 1.740664 449.953094 238.178635 524.069336 299.059082 1.317013 1.464495 4.256204 -14.895376 -8.576710 71.898516 1.536382 1.190611
Car -1 -1 1.771528 405.500702 164.995316 456.276642 202.804321 1.491236 1.546005 4.260880 -26.083543 -17.691762 111.968566 1.542656 0.489900
Car -1 -1 1.750617 553.911804 169.377899 600.809082 207.679428 1.416220 1.447601 4.254430 -17.662438 -16.704716 106.849238 1.586796 0.433946
Car -1 -1 1.854589 269.976349 193.463470 341.829407 245.600143 1.499130 1.441688 4.250357 -25.294655 -12.326258 87.390424 1.572845 0.772750
Car -1 -1 1.809229 363.501526 180.820755 421.805847 217.859238 1.214439 1.382400 4.248728 -26.010316 -15.883250 104.200271 1.564609 0.579553
Car -1 -1 1.872693 223.487747 206.936722 302.993286 256.623688 1.253396 1.283308 4.235478 -25.610368 -11.348155 82.863403 1.572939 0.433082
Car -1 -1 1.712196 583.471436 160.362671 627.633911 195.796860 1.322812 1.612681 4.239326 -17.580477 -18.564032 114.995730 1.560491 0.518513
Car -1 -1 1.890378 123.516579 202.621246 192.572220 244.933090 1.265429 1.267186 4.222323 -31.405895 -12.317259 87.651198 1.546323 0.618232
Car -1 -1 1.662954 658.611755 111.994141 690.854614 138.565567 1.705180 1.887424 4.255172 -21.815532 -33.109895 178.803330 1.541545 0.121585
Car -1 -1 1.748949 528.822266 182.453094 577.861572 223.074036 1.420846 1.503433 4.264569 -17.287648 -14.529654 97.464104 1.573401 0.272017
