Car -1 -1 -1.452911 540.994812 640.319763 766.120667 854.263367 0.917328 1.686714 4.236623 -3.334334 2.154447 28.270848 -1.570312 2.792601
Car -1 -1 -1.582673 885.569702 674.051086 1094.930786 888.654907 0.857672 1.779739 4.237465 -0.040247 2.412265 27.741995 -1.584124 1.834047
Car -1 -1 0.131955 360.228180 349.643158 575.981262 438.470215 1.370941 1.844501 3.908100 -10.752008 -2.565876 57.277493 -0.053603 3.112138
Car -1 -1 -1.744276 1263.836060 650.742065 1509.632324 844.654968 0.811323 1.590553 4.402765 4.045841 2.164752 29.088986 -1.606078 2.725965
Car -1 -1 -1.887316 1026.128662 236.939957 1127.392578 303.022308 1.457612 1.589448 4.472774 2.708795 -7.948410 87.870827 -1.856499 0.660775
Car -1 -1 0.017498 1182.550171 398.285126 1494.955566 509.479858 1.383676 1.889244 4.869614 6.093541 -1.094252 48.685576 0.142012 3.797765
Car -1 -1 -1.370916 244.485916 577.205383 504.167450 806.320007 1.233782 1.718668 4.351562 -6.529407 1.854861 29.855061 -1.586229 2.459248
Car -1 -1 0.320739 608.950134 374.936707 868.459167 477.997650 1.245825 1.880195 4.238354 -4.762233 -1.794998 52.457931 0.230206 3.323596
Car -1 -1 2.896334 1244.085571 318.308136 1493.523315 405.195038 1.392696 1.899860 4.870049 8.383693 -3.506929 61.857106 3.031046 2.073967
Car -1 -1 3.076830 668.087402 316.164124 895.226685 409.507446 1.541643 1.900541 4.536700 -4.585276 -3.324722 60.955085 3.001747 2.316345
Car -1 -1 2.976299 1142.193481 307.449646 1339.222290 379.862854 1.298476 1.851167 4.112392 5.988791 -4.214427 66.108003 3.066644 1.046844
Car -1 -1 -1.324656 0.000000 810.888245 340.221985 1078.818481 1.062076 1.912597 4.240116 -6.717662 3.555306 22.407345 -1.615927 2.803866
Car -1 -1 0.181631 179.027573 316.557617 407.833557 406.893768 1.492679 1.866886 4.341219 -15.483795 -3.443078 61.716188 -0.064182 2.184220
Car -1 -1 -1.777299 1329.897705 809.463745 1651.494995 1075.429810 0.687327 1.506417 4.243247 4.001069 3.222230 22.984453 -1.604949 2.025415
Car -1 -1 2.923821 1416.425537 285.282471 1621.621216 367.209259 1.663738 1.908343 4.550904 13.337989 -4.747968 70.260620 3.111424 1.545947
Car -1 -1 -1.445927 349.333496 872.126160 699.503540 1078.939209 1.078035 1.854238 4.273506 -3.304000 3.914085 20.627990 -1.604749 2.638261
Car -1 -1 -1.570927 955.512207 196.235886 1003.619568 238.121796 1.366812 1.847741 4.244418 -0.489361 -13.015755 117.529823 -1.575091 0.647183
Car -1 -1 1.798259 231.306732 240.902786 320.052917 298.494690 1.362685 1.683001 4.262635 -22.968389 -8.128028 89.147083 1.546098 0.727033
Car -1 -1 1.752589 315.342834 213.260315 388.532532 271.226135 1.617718 1.606529 4.262756 -23.372568 -10.153216 101.487298 1.526235 0.645235
Car -1 -1 1.849413 127.594307 235.896545 216.695953 296.255585 1.456075 1.490108 4.196519 -26.258655 -8.183495 89.086608 1.562776 0.619915
Car -1 -1 -2.748498 244.713150 302.929413 424.335327 372.000641 1.241583 1.834365 3.990419 -15.598616 -4.402600 66.284700 -2.979621 0.494486
Car -1 -1 -2.427370 1375.238159 193.818161 1459.707153 228.298981 1.221913 1.746907 3.467619 18.934801 -14.000034 123.068510 -2.274711 0.338480
Car -1 -1 -1.613636 970.338074 929.829285 1269.548462 1078.595459 0.538381 1.868102 4.250873 0.867459 3.840173 20.426139 -1.571193 3.517672
Car -1 -1 -1.862754 1195.038940 177.163773 1253.880859 212.952103 1.350874 1.648379 4.238729 11.995268 -17.072007 143.213648 -1.779192 0.221215
Car -1 -1 -2.085084 0.559486 378.888885 75.962013 467.101624 1.172617 1.532637 3.853056 -20.314248 -2.047483 56.661968 -2.429325 0.464300
