Car -1 -1 2.834518 1138.726196 399.105530 1408.500732 499.903564 1.261810 1.895689 4.423251 5.868579 -1.404059 42.059265 2.973155 4.843570
Car -1 -1 -1.287029 258.189697 641.734680 520.525635 832.832153 0.673567 1.495568 4.231359 -6.305137 2.105226 24.151985 -1.542390 2.766757
Car -1 -1 2.723417 316.290405 435.634888 619.383240 558.793823 1.149441 1.933558 4.166529 -8.352861 -0.451913 36.355533 2.497582 5.112545
Car -1 -1 -1.366809 523.406799 664.266052 774.287476 872.629822 0.669536 1.613581 4.240673 -3.260031 2.311469 23.007896 -1.507564 2.830955
Car -1 -1 3.090426 1153.963013 316.131561 1340.954834 396.188385 1.481519 1.843393 4.254502 6.926665 -4.047590 54.266345 -3.065804 3.122274
Car -1 -1 -1.772370 1439.688599 700.179810 1669.654053 906.770996 0.559768 1.382528 4.217069 5.985556 2.561307 22.605613 -1.513528 3.925096
Car -1 -1 -1.652371 1158.413452 660.583313 1384.317627 923.433777 0.923925 1.747750 4.711653 3.004159 2.587268 22.545288 -1.519901 1.845532
Car -1 -1 -1.508078 867.663818 580.613098 1064.449097 844.760803 1.208314 1.732194 5.120058 0.088473 2.070289 24.396895 -1.504452 1.298718
Car -1 -1 2.269840 0.000000 580.209595 197.968735 863.829529 1.581486 1.948137 4.167735 -10.930000 2.370066 24.704739 1.853303 2.479964
Car -1 -1 2.656868 1815.217651 376.061096 1917.792236 483.731781 1.609036 1.811919 2.917296 19.548342 -1.712767 44.458117 3.071125 0.344270
Car -1 -1 -1.647820 1138.282715 922.943542 1462.285278 1078.454590 0.626660 1.867044 4.232043 2.323187 4.004180 16.253608 -1.505848 4.173737
Car -1 -1 -1.130660 0.000000 900.842712 194.456787 1080.000000 0.980961 1.945859 4.335846 -7.774345 4.259159 17.217987 -1.554781 2.500343
