Car -1 -1 1.884658 25.826672 472.982910 219.353668 609.496704 1.112798 1.326453 4.476926 -13.099276 -0.014351 41.965553 1.582098 2.014089
Car -1 -1 -1.748731 1328.506470 746.647461 1602.592896 1005.456055 0.957063 1.590932 4.220472 4.252778 3.004963 25.508354 -1.583529 3.361258
Car -1 -1 -0.882307 958.121582 288.012238 1114.132935 355.040863 1.230919 1.805048 4.161353 1.263958 -6.069390 75.738399 -0.865620 1.232254
Car -1 -1 0.489362 1074.860596 409.144470 1360.734863 519.579651 1.169874 1.902615 4.423878 4.058124 -1.383416 49.665789 0.570889 3.339913
Car -1 -1 1.774875 293.266785 359.643250 413.751831 454.525940 1.333311 1.444673 4.241052 -13.306137 -2.757779 57.809969 1.548645 1.695154
Car -1 -1 1.880022 0.220679 665.594482 231.736465 934.159973 1.427642 1.630800 4.327858 -9.340522 2.789723 28.518610 1.563509 3.148770
Car -1 -1 -1.646487 1033.210083 824.252869 1279.713135 1076.420532 0.727892 1.712104 4.250514 1.330082 3.364104 23.978440 -1.591074 2.603143
Car -1 -1 -1.515280 648.925476 815.054932 925.102051 1078.894165 1.265142 1.909903 4.458947 -1.597629 3.756727 23.075346 -1.584405 2.117797
Car -1 -1 1.770218 351.241913 422.959625 490.946228 539.196045 1.173925 1.411100 4.247290 -9.742458 -1.023097 47.477176 1.567825 2.579114
Car -1 -1 -1.393874 267.045288 809.050537 532.311829 1049.931274 0.631610 1.432037 4.234963 -5.080386 3.163297 24.264555 -1.600268 2.354012
Car -1 -1 1.775276 295.819977 297.131012 390.924286 372.782257 1.362808 1.454758 4.239039 -16.913019 -5.359940 72.181999 1.545117 1.270871
Car -1 -1 1.688402 560.651123 273.863678 645.112244 350.295807 1.496761 1.709598 4.249018 -10.742394 -6.252668 76.417653 1.548743 1.295719
Car -1 -1 1.750631 400.720520 306.826355 495.156586 379.788208 1.239942 1.500728 4.235305 -13.871814 -5.095824 70.587037 1.556583 1.253712
Car -1 -1 1.634646 672.805237 280.495331 750.001953 352.480713 1.359837 1.702367 4.252913 -7.692344 -6.135799 75.692587 1.533368 1.160334
Car -1 -1 -1.563905 900.320312 181.120346 946.634766 224.694824 1.560576 1.919263 4.258193 -3.167041 -15.652604 127.426047 -1.588754 0.581941
Car -1 -1 1.745651 348.214935 266.831909 433.424469 338.037048 1.470780 1.570063 4.241132 -17.318613 -6.821954 79.629329 1.531495 1.138167
Car -1 -1 1.700218 541.196838 235.444962 606.443237 288.508514 1.347870 1.642334 4.267280 -14.579355 -9.837771 96.486095 1.550249 0.699231
Car -1 -1 1.734223 473.906921 272.208374 550.404785 331.045319 1.231075 1.526695 4.238580 -14.148344 -7.126725 81.510326 1.562358 1.172352
Car -1 -1 1.722438 447.384064 235.638840 514.575317 289.358643 1.376272 1.493306 4.249475 -17.747167 -9.736189 96.063532 1.539754 0.799365
Car -1 -1 1.669405 655.770752 207.698135 715.474792 265.528503 1.683354 1.746110 4.281357 -11.676218 -11.600286 105.748504 1.559436 0.496653
Car -1 -1 1.694030 612.521301 246.530807 679.258484 302.520447 1.286873 1.557804 4.245055 -11.237179 -8.726103 89.831088 1.569584 1.124007
Car -1 -1 -1.495373 1052.078979 169.189941 1102.490723 209.843536 1.710734 1.972686 4.287448 4.320166 -17.841283 139.934114 -1.464510 0.332076
Car -1 -1 1.703751 577.736816 218.013977 635.596985 264.783752 1.363194 1.524051 4.252958 -14.784252 -11.600969 106.014512 1.565189 0.595063
Car -1 -1 1.648689 706.065796 241.648376 770.544617 298.789612 1.356706 1.708147 4.258317 -8.380621 -9.000319 91.376561 1.557229 0.903843
Car -1 -1 1.733557 491.369659 217.211273 551.409607 265.297485 1.325347 1.564468 4.264491 -18.372689 -11.829348 107.889318 1.564883 0.564093
Car -1 -1 1.655714 733.834229 217.112991 795.520996 275.552673 1.521640 1.701277 4.251152 -8.308103 -10.731198 100.887682 1.573550 0.615647
Car -1 -1 1.699918 553.536499 194.667801 604.732727 232.376450 1.280432 1.481544 4.256686 -18.464187 -14.885102 123.729150 1.551781 0.439995
Car -1 -1 1.912513 0.000000 450.598083 69.475784 576.020325 1.248386 1.423380 4.287057 -15.595896 -0.388167 42.919499 1.563972 1.913703
Car -1 -1 1.700137 602.332825 205.272064 653.429199 248.990677 1.347637 1.463936 4.253134 -15.123502 -13.154707 114.784808 1.569136 0.212937
Car -1 -1 1.697263 521.434021 203.325363 577.013794 246.988480 1.334211 1.533188 4.242225 -18.555994 -13.358853 115.621437 1.538130 0.355852
