Car -1 -1 -2.046705 0.955859 271.649963 216.902649 417.474396 1.569207 1.852764 4.690678 -14.955663 -2.575935 47.070944 -2.354344 1.510996
Car -1 -1 0.997416 447.142700 175.502548 612.695374 255.815460 1.256762 1.619334 4.288424 -10.518854 -6.903522 65.913053 0.839164 0.651861
Car -1 -1 -1.668881 256.136749 423.056000 424.855408 573.183838 0.842619 1.606958 4.269490 -8.165315 -0.284739 35.628025 -1.894173 2.428409
Car -1 -1 0.654004 670.268250 202.908035 892.975464 292.122894 1.256145 1.891903 4.170782 -4.066991 -5.552095 59.806759 0.586107 1.461281
Car -1 -1 -1.684311 1007.912048 676.520752 1276.143066 928.925659 0.552067 1.617823 4.326108 1.346096 2.170560 23.522477 -1.627147 2.706068
Car -1 -1 1.797218 149.481125 123.638359 236.859131 182.878113 1.205199 1.433861 4.254049 -23.843246 -10.896697 85.085951 1.524000 1.216146
Car -1 -1 1.766588 251.529419 112.793404 343.222870 180.929245 1.437849 1.772330 4.279190 -20.676838 -10.986955 85.251866 1.528644 1.028032
Car -1 -1 1.836456 28.401009 125.415009 122.372025 184.753250 1.245677 1.451415 4.240194 -27.748903 -10.931119 85.932764 1.524112 1.176058
Car -1 -1 1.695687 451.509674 85.710869 512.711121 133.420807 1.236599 1.569630 4.269305 -17.806663 -14.522946 100.991023 1.521161 0.837426
Car -1 -1 1.685390 342.830566 132.193420 429.311218 202.131424 1.280278 1.699081 4.261420 -16.587235 -9.625694 78.690362 1.477640 1.128545
Car -1 -1 1.746981 313.133881 95.305374 387.422028 151.502258 1.368106 1.541757 4.268947 -20.815251 -12.809528 92.991970 1.526771 0.970137
Car -1 -1 1.770450 212.896362 106.858749 285.058838 161.148010 1.240802 1.270632 4.256874 -24.238646 -12.564389 93.074984 1.515688 0.978546
Car -1 -1 1.789952 142.000885 82.490273 222.165192 141.076141 1.568498 1.627398 4.274905 -28.913040 -14.378159 101.688039 1.512932 0.617613
Car -1 -1 1.697476 505.596222 54.375702 561.883545 101.817169 1.415954 1.700696 4.290069 -18.243055 -17.822937 115.542840 1.540879 0.601624
Car -1 -1 1.765621 264.324646 81.685471 328.823669 128.283813 1.239531 1.370622 4.280670 -25.092490 -14.974897 103.183014 1.527068 0.554119
Car -1 -1 1.802223 84.262268 110.494331 161.064377 164.512009 1.245485 1.330295 4.288240 -28.282441 -12.335041 92.366816 1.505090 0.811915
Car -1 -1 1.770951 192.364120 75.670204 253.188095 121.536217 1.272088 1.439267 4.259060 -29.588030 -16.181795 109.578621 1.507224 0.534029
Car -1 -1 1.744011 322.577057 59.151302 384.797119 99.420341 1.230391 1.560836 4.261334 -26.227880 -18.233716 117.800087 1.524937 0.498066
Car -1 -1 1.710190 378.946899 71.461563 439.540253 122.807884 1.488235 1.598151 4.242835 -21.526142 -15.621129 106.256407 1.510309 0.429456
Car -1 -1 1.731773 351.997955 83.067070 417.705444 133.418671 1.288890 1.518033 4.276575 -21.630695 -14.782720 102.655074 1.524098 0.515244
Car -1 -1 1.706951 409.800934 65.023621 465.503876 108.101692 1.342334 1.573812 4.294653 -21.986138 -17.423432 114.622827 1.517440 0.267972
Car -1 -1 1.652285 527.377747 14.190192 565.131592 45.493534 1.400881 1.784547 4.249748 -25.560851 -28.827965 167.116738 1.500509 0.094879
