Car -1 -1 -1.528630 889.585083 450.798096 1014.116089 568.986694 0.892856 1.812164 4.296108 -0.269580 -0.609542 36.613696 -1.535992 3.082967
Car -1 -1 2.737047 1786.321655 269.077972 1920.163452 328.432831 1.382683 1.828725 3.991515 27.454562 -7.238026 67.082496 3.125515 1.110925
Car -1 -1 1.217614 731.721619 300.008911 860.728577 377.537567 1.160765 1.594546 4.785058 -4.460361 -5.001574 55.004354 1.136700 0.845786
Car -1 -1 -1.595152 943.263123 206.102661 992.315979 253.622498 1.444499 1.815715 4.291528 -0.106832 -13.518369 96.264636 -1.596262 0.717459
Car -1 -1 -1.562151 929.766846 283.193573 1003.112061 356.485291 1.307594 1.771706 4.278167 -0.079696 -5.896483 59.828160 -1.563483 1.435831
Car -1 -1 -1.549737 862.330261 205.953506 913.145264 253.315277 1.450049 1.834777 4.268731 -3.552133 -13.315517 94.908809 -1.587146 0.571006
Car -1 -1 1.670022 688.179749 216.819885 744.153992 266.150909 1.402300 1.697497 4.268001 -10.074833 -11.725125 86.880834 1.554576 0.746028
Car -1 -1 1.643710 723.074280 190.776337 768.436829 232.449829 1.477398 1.631048 4.288259 -10.681171 -15.547384 104.453371 1.541807 0.568192
Car -1 -1 1.416903 706.351685 265.167908 786.712341 332.588654 1.243420 1.618003 4.265848 -6.511517 -6.859185 63.157193 1.314166 0.975136
Car -1 -1 -1.558064 893.742798 189.995453 934.574219 226.469589 1.349865 1.826512 4.275230 -2.840768 -16.813267 111.260542 -1.583591 0.591244
Car -1 -1 1.477663 704.149109 242.602127 770.583557 296.537659 1.184936 1.621105 4.276890 -8.040913 -9.268101 75.015379 1.370881 0.815048
Car -1 -1 -1.585176 930.106201 172.296112 965.626465 206.925095 1.560811 1.868649 4.279358 -1.297157 -20.321392 127.765663 -1.595328 0.377453
Car -1 -1 1.623621 755.494019 170.552994 794.060547 207.473038 1.571697 1.724650 4.269030 -10.812260 -19.219584 120.886976 1.534418 0.488444
Car -1 -1 1.660133 708.635254 166.592957 742.508850 197.450974 1.379586 1.505782 4.278630 -14.577147 -21.140583 129.864588 1.548352 0.538924
Car -1 -1 0.169950 1298.717896 157.291901 1373.353027 188.909439 1.551624 1.859922 4.052301 23.293978 -23.158142 138.884711 0.336125 0.144680
Car -1 -1 1.633922 788.109802 144.970734 818.558472 176.117783 1.471594 1.688479 4.293274 -11.785276 -26.613651 153.599623 1.557344 0.264994
Car -1 -1 1.683854 668.754150 150.551102 704.380859 177.632553 1.550780 1.859380 4.247460 -20.029583 -26.381585 154.217890 1.554698 0.218438
