Car -1 -1 -1.508249 655.708374 806.543030 897.680908 1061.237549 0.659114 1.722486 4.543352 -1.797103 3.209278 24.293900 -1.582088 2.323837
Car -1 -1 -1.625680 1011.021057 745.440430 1233.387817 967.528381 0.781205 1.779866 4.231014 1.157123 2.861735 26.599748 -1.582206 2.753693
Car -1 -1 -1.763142 1336.413818 772.023865 1613.808716 1002.154419 0.727278 1.585378 4.243202 4.387370 3.019648 25.737626 -1.594300 2.431281
Car -1 -1 0.152731 822.500305 307.702484 1015.047180 375.512360 1.336276 1.848075 4.386009 -1.846568 -5.044638 70.328297 0.126481 1.879681
Car -1 -1 1.630476 652.046936 280.939667 728.163513 362.670288 1.511359 1.640616 4.253489 -8.016765 -5.735194 73.492349 1.521822 1.124939
Car -1 -1 -1.399586 1028.499756 274.930603 1134.133667 352.687653 1.494344 1.790215 4.262002 2.461430 -6.168412 76.037335 -1.367226 0.530367
Car -1 -1 -1.592460 1032.578491 209.114105 1082.025879 254.621292 1.294368 1.693120 4.226733 2.585908 -12.508685 110.530935 -1.569069 0.708055
Car -1 -1 -1.668558 1257.284180 220.042862 1326.303101 283.389526 1.723718 1.892934 4.245640 10.683982 -10.236726 98.873300 -1.560918 0.706959
Car -1 -1 1.649272 685.808105 249.990601 759.990540 319.373077 1.580066 1.753467 4.238297 -8.102015 -7.640611 83.469006 1.552509 0.974526
Car -1 -1 1.637912 729.010437 226.402832 785.758240 278.237396 1.394601 1.640318 4.232796 -8.303123 -10.263210 98.039920 1.553422 0.603693
Car -1 -1 1.639074 751.113586 203.896164 803.743164 253.248825 1.516750 1.765631 4.269001 -8.416973 -12.259255 108.436701 1.561608 0.395103
Car -1 -1 -1.389062 1095.074341 159.496216 1142.600464 192.750198 1.481084 1.830701 4.252188 7.420741 -21.384587 160.345458 -1.342815 0.068771
