Car -1 -1 -2.268007 1480.201904 316.301971 1653.345215 402.029510 1.442991 1.636599 4.277620 13.903281 -4.342257 67.140849 -2.063816 1.162306
Car -1 -1 -1.734520 1246.848022 658.911804 1462.453857 855.151001 0.951503 1.559511 4.247430 3.909626 2.288638 30.514493 -1.607090 3.555646
Car -1 -1 -1.728543 1326.145020 268.510986 1417.956177 340.531586 1.449709 1.856468 4.245372 11.110749 -6.912774 81.087519 -1.592369 0.899579
Car -1 -1 -1.530220 802.785767 336.276398 888.155884 415.358063 1.172210 1.720786 4.233702 -3.379384 -3.894584 64.218845 -1.582794 1.291169
Car -1 -1 -1.617096 968.419189 327.483856 1052.507690 402.557983 1.176597 1.768594 4.251726 0.406923 -4.290270 66.494703 -1.610977 1.569089
Car -1 -1 1.662623 641.624512 284.230530 724.705139 365.976227 1.554212 1.651434 4.234899 -8.141353 -5.591510 73.019057 1.551586 1.237507
Car -1 -1 -1.564459 954.855774 218.054993 1011.511353 276.346985 1.646585 1.813525 4.342953 -0.349259 -10.705896 101.256137 -1.567908 0.580334
Car -1 -1 -1.612140 1046.748413 248.398453 1112.294189 311.746765 1.502481 1.832586 4.248844 2.779628 -8.318398 88.417292 -1.580713 1.208650
Car -1 -1 -1.549490 855.317688 249.397934 910.417786 300.766571 1.219797 1.633165 4.234764 -3.590970 -8.846577 90.760486 -1.589035 1.271762
Car -1 -1 1.679758 615.437988 240.816849 680.755859 296.925598 1.330866 1.653343 4.248785 -11.389755 -9.073846 91.656885 1.556127 0.964598
Car -1 -1 -1.561524 939.578003 188.195328 983.185425 227.000046 1.378048 1.799854 4.249389 -1.412391 -15.442286 126.597063 -1.572681 0.850233
Car -1 -1 -1.543369 872.322571 201.505859 916.684204 244.411667 1.342566 1.727696 4.243441 -4.121573 -13.598005 116.974568 -1.578589 0.799013
Car -1 -1 -1.570643 937.961914 148.883179 971.421570 182.417953 1.656900 1.847679 4.261580 -2.312601 -22.912351 167.392753 -1.584458 0.280238
Car -1 -1 -1.588649 1007.279419 167.595459 1043.701294 199.516647 1.334079 1.723851 4.220512 1.799361 -19.480718 148.485610 -1.576532 0.516480
Car -1 -1 1.629003 751.606567 134.119659 780.314453 159.439301 1.407994 1.689536 4.244336 -16.076070 -28.352915 196.172225 1.547237 0.320618
Car -1 -1 -1.569450 964.256653 144.381271 994.425171 171.508575 1.410877 1.718727 4.239380 -0.839116 -26.164425 186.165239 -1.573957 0.248147
Car -1 -1 1.659911 679.481567 269.554199 746.648560 334.979126 1.390950 1.523560 4.232353 -8.072887 -6.920687 80.346883 1.559772 0.633728
Car -1 -1 1.644770 699.814880 135.614929 730.685364 161.891800 1.506497 1.744802 4.248080 -19.336817 -27.678593 192.735485 1.544776 0.209213
