Car -1 -1 0.188201 406.849854 262.197784 651.342590 371.523834 1.856842 2.026591 4.677831 -10.274750 -3.683120 48.843468 -0.019137 3.098266
Car -1 -1 2.867538 1398.045776 208.784637 1557.866211 273.887482 1.514528 1.855406 3.880366 14.563226 -7.421424 64.912264 3.088236 2.640407
Car -1 -1 -1.550828 715.809998 687.293274 921.823853 926.450623 0.561194 1.591427 4.249150 -1.541565 2.545521 20.366493 -1.626375 2.942636
Car -1 -1 -1.014471 658.202576 227.270203 795.827576 292.609589 1.185069 1.700714 4.284659 -7.497307 -6.812069 62.434483 -1.133982 0.738693
Car -1 -1 0.080851 285.052124 243.494873 466.603851 325.709778 1.619188 1.884789 3.943137 -15.542488 -5.153242 55.255371 -0.193349 1.960680
Car -1 -1 1.590910 743.998291 147.319733 791.230835 195.237808 1.606071 1.774863 4.270551 -9.826635 -14.332329 96.627030 1.489562 0.580157
Car -1 -1 -2.813450 1162.513550 159.138855 1296.092285 207.073059 1.486523 1.925720 4.565532 10.004090 -12.889808 90.259958 -2.703064 1.101935
Car -1 -1 0.258458 52.160980 181.706619 164.465271 224.452591 1.292919 1.847175 3.727616 -36.003450 -12.011486 88.868696 -0.126463 0.712340
Car -1 -1 1.623864 764.881897 135.239838 800.405212 171.965927 1.387543 1.519491 4.251886 -10.565028 -17.713506 112.186773 1.529967 0.514655
Car -1 -1 -1.574689 876.683472 86.954597 899.969482 108.152184 1.447787 1.766705 4.275608 -8.706868 -34.465996 187.285011 -1.621145 0.229481
