Car -1 -1 -1.518018 689.346375 701.540894 896.119202 900.596558 0.754279 1.755690 4.294960 -1.970302 2.493434 28.415555 -1.587246 1.825560
Car -1 -1 1.795083 283.179443 282.460236 392.842865 369.523193 1.642714 1.740749 4.322461 -17.306941 -5.539312 73.228461 1.563000 0.873362
Car -1 -1 1.710990 526.544373 284.789612 618.506226 371.938049 1.630596 1.655161 4.256497 -10.811677 -5.321539 71.396334 1.560700 1.201035
Car -1 -1 1.659346 657.025208 292.549286 739.157471 375.313049 1.499202 1.602763 4.237633 -7.506548 -5.215968 70.858165 1.553802 1.295694
Car -1 -1 -1.671877 1055.848511 843.118408 1333.167969 1078.739746 0.950304 1.774166 4.373333 1.595780 3.727702 23.491059 -1.604050 3.192472
Car -1 -1 -1.788668 1354.653931 808.398804 1719.312134 1079.572144 1.190464 1.998710 4.334548 4.523599 3.687328 23.878872 -1.601447 3.904320
Car -1 -1 1.745398 404.988861 297.029449 501.073273 367.810364 1.274346 1.575751 4.239510 -14.224409 -5.561501 73.229643 1.553544 1.025341
Car -1 -1 1.693424 569.229553 233.022064 660.902527 331.890411 2.266998 1.851347 4.825274 -10.929050 -7.074592 80.364698 1.558260 0.329342
Car -1 -1 -1.574122 933.835327 214.451309 985.435974 261.853027 1.387111 1.865343 4.260766 -1.289331 -11.876391 107.673843 -1.586096 0.852598
Car -1 -1 1.767430 398.050385 242.596664 477.754883 306.459137 1.471916 1.554887 4.238995 -17.624548 -8.474290 88.139267 1.570071 1.142119
Car -1 -1 1.662089 692.492004 236.504593 764.530090 312.890961 1.846869 1.770910 4.249977 -8.294198 -8.213739 87.382748 1.567454 0.788804
Car -1 -1 1.764879 355.729248 271.956696 439.540344 336.947632 1.330463 1.421276 4.248562 -17.326304 -6.916548 80.646975 1.553254 1.067212
Car -1 -1 1.730354 468.968048 273.336914 546.071167 338.421448 1.301854 1.430666 4.249221 -14.016882 -6.847486 80.078838 1.557071 1.213170
Car -1 -1 -1.560181 939.157898 140.825989 967.856018 165.476181 1.371466 1.766160 4.238007 -2.584334 -26.171666 184.043452 -1.574222 0.314409
Car -1 -1 -1.564275 932.259827 157.479248 965.917664 189.647125 1.419120 1.839368 4.253279 -2.505271 -21.421069 159.296691 -1.580001 0.423940
Car -1 -1 1.730456 494.052277 234.574432 574.900024 304.568970 1.634079 1.615178 4.256638 -14.508226 -8.510863 87.822781 1.566735 0.958164
Car -1 -1 1.629148 738.285400 210.851318 793.768127 264.188721 1.474220 1.660993 4.244779 -8.169795 -10.906601 99.558513 1.547271 0.470747
