Car -1 -1 3.039156 856.022217 423.012665 1140.795776 531.677795 1.342185 1.853298 4.485622 0.098332 -1.017179 48.319605 3.041191 4.886742
Car -1 -1 -2.268564 1454.843384 310.706177 1619.810791 385.235413 1.267342 1.724466 3.999492 13.562472 -4.831444 68.987879 -2.074448 0.633333
Car -1 -1 -1.512571 661.067322 811.888916 897.182251 1066.747314 0.730492 1.700579 4.250057 -1.776511 3.282424 24.205507 -1.585832 3.798875
Car -1 -1 0.289057 0.000000 470.640686 193.506775 588.385315 1.306214 1.887557 4.375499 -15.385152 -0.094423 44.229881 -0.045697 1.597069
Car -1 -1 -1.752066 1331.789185 769.226013 1635.409668 1037.333740 0.892514 1.744789 4.400107 4.244638 3.108912 24.679429 -1.581742 3.345278
Car -1 -1 -1.641040 1026.428589 805.017395 1288.761230 1078.492188 1.045018 1.791266 4.292872 1.306098 3.521117 23.731606 -1.586060 2.106702
Car -1 -1 1.784953 267.023438 307.337189 377.442078 385.367584 1.316552 1.667172 4.244800 -16.882385 -4.912875 69.828136 1.547734 1.184163
Car -1 -1 1.660400 641.891418 296.258240 727.169556 370.636505 1.327220 1.711487 4.250014 -7.999994 -5.404583 72.049990 1.549819 1.109514
Car -1 -1 -0.172201 1286.372192 433.634399 1617.424072 575.550049 1.665236 1.905073 4.678991 7.190459 -0.288906 43.876143 -0.009764 3.337901
Car -1 -1 1.744213 394.365112 310.461761 492.373993 377.535797 1.148115 1.585829 4.251230 -14.027522 -5.125338 70.705504 1.548363 1.149206
Car -1 -1 1.727976 507.675262 296.061737 601.200623 380.765686 1.535745 1.561206 4.239549 -11.038708 -5.005467 69.889953 1.571326 1.089335
Car -1 -1 0.069437 113.217766 427.890930 408.317200 529.602661 1.247463 1.881843 4.781978 -12.798827 -1.053701 48.368558 -0.189244 3.004496
Car -1 -1 1.762977 342.798370 263.987854 438.748840 341.182953 1.631463 1.749689 4.254135 -17.098751 -6.666215 78.841118 1.549408 1.101811
Car -1 -1 -1.366738 166.430466 852.121033 524.101318 1079.255371 1.257740 1.785703 4.234544 -5.032728 3.977927 22.259375 -1.589095 3.545445
Car -1 -1 -2.882948 195.959839 402.262054 450.773865 494.508148 1.262629 1.836799 4.099401 -12.446538 -1.687357 51.482074 -3.120161 0.792133
Car -1 -1 -1.531415 928.542969 284.025330 1004.799133 348.544281 1.245681 1.815054 4.241408 -0.696252 -6.350354 77.421629 -1.540407 1.003959
Car -1 -1 1.725488 538.513916 226.522995 603.592163 280.431580 1.411715 1.557615 4.240703 -14.745714 -10.110115 96.971988 1.574582 0.818610
Car -1 -1 1.733868 451.261047 267.968933 544.120422 343.899078 1.563250 1.759715 4.241872 -13.906133 -6.520024 77.977427 1.557387 1.216296
Car -1 -1 1.686491 565.120300 278.290527 641.921021 345.909698 1.337875 1.500997 4.256511 -10.864041 -6.427967 77.486499 1.547194 1.004132
Car -1 -1 1.760206 398.684448 251.409607 471.340576 311.398895 1.339495 1.381554 4.250637 -17.709502 -8.316089 88.016175 1.561650 0.930397
Car -1 -1 1.757621 445.607147 228.409439 514.705383 283.558563 1.392246 1.466166 4.262410 -17.422051 -9.731462 94.149033 1.574643 0.623318
Car -1 -1 1.657421 683.072083 261.732819 758.241333 335.256836 1.543972 1.696111 4.243715 -7.903990 -7.011310 80.769491 1.559873 1.002156
Car -1 -1 1.740918 484.806122 212.038147 544.640076 259.968353 1.263060 1.427675 4.222564 -18.036621 -11.681639 104.704446 1.570330 0.678277
Car -1 -1 1.697572 593.394287 250.247757 668.065796 314.527679 1.512717 1.657080 4.242550 -11.147571 -7.915928 85.368778 1.567725 1.020790
Car -1 -1 1.706232 583.931763 216.793503 640.093628 261.993317 1.244287 1.461273 4.256788 -14.686103 -11.835236 106.959938 1.569781 0.607905
Car -1 -1 1.676859 561.889404 190.832260 610.908569 229.430237 1.248716 1.622280 4.260687 -17.466478 -14.361230 118.776383 1.530852 0.491605
Car -1 -1 1.695967 597.816772 168.141159 647.112305 209.686768 1.635030 1.774304 4.270508 -18.596553 -17.776086 138.962394 1.562933 0.414865
Car -1 -1 1.695793 633.980103 236.199203 693.028076 291.289398 1.316717 1.357459 4.249070 -11.300247 -9.609575 95.081171 1.577500 0.682102
Car -1 -1 1.667882 707.636353 173.492279 745.267944 205.272217 1.317621 1.620797 4.235673 -13.810704 -18.396886 142.889719 1.571529 0.364513
Car -1 -1 1.620339 822.111206 129.781754 849.735718 153.010300 1.368941 1.747121 4.240777 -11.708351 -30.291041 206.430493 1.563681 0.187881
