Car -1 -1 -1.520191 746.168030 500.441956 903.927551 668.145874 1.349634 1.848713 4.323419 -2.274937 0.704136 38.740771 -1.578846 2.224502
Car -1 -1 -1.679047 1123.822632 426.512878 1270.460693 560.500366 1.355069 1.838689 4.385599 3.375007 -0.715270 46.524970 -1.606632 1.709845
Car -1 -1 -1.614772 1002.217712 703.743103 1197.698730 910.406494 0.831350 1.677263 4.245466 1.030322 2.603725 28.519807 -1.578661 3.373306
Car -1 -1 -1.520500 757.677551 377.102692 857.774231 478.550201 1.281416 1.696644 4.236959 -3.632682 -2.221435 54.904470 -1.586568 1.997818
Car -1 -1 -1.738265 1265.566040 667.785767 1494.814087 873.016602 0.919192 1.630235 4.221680 4.087878 2.360821 29.739098 -1.601663 4.208522
Car -1 -1 -1.597453 970.478516 396.892792 1080.523804 491.797180 1.089702 1.825154 4.254053 0.609701 -1.925335 53.214294 -1.585996 1.484927
Car -1 -1 -1.672567 1042.564453 329.331024 1138.347534 407.196960 1.228154 1.799124 4.262857 2.294872 -4.139689 65.723478 -1.637665 1.129010
Car -1 -1 -1.526111 874.743896 339.215698 962.590515 420.326691 1.185154 1.759098 4.246204 -1.644843 -3.695427 62.785794 -1.552303 1.262067
Car -1 -1 1.351218 662.478027 270.729401 772.700867 361.420563 1.749797 1.819562 4.291059 -7.350623 -5.776693 73.623751 1.251707 0.654453
Car -1 -1 -1.601791 962.141418 278.624634 1032.720337 339.959778 1.210306 1.838387 4.257841 0.117766 -6.694222 78.942545 -1.600299 1.200561
Car -1 -1 -1.566000 951.049194 235.732697 1005.205994 285.352295 1.251334 1.724657 4.237708 -0.503806 -9.909563 96.572649 -1.571217 1.061847
Car -1 -1 -1.541263 859.290894 177.613174 904.019714 219.054398 1.567656 1.864702 4.238527 -5.177766 -16.249588 130.411068 -1.580945 0.591877
Car -1 -1 -1.563555 934.440552 174.830353 977.217957 221.030457 1.754749 1.799427 4.330441 -1.726662 -16.195335 130.596101 -1.576776 0.397861
Car -1 -1 -1.585856 1001.780945 199.193665 1051.367188 240.343338 1.357639 1.851874 4.240093 1.460574 -13.865073 118.028834 -1.573482 0.628658
Car -1 -1 -1.566587 1026.127686 184.924728 1069.583130 221.189651 1.319363 1.702973 4.244748 2.643917 -16.144218 130.140227 -1.546274 0.506684
Car -1 -1 -1.551986 892.107605 134.561768 920.385010 158.935059 1.388786 1.698764 4.234509 -6.075412 -28.317102 195.554901 -1.583044 0.311127
Car -1 -1 -1.563052 952.856567 146.215500 984.743103 173.328781 1.449338 1.862383 4.254312 -1.575086 -25.034820 178.606625 -1.571871 0.240914
Car -1 -1 -1.551293 883.299133 156.683609 918.992004 189.700851 1.535609 1.743223 4.257095 -5.127639 -20.768142 154.823404 -1.584400 0.441895
Car -1 -1 -1.593017 1002.060669 150.605118 1035.578491 180.126907 1.382583 1.759687 4.230374 1.610626 -23.482345 170.516844 -1.583572 0.287743
Car -1 -1 -1.585581 990.980530 138.974442 1021.155640 164.625290 1.359230 1.702781 4.237605 0.970333 -27.080294 189.407076 -1.580458 0.222320
Car -1 -1 -1.557112 938.997559 132.316956 965.567932 155.617859 1.412440 1.798235 4.240543 -2.855439 -28.909613 198.781362 -1.571476 0.238272
Car -1 -1 -1.557259 945.502014 138.675980 975.210388 165.263763 1.413586 1.875657 4.245934 -2.014491 -26.266725 184.634034 -1.568169 0.223512
