Car -1 -1 -1.477195 527.016296 735.465271 760.285950 981.726807 0.757797 1.523286 4.248562 -2.796035 2.624364 23.962523 -1.593354 3.109307
Car -1 -1 -1.362483 115.092049 749.715759 415.343719 1003.001709 0.705721 1.405967 4.236411 -5.848806 2.656658 23.151036 -1.609942 3.389748
Car -1 -1 -1.745044 1230.618774 717.665344 1530.972412 993.749878 0.937415 1.622951 4.310071 3.338674 2.641382 23.641807 -1.604753 4.183681
Car -1 -1 -1.611733 900.771729 720.906494 1145.963867 979.627319 0.852409 1.784736 4.287899 0.314347 2.598469 24.039010 -1.598657 2.512823
Car -1 -1 1.033836 321.755249 309.188049 511.069916 435.412659 1.911065 1.650365 4.200351 -11.203631 -2.846844 55.061485 0.833102 1.034135
Car -1 -1 1.754622 260.160400 291.997101 362.389954 375.170380 1.364803 1.421371 4.241928 -16.090793 -4.788192 66.688458 1.517864 1.125867
Car -1 -1 1.799866 208.847198 262.565979 305.295349 330.772827 1.290149 1.504729 4.255654 -19.853211 -6.539027 76.160688 1.544866 0.947442
Car -1 -1 1.733980 365.005737 242.354218 440.169006 304.429718 1.332890 1.444159 4.225970 -17.398147 -7.893527 83.644815 1.528904 0.970608
Car -1 -1 2.689385 1804.292358 330.392303 1918.467773 435.198914 1.524692 1.917336 4.169719 19.546651 -2.911932 56.232344 3.023925 0.847643
Car -1 -1 1.704412 517.357849 184.063370 567.974609 224.732407 1.363075 1.536048 4.248336 -18.725848 -14.255140 118.932338 1.548245 0.557769
Car -1 -1 1.732808 413.186981 158.899200 458.248474 194.052460 1.409313 1.565962 4.244855 -29.334701 -19.496009 149.482078 1.539028 0.419331
