Car -1 -1 -1.733807 1352.871582 524.647095 1553.766846 708.751648 1.170311 1.734371 4.652023 6.605336 1.227245 30.021500 -1.517238 2.790588
Car -1 -1 -1.392476 336.417328 531.693481 538.415283 707.686646 1.014280 1.717825 4.243181 -6.972434 1.175201 28.912041 -1.629118 4.185018
Car -1 -1 -1.496253 793.066772 615.441345 998.025696 881.798828 1.341628 1.743459 4.853319 -0.678584 2.507301 24.308200 -1.524162 1.627859
Car -1 -1 -1.613053 1130.874390 497.379150 1266.339478 632.221802 0.994225 1.769190 4.228363 3.529091 0.521998 33.718692 -1.508770 3.154692
Car -1 -1 -1.644514 1125.296387 360.125916 1227.380859 452.591797 1.126035 1.841207 4.270631 4.576878 -2.667256 48.121185 -1.549687 1.374011
Car -1 -1 -1.740009 344.396210 420.989258 491.728149 541.278870 1.184638 1.640622 4.242039 -9.816167 -0.760139 38.378253 -1.990415 2.550217
Car -1 -1 -1.622881 869.859558 475.254272 998.617188 595.462402 0.965917 1.725968 4.231940 -0.607949 0.054286 35.670244 -1.639923 2.967804
Car -1 -1 -2.284778 1336.898071 269.111481 1475.415161 330.680908 1.330340 1.636423 4.528152 14.167675 -7.260370 70.558572 -2.086620 1.026121
Car -1 -1 1.772211 637.310852 234.478729 710.310242 289.456055 1.394611 1.636564 4.264566 -10.846378 -9.631993 80.135107 1.637677 0.835391
Car -1 -1 -1.542724 957.968872 360.808044 1044.021606 448.521576 1.109137 1.701571 4.264719 0.784273 -2.806893 49.572717 -1.526905 1.589921
Car -1 -1 3.102582 1585.841431 300.010193 1792.296997 367.934937 1.305418 1.883943 4.924857 20.109718 -5.285991 60.672599 -2.860552 2.052571
Car -1 -1 -1.542376 980.112122 264.764435 1040.085693 323.839447 1.316355 1.683151 4.242382 1.428625 -7.650816 72.255059 -1.522606 1.043568
Car -1 -1 -1.658859 1244.625366 213.956177 1307.685913 276.203064 1.762925 1.919987 4.570370 12.537964 -11.157818 88.376533 -1.517930 0.427679
Car -1 -1 -1.614724 1111.851929 280.082062 1179.655273 341.909332 1.144066 1.768412 4.233584 5.450825 -6.639523 66.946385 -1.533483 1.243195
Car -1 -1 1.864631 430.032928 239.433533 511.298462 290.262421 1.275484 1.523523 4.256861 -18.395524 -9.624677 80.315105 1.639472 1.101487
Car -1 -1 -1.553579 1039.795776 194.819351 1080.140503 232.132721 1.334890 1.807860 4.248724 4.765559 -16.028684 111.656401 -1.510924 0.699169
Car -1 -1 1.819619 516.689270 237.859482 593.487427 292.061646 1.343522 1.547199 4.262283 -15.077641 -9.465937 79.359939 1.631866 1.000679
Car -1 -1 1.751336 681.905640 219.985687 744.811218 271.967651 1.496783 1.559051 4.276305 -10.282664 -11.134889 87.504116 1.634362 0.714743
Car -1 -1 1.727140 714.629639 205.380051 771.784668 251.651016 1.542892 1.682291 4.235782 -9.903997 -12.912491 95.479673 1.623781 0.699077
Car -1 -1 1.746724 642.558594 207.302261 697.773132 250.910828 1.267418 1.607573 4.226371 -13.373109 -13.366999 97.892217 1.610954 0.770868
Car -1 -1 -1.584973 1134.912720 185.019745 1172.551636 220.805420 1.371308 1.806490 4.226464 10.285173 -17.849569 120.105711 -1.499547 0.616926
Car -1 -1 1.683029 833.597839 163.353317 872.718201 198.530960 1.718695 1.809120 4.291808 -7.055400 -20.931672 133.183010 1.630103 0.375589
Car -1 -1 1.717756 749.820312 176.336700 791.844421 209.313126 1.360452 1.450319 4.244653 -11.245176 -18.944879 123.656662 1.627067 0.532366
Car -1 -1 -1.578109 1097.953369 161.981888 1128.336426 188.298676 1.471582 1.872551 4.266640 10.401686 -25.173988 155.772725 -1.511433 0.381266
Car -1 -1 1.759627 656.530640 182.912506 706.020874 218.886368 1.379473 1.632595 4.252400 -15.289568 -17.274712 115.639918 1.628172 0.404793
Car -1 -1 -1.614937 1159.468750 161.395416 1188.679199 187.424545 1.362955 1.821597 4.236446 14.412647 -24.679096 152.166949 -1.520503 0.414187
Car -1 -1 -1.557284 1036.509399 172.617722 1073.676758 210.855591 1.605708 1.945355 4.313311 5.018719 -19.087168 125.001264 -1.517156 0.387329
Car -1 -1 -1.570517 1106.482422 139.385895 1129.576172 162.299576 1.674808 1.802197 4.303175 13.253392 -32.816051 190.414941 -1.501027 0.147714
Car -1 -1 1.718312 752.093506 161.103821 785.583557 185.996841 1.423206 1.542323 4.245314 -13.143149 -23.286143 143.904211 1.627232 0.195330
Car -1 -1 1.684043 859.080688 146.420471 888.609009 170.287537 1.417491 1.773023 4.240943 -7.591895 -29.773225 175.456617 1.640801 0.117348
