Car -1 -1 -1.214668 1572.467285 534.105408 1816.978638 715.600586 1.294014 1.524795 4.015704 8.861468 1.374580 36.122617 -0.974102 1.498221
Car -1 -1 2.843832 230.779083 408.778595 543.632385 531.698547 1.329699 1.859261 4.300245 -10.118458 -0.710242 44.418832 2.619857 4.521465
Car -1 -1 -1.546592 676.087585 756.110901 896.671143 987.480164 0.595570 1.660732 4.268639 -2.015627 2.799980 24.498675 -1.628682 4.347055
Car -1 -1 -1.373413 139.579697 715.494446 443.708344 980.590881 0.874287 1.536220 4.252563 -6.174911 2.693851 24.111128 -1.624127 3.235383
Car -1 -1 -3.118138 1576.194946 313.203857 1785.018677 390.210541 1.316663 1.833631 4.552061 16.608164 -4.249009 69.683679 -2.884167 2.443504
Car -1 -1 -1.688650 1093.968628 784.888855 1360.499146 1031.584351 0.721539 1.616300 4.250749 1.721825 3.127314 24.181747 -1.617567 3.190415
Car -1 -1 1.741688 303.113953 204.682617 391.727295 275.713654 1.660964 1.822225 4.264966 -21.542962 -8.808802 89.200334 1.504713 0.743166
Car -1 -1 1.771618 204.058640 216.224457 291.243042 275.176331 1.278318 1.666417 4.248670 -24.858036 -8.890263 89.705594 1.501294 0.879118
Car -1 -1 1.806468 161.151382 196.677597 233.296249 248.199310 1.291413 1.417023 4.263633 -28.911305 -10.544040 97.996287 1.519582 0.603335
Car -1 -1 1.765187 273.875031 165.340149 331.755188 205.811050 1.281727 1.472736 4.238554 -30.844215 -14.462490 120.002835 1.513604 0.376074
Car -1 -1 -1.551666 827.659973 148.440765 862.487854 179.543747 1.339724 1.734070 4.259034 -9.586643 -19.927014 154.030721 -1.613824 0.259536
Car -1 -1 1.726999 338.284698 168.861267 403.030396 216.947693 1.458680 1.735767 4.261173 -27.063844 -13.625223 115.752015 1.497316 0.332360
Car -1 -1 1.781522 268.207611 191.987305 337.300964 244.322449 1.347409 1.371876 4.380471 -25.992346 -10.966234 100.921916 1.529451 0.314043
Car -1 -1 1.733657 396.978577 163.058517 448.451691 204.032578 1.339427 1.539057 4.262753 -26.535219 -15.075286 123.956352 1.522770 0.379388
Car -1 -1 1.782940 223.375015 176.578156 282.302368 220.706940 1.211992 1.308278 4.264997 -29.957410 -12.549052 108.960390 1.514631 0.368607
Car -1 -1 1.629843 548.592468 117.663094 590.121521 150.368576 1.811581 2.031641 4.287539 -29.047356 -25.097856 180.555171 1.470332 0.061662
