Car -1 -1 -0.278680 838.592102 423.874420 1130.579468 552.358215 1.505705 1.860929 4.312001 -0.153949 -0.697105 46.372955 -0.282000 4.663818
Car -1 -1 0.016680 0.000000 441.884125 200.252945 560.564819 1.417514 1.856693 4.283510 -15.924657 -0.538325 46.595740 -0.312638 1.411526
Car -1 -1 0.132415 410.021088 415.009827 688.554932 535.743225 1.581433 1.842019 4.253579 -7.590151 -0.910793 47.717530 -0.025328 3.973194
Car -1 -1 -1.523668 659.207397 767.741821 885.527344 1005.786560 0.781286 1.750503 4.257150 -1.957418 3.027891 25.589012 -1.600014 2.229617
Car -1 -1 -1.649825 999.985901 831.163025 1241.528931 1075.733276 0.624113 1.617460 4.238018 1.001665 3.309478 23.820095 -1.607798 3.067459
Car -1 -1 1.752119 384.753143 292.786743 489.476837 381.047943 1.582623 1.667368 4.429127 -14.060847 -5.044887 70.144675 1.554286 0.752112
Car -1 -1 -1.776470 1363.238037 786.863770 1624.684204 1031.601440 0.794921 1.402865 4.238859 4.423789 3.163813 25.003424 -1.601355 2.136402
Car -1 -1 1.788560 249.205261 297.874207 359.559540 382.732330 1.503320 1.611427 4.257977 -17.347551 -4.971668 69.941264 1.545436 0.995723
Car -1 -1 1.705974 511.527191 312.868958 604.777405 385.680969 1.235771 1.628929 4.244529 -10.770318 -4.803302 68.659896 1.550378 1.149214
Car -1 -1 -2.933306 219.754028 407.084930 474.266785 512.626526 1.432713 1.832764 4.074834 -11.760779 -1.355179 50.682494 3.121866 2.743363
Car -1 -1 -0.385265 97.253860 382.682922 347.421295 486.184998 1.295885 1.829436 3.923965 -15.009151 -2.044894 53.722494 -0.657701 2.241082
Car -1 -1 1.769702 354.367096 265.344147 444.686798 335.143066 1.456384 1.566239 4.247701 -17.394494 -7.049785 81.149391 1.558546 1.064182
Car -1 -1 -1.697712 1264.395386 239.842987 1332.598022 292.569153 1.304897 1.806403 4.255858 10.584019 -9.566838 95.391737 -1.587211 0.797812
Car -1 -1 1.687781 592.925415 201.910049 649.791931 248.429642 1.479769 1.719586 4.253454 -15.107465 -12.923650 112.591825 1.554398 0.508557
Car -1 -1 1.733052 447.035919 281.464264 521.662659 348.234711 1.299604 1.288437 4.246437 -14.412688 -6.484660 78.565760 1.551622 1.054396
Car -1 -1 1.727242 501.513855 257.596954 572.332092 315.560364 1.273834 1.451657 4.233728 -14.186766 -7.997847 86.245382 1.564209 0.921197
Car -1 -1 -1.581107 986.465271 141.005173 1017.132141 167.042053 1.378511 1.825537 4.224370 0.600329 -26.047446 183.481574 -1.577836 0.317239
Car -1 -1 -1.555065 936.029297 133.355865 963.145813 157.169022 1.431313 1.692042 4.235350 -3.033518 -29.026216 200.163877 -1.570219 0.321866
Car -1 -1 1.633615 734.662109 219.344452 790.079651 273.731567 1.480395 1.661651 4.259259 -8.396720 -10.781690 101.082412 1.550737 0.661839
Car -1 -1 1.655355 708.972473 243.461914 770.218384 300.511841 1.344440 1.539985 4.258626 -8.317772 -8.941132 91.250573 1.564454 0.658595
Car -1 -1 1.657713 684.917358 257.538635 750.731445 315.204956 1.277669 1.497345 4.241631 -8.341287 -7.792948 84.224095 1.558998 0.907984
Car -1 -1 -1.418691 1067.516357 171.667160 1114.108887 205.340134 1.316175 1.641967 4.250726 5.036756 -18.262532 141.148041 -1.383022 0.330273
Car -1 -1 1.699073 597.902771 260.010925 664.869873 316.593384 1.271888 1.459456 4.243300 -11.021072 -7.813309 84.685952 1.569660 0.926050
Car -1 -1 1.678922 642.960876 230.359131 700.306885 280.603699 1.282207 1.471973 4.219459 -11.549985 -10.468390 99.942118 1.563865 0.556078
Car -1 -1 1.698375 616.975464 174.360260 665.145264 213.935593 1.468245 1.681443 4.243628 -17.373153 -17.321791 136.785119 1.572040 0.455259
Car -1 -1 1.685813 548.649658 285.060150 628.391785 351.200592 1.287901 1.624691 4.248200 -11.385836 -6.344101 77.820791 1.540535 1.085296
Car -1 -1 1.633024 689.978943 187.302658 734.563232 224.178009 1.302572 1.544834 4.252182 -12.890735 -15.597490 126.850412 1.531750 0.291016
Car -1 -1 1.760146 406.894318 237.677216 482.703644 295.548950 1.460982 1.612529 4.247676 -18.043866 -9.057005 91.246690 1.564917 0.393746
Car -1 -1 1.708640 555.376099 228.130112 611.749451 272.593231 1.178059 1.418788 4.230806 -15.319009 -11.102687 103.765773 1.562068 0.321012
