Car -1 -1 -1.375255 49.210583 716.465210 362.249054 986.626404 0.815135 1.559321 4.220018 -6.322018 2.648887 23.711742 -1.635814 3.003215
Car -1 -1 -1.673019 963.126831 254.309174 1059.653809 325.580658 1.166709 1.825127 4.262399 1.257818 -5.903064 70.810171 -1.655258 0.957455
Car -1 -1 1.831415 7.850422 222.693207 113.301857 290.838226 1.361807 1.548870 4.242045 -25.761692 -7.502369 79.539221 1.518190 0.959155
Car -1 -1 1.849031 0.000000 283.981018 86.138519 382.315430 1.493445 1.611784 4.258124 -20.321295 -3.888963 59.986360 1.522400 1.357514
Car -1 -1 1.752438 159.291031 258.085815 277.876251 354.683350 1.522292 1.642362 4.278432 -16.888850 -4.698634 63.305886 1.491728 0.968739
Car -1 -1 1.751379 193.712082 179.545990 266.246277 230.170639 1.334758 1.630974 4.252812 -26.311739 -11.377913 99.969899 1.494019 0.724370
Car -1 -1 1.795096 110.144211 176.740189 179.215820 225.147827 1.311034 1.386541 4.255482 -30.274528 -11.863076 102.968796 1.509138 0.661594
Car -1 -1 -1.594423 837.834290 165.944794 889.822449 216.595963 1.367484 1.765980 4.249427 -3.626213 -12.121866 102.616617 -1.629746 0.756461
Car -1 -1 1.732144 281.497498 213.308167 366.890442 281.046082 1.337382 1.538670 4.241035 -18.173474 -7.733419 79.313402 1.506897 1.089816
Car -1 -1 1.752940 182.724838 213.209625 271.780792 273.904236 1.232001 1.637321 4.267075 -21.649723 -8.171330 82.042744 1.494938 1.165261
Car -1 -1 1.718050 236.670746 246.268784 328.224060 317.163177 1.210133 1.463189 4.241607 -17.350510 -6.115117 71.238532 1.479146 1.180611
Car -1 -1 1.700142 355.480011 190.852936 427.634613 245.925919 1.289392 1.689000 4.252660 -18.866512 -10.022109 92.100237 1.498090 1.063196
Car -1 -1 -1.550953 730.505188 181.594543 787.414795 233.388458 1.263310 1.722230 4.239726 -7.007832 -10.862452 96.404970 -1.623517 1.011261
Car -1 -1 1.705646 381.395752 151.285416 440.689270 194.774719 1.311674 1.708829 4.269326 -22.970602 -14.497312 115.878762 1.509954 0.597322
Car -1 -1 1.733843 329.403870 139.845490 385.712372 178.982422 1.306500 1.671662 4.255398 -27.827864 -16.692761 127.851015 1.519527 0.522873
