Car -1 -1 0.167676 515.788269 348.548218 757.847717 453.809998 1.545524 1.873046 4.351135 -6.815579 -2.580794 44.947280 0.017188 4.310528
Car -1 -1 -1.543170 814.510437 650.532166 994.814392 844.936707 0.613390 1.619028 4.256731 -0.643029 1.978122 23.344796 -1.570708 2.602607
Car -1 -1 -0.262801 1327.255493 314.222260 1536.652466 407.725433 1.633335 1.889790 4.184197 10.813582 -3.911245 51.435089 -0.055581 3.321961
Car -1 -1 2.758673 1699.450928 271.318115 1864.630005 335.517456 1.485572 1.817229 3.758622 24.019598 -6.776836 64.638174 3.114460 1.470572
Car -1 -1 -0.854980 603.795959 262.125610 736.030884 323.251617 1.244211 1.599771 4.143250 -9.440019 -7.715784 68.880267 -0.991181 1.177892
Car -1 -1 0.324951 90.376221 290.009979 385.791290 427.100861 2.334735 2.205312 5.300185 -15.488602 -3.168160 46.471394 0.003236 2.978587
Car -1 -1 1.648318 697.812195 209.904770 750.863525 258.450073 1.443040 1.701047 4.264872 -10.193730 -12.565233 90.892567 1.536633 0.715954
Car -1 -1 1.677431 620.059814 204.875885 679.166382 254.827087 1.516288 1.803782 4.256227 -13.491953 -12.842175 91.929077 1.531706 0.822217
Car -1 -1 2.781979 1646.916870 267.549530 1809.889282 323.832581 1.315898 1.863673 3.949489 23.747971 -7.497955 68.188325 3.117112 0.470357
Car -1 -1 1.623384 776.032227 159.112381 806.963745 187.881714 1.430004 1.680904 4.286569 -11.532542 -23.774316 142.304334 1.542520 0.320609
Car -1 -1 2.670538 196.797104 275.251709 370.174683 353.687225 1.688200 1.946473 4.405293 -18.741803 -5.673701 59.177390 2.363826 0.621111
Car -1 -1 0.171293 1296.732056 157.415680 1365.800171 189.858490 1.576807 1.820918 3.985962 23.089427 -23.078634 138.660469 0.336297 0.110600
Car -1 -1 1.635614 736.509033 186.337357 777.973450 224.264236 1.474949 1.710995 4.287214 -10.465177 -16.448171 108.204341 1.539197 0.251959
Car -1 -1 1.603536 751.104309 179.335159 789.663635 214.448074 1.322423 1.702335 4.270020 -10.861737 -18.416436 117.977436 1.511729 0.211675
