Car -1 -1 -1.742770 1339.828003 689.191956 1581.807739 898.848022 0.725336 1.662729 4.238779 5.580965 2.575550 24.045233 -1.514705 2.709239
Car -1 -1 -1.480874 673.247986 569.930969 838.838013 733.898193 0.873539 1.690505 4.226088 -2.383708 1.419894 29.509736 -1.561476 2.776270
Car -1 -1 -1.682190 1097.058105 312.954010 1188.219849 390.740875 1.179085 1.688972 4.228506 5.091591 -4.601968 55.602161 -1.590873 1.451546
Car -1 -1 1.863844 213.944305 247.691437 308.256104 310.470642 1.300920 1.429243 4.277113 -21.122893 -7.827942 68.221975 1.563585 0.934476
Car -1 -1 -1.597067 943.751892 345.743500 1033.008179 432.151917 1.110147 1.751344 4.245231 1.041470 -3.286687 49.446157 -1.576007 1.850273
Car -1 -1 -1.530793 781.815918 324.809753 871.093262 407.368408 1.243100 1.877936 4.248418 -2.713268 -3.954079 52.494876 -1.582434 1.675025
Car -1 -1 -1.588017 995.814636 200.010773 1046.818848 246.902786 1.428044 1.670100 4.237599 3.343676 -12.637307 90.166177 -1.550951 0.753798
Car -1 -1 -1.560417 844.742004 210.767517 894.516357 256.201019 1.283850 1.704998 4.247787 -2.806790 -11.821592 86.828840 -1.592731 0.860998
Car -1 -1 -1.588538 933.904114 176.885101 976.378479 215.844925 1.355274 1.781222 4.244306 0.701395 -16.035778 104.823237 -1.581847 0.775129
Car -1 -1 -1.668487 1001.034729 152.152786 1039.519043 184.319946 1.366358 1.741838 4.271810 4.585314 -20.998708 126.428829 -1.632235 0.476373
Car -1 -1 1.640763 685.357178 106.325920 711.546326 128.397827 1.707108 1.933836 4.226815 -22.740302 -38.929788 205.935615 1.530785 0.117230
