Car -1 -1 -1.662293 1185.327881 315.541412 1289.571533 405.577362 1.279305 1.917833 4.259490 6.293312 -3.991447 50.323131 -1.537881 1.516473
Car -1 -1 -1.715267 1093.179810 387.025482 1224.754028 494.631744 1.017574 1.573733 4.286245 3.619650 -1.866440 41.021183 -1.627256 1.684613
Car -1 -1 1.919660 216.271210 252.442719 322.189484 317.664948 1.233192 1.409197 4.310809 -20.801641 -7.521060 65.474642 1.612040 1.257193
Car -1 -1 1.851270 395.561829 228.646988 476.490692 286.722290 1.275215 1.375529 4.236720 -17.184744 -9.035617 71.210821 1.614476 0.878809
Car -1 -1 1.755596 574.980530 232.443420 658.931519 295.981110 1.273908 1.645352 4.256932 -10.842103 -8.475231 68.372545 1.598331 1.207430
Car -1 -1 -1.584042 1033.150024 218.706055 1094.651611 272.877686 1.202287 1.876010 4.259786 3.473651 -10.028192 75.377293 -1.537991 0.951418
Car -1 -1 1.802498 513.073242 219.586685 593.434204 273.001312 1.247823 1.537143 4.251337 -14.045466 -9.939770 74.928611 1.617197 1.237883
Car -1 -1 -1.593798 1066.289795 279.601105 1142.502319 349.088959 1.146860 1.747149 4.250144 3.787071 -6.010964 58.823668 -1.529506 1.471110
Car -1 -1 1.830311 430.395325 243.666641 528.267029 309.056427 1.204487 1.610827 4.385313 -14.660240 -7.869892 66.079271 1.611989 1.005561
Car -1 -1 -1.635833 1248.683350 224.526367 1332.171509 287.310822 1.422233 1.915533 4.269058 10.792358 -9.141407 72.057287 -1.487163 0.835192
Car -1 -1 1.880415 297.790009 230.391479 383.950714 287.629791 1.243079 1.277847 4.235310 -20.590166 -9.155385 72.204994 1.602626 1.274253
Car -1 -1 1.794231 532.419739 186.922241 591.507507 228.158600 1.135840 1.395486 4.255218 -16.598832 -13.552715 89.944058 1.611738 0.743321
Car -1 -1 -1.561914 1010.324890 145.738922 1050.017944 189.211273 1.759203 1.817472 4.513037 3.530467 -19.190194 114.807866 -1.531173 0.337552
Car -1 -1 1.807854 463.467987 207.624557 541.325928 258.095612 1.234068 1.521639 4.238180 -16.908461 -11.131975 80.103792 1.599826 0.934687
Car -1 -1 1.704869 740.142334 135.061478 783.335083 169.642212 1.521138 1.714355 4.246601 -11.524372 -21.804819 124.562835 1.612613 0.533687
Car -1 -1 1.853391 418.542999 175.517853 478.950134 217.512848 1.298376 1.424777 4.246287 -22.906195 -15.136540 97.376975 1.622359 0.524777
Car -1 -1 1.859868 373.591888 208.278442 449.322815 261.598114 1.296635 1.396949 4.241558 -20.077549 -10.913649 79.544860 1.612627 0.658226
Car -1 -1 1.797023 567.217773 193.796173 629.344299 242.611938 1.310339 1.330482 4.241148 -14.050712 -12.164777 83.902002 1.631097 0.614481
Car -1 -1 -1.573791 1042.057495 121.674644 1071.002197 148.227463 1.288750 1.673078 4.247850 6.351550 -27.443315 149.250271 -1.531260 0.257049
Car -1 -1 1.752841 618.393066 216.062073 688.399109 271.288361 1.249155 1.422396 4.247493 -10.681192 -10.130200 75.553058 1.612399 0.738280
Car -1 -1 -1.607050 1128.884644 109.264526 1155.339111 134.698700 1.351638 1.630496 4.229101 14.130894 -33.132572 173.922213 -1.525980 0.208830
Car -1 -1 1.807248 502.481018 174.293900 556.791321 216.092010 1.246582 1.320776 4.249403 -19.639241 -15.458587 98.832982 1.611092 0.590959
Car -1 -1 1.822040 452.250671 189.109177 518.855652 233.750732 1.275839 1.470608 4.234843 -19.751040 -13.395626 90.330111 1.606774 0.474920
Car -1 -1 -1.574053 1064.075439 108.193359 1090.016479 132.984619 1.566240 1.815833 4.258352 8.908810 -32.618857 171.599552 -1.522183 0.078595
Car -1 -1 1.756022 580.889282 156.100113 622.299927 192.327255 1.184279 1.211168 4.236648 -19.327180 -19.359611 116.070704 1.591024 0.301697
