Car -1 -1 -1.616142 985.729919 536.625244 1142.690308 698.496216 1.117607 1.754764 4.233375 0.897855 1.015353 37.051657 -1.591915 2.919767
Car -1 -1 -1.598039 974.996826 385.951721 1073.494019 481.146210 1.138282 1.716913 4.252926 0.593263 -2.175046 54.747760 -1.587203 1.754049
Car -1 -1 -1.709804 1209.027466 535.883362 1389.327271 681.674072 0.958210 1.712177 4.371158 4.157653 0.839639 38.074599 -1.601038 1.822760
Car -1 -1 -1.508652 661.352661 778.607483 895.640564 1041.921265 0.944313 1.750951 4.221438 -1.831685 3.234738 24.919043 -1.582026 3.021686
Car -1 -1 -1.530823 771.005066 476.664276 898.678040 597.854431 1.045374 1.749657 4.258954 -2.444768 -0.116075 43.769019 -1.586621 2.168432
Car -1 -1 -1.671965 1126.653931 382.889862 1253.854858 507.774750 1.451542 1.721562 4.286074 3.592958 -1.643664 51.089435 -1.601753 1.672382
Car -1 -1 1.673285 641.616211 305.519623 720.943848 379.121277 1.281826 1.476754 4.242214 -7.881046 -5.059185 70.260228 1.561582 1.167090
Car -1 -1 -1.571346 949.851501 263.575348 1017.111755 330.601318 1.481205 1.851803 4.261794 -0.265859 -7.235848 82.582983 -1.574565 1.120142
Car -1 -1 -1.623545 1071.210571 268.985870 1148.272827 342.164093 1.540403 1.888963 4.252533 3.374271 -6.736921 80.052511 -1.581420 1.190307
Car -1 -1 -1.536939 858.843811 215.779648 910.039795 264.241394 1.350320 1.734122 4.234623 -4.070716 -11.489121 104.740288 -1.575784 0.976172
Car -1 -1 -1.575805 949.206848 232.254471 1002.114807 282.499451 1.289637 1.771478 4.250172 -0.617631 -10.300830 99.113157 -1.582037 0.844019
Car -1 -1 -1.542228 870.201233 175.603058 910.641907 210.792664 1.331102 1.716554 4.241958 -5.094892 -17.631753 138.326335 -1.579044 0.579983
Car -1 -1 1.675265 678.238831 184.196838 727.497803 224.883835 1.440794 1.741208 4.244245 -13.162484 -15.406418 125.717227 1.570946 0.499203
Car -1 -1 -1.569612 955.255554 182.189423 996.422058 222.356018 1.396012 1.710001 4.231339 -0.764768 -16.136474 130.278070 -1.575482 0.504627
Car -1 -1 -1.553726 887.429871 131.414780 915.854553 160.166534 1.763333 1.706749 4.380199 -6.443761 -28.123201 195.213074 -1.586723 0.190127
Car -1 -1 -1.566385 944.222839 163.208099 980.810120 198.825653 1.638655 1.784839 4.284618 -1.585477 -19.561036 149.332364 -1.577002 0.420515
Car -1 -1 -1.578905 995.167419 159.031479 1032.332764 193.300354 1.552862 1.913271 4.250762 1.196423 -20.616420 154.905093 -1.571182 0.403795
Car -1 -1 -1.547166 877.192383 150.695999 912.241150 180.366898 1.435331 1.868089 4.247924 -5.762579 -22.466275 163.646300 -1.582365 0.347096
Car -1 -1 1.660158 678.072510 278.053467 752.921875 347.896362 1.348242 1.579828 4.241658 -7.755940 -6.403903 77.626180 1.560575 0.757874
Car -1 -1 -1.574369 984.133911 131.216751 1011.689819 158.166092 1.628670 1.831212 4.272130 0.378389 -27.995460 193.478574 -1.572413 0.171465
Car -1 -1 -1.551238 934.538330 139.192017 963.617249 164.768127 1.397398 1.758447 4.240754 -2.874801 -25.766843 181.127686 -1.567108 0.165554
Car -1 -1 1.706065 592.827515 135.186493 625.836853 163.351257 1.701484 1.779159 4.290839 -26.308865 -27.217864 190.418984 1.568771 0.087854
