Car -1 -1 -1.377169 310.746979 715.239929 581.758179 961.758423 0.858063 1.671684 4.237741 -5.061140 2.711794 21.995760 -1.603329 3.783687
Car -1 -1 1.063676 521.859314 356.723145 675.994019 451.834534 1.390063 1.367189 4.201876 -8.341303 -3.143193 49.850269 0.897885 0.691614
Car -1 -1 -1.812520 458.441925 425.219971 591.536560 530.153198 1.032882 1.321920 4.211058 -8.388680 -1.380990 41.352265 -2.012663 1.551382
Car -1 -1 1.730764 519.417480 259.992279 593.554871 330.934235 1.597831 1.442015 4.341872 -13.562371 -8.150789 72.657103 1.546225 0.650442
Car -1 -1 1.496396 455.413025 327.660645 536.938904 414.316895 1.404685 1.338191 4.263196 -11.799841 -4.304396 54.920063 1.284759 0.731661
Car -1 -1 -1.577031 977.579956 241.765915 1028.598633 291.671722 1.278657 1.682778 4.251650 1.409487 -10.658185 83.524312 -1.560157 1.018887
Car -1 -1 1.205859 1812.637207 164.891190 1893.065308 212.541199 1.690634 1.800794 4.422028 42.607737 -16.935656 105.346261 1.590200 0.316601
Car -1 -1 -1.912859 1753.525269 172.922974 1825.186890 213.128647 1.385351 1.547149 4.255364 39.042678 -16.673444 104.008324 -1.553755 0.602412
Car -1 -1 1.998818 1734.739502 205.307053 1831.968750 259.370178 1.497379 1.830856 4.222808 32.024822 -12.126501 85.779239 2.356133 0.256951
Car -1 -1 -1.630642 1018.495422 159.431976 1052.834229 189.219040 1.451502 1.858317 4.266529 4.603329 -24.938920 146.831961 -1.599301 0.391259
Car -1 -1 2.774606 1724.300781 163.738022 1823.655151 202.585236 1.490692 1.837361 3.949799 40.144281 -17.936035 109.246813 3.126753 0.171244
Car -1 -1 1.209770 1872.422974 171.576126 1918.412842 211.935013 1.418597 1.553109 4.202241 45.484808 -17.031902 105.916305 1.615396 0.286412
Car -1 -1 -2.743188 41.152443 197.891602 121.853325 228.087952 1.202436 1.833663 3.232931 -47.782729 -18.149308 118.431940 -3.126675 0.124812
Car -1 -1 2.842922 1591.770752 148.518509 1672.061768 182.169540 1.535905 1.823272 3.865216 39.814188 -22.518169 130.466171 3.139114 0.120529
Car -1 -1 2.883552 1554.997070 138.770309 1637.731567 175.039001 1.788592 1.882871 4.116106 39.638398 -24.212493 137.889329 -3.119715 0.086813
