Car -1 -1 0.170207 134.999451 409.590515 430.371368 528.699585 1.589175 1.868004 4.475350 -12.406495 -1.045690 48.554567 -0.079957 4.795085
Car -1 -1 -0.967768 716.374329 325.006226 892.051392 400.853241 1.124672 1.653535 4.336534 -4.436416 -4.359500 66.370045 -1.034512 0.738750
Car -1 -1 -1.505935 652.505005 768.740906 885.805420 1027.922974 0.878372 1.747907 4.239884 -1.928830 3.109946 25.125896 -1.582551 3.338607
Car -1 -1 -1.651177 1023.498047 829.089233 1295.471436 1079.359497 1.222133 1.771427 4.266295 1.282170 3.829652 23.176238 -1.595911 2.476925
Car -1 -1 1.749005 396.239685 297.047791 489.419037 373.197266 1.363208 1.508155 4.246775 -14.240132 -5.330528 71.814402 1.553254 1.181057
Car -1 -1 -1.780756 1346.589966 790.710388 1652.590698 1061.976318 0.902739 1.631821 4.236503 4.316696 3.263276 24.277872 -1.604791 3.345195
Car -1 -1 1.790094 261.434967 295.297424 367.789124 381.513336 1.570703 1.545737 4.250790 -17.181861 -5.020680 70.253655 1.550234 1.193103
Car -1 -1 -2.883906 296.251526 395.779083 540.361328 495.644806 1.354650 1.853139 3.948521 -10.838406 -1.708170 52.375887 -3.087961 2.148504
Car -1 -1 -1.560478 939.409668 222.666779 997.217957 283.265747 1.634928 1.880446 4.253279 -0.833295 -10.109608 97.742502 -1.569003 0.678516
Car -1 -1 1.725609 465.035065 262.644592 553.073669 331.249023 1.485768 1.795423 4.249249 -14.329588 -7.201166 82.088352 1.552788 1.178868
Car -1 -1 1.712303 511.706329 294.068695 604.405273 380.311157 1.547715 1.606735 4.241578 -11.032271 -5.076698 70.407562 1.556875 1.260008
Car -1 -1 1.673179 650.293274 288.433319 739.113892 376.206451 1.582220 1.754984 4.239293 -7.555167 -5.178364 70.526452 1.566460 1.101751
Car -1 -1 1.762622 344.504669 273.470062 429.521393 345.458099 1.469005 1.399267 4.245957 -17.019048 -6.469238 77.834928 1.547354 1.204240
Car -1 -1 1.690172 566.370728 277.740540 639.569031 345.284180 1.319821 1.445422 4.245289 -10.966865 -6.488568 77.922780 1.550350 0.675130
Car -1 -1 -1.572231 952.489502 158.141983 990.525940 195.230927 1.696444 1.887810 4.281886 -1.154109 -20.218597 152.739630 -1.579787 0.321186
Car -1 -1 -1.610826 1089.953247 134.124268 1122.102661 162.073013 1.552941 1.891563 4.248369 7.885828 -27.365161 190.656171 -1.569488 0.187516
Car -1 -1 -1.561391 950.804504 139.954498 981.917419 167.459198 1.621426 1.929832 4.254690 -1.682612 -25.298434 178.977540 -1.570792 0.225483
Car -1 -1 1.649556 747.198730 131.955383 776.603149 158.077545 1.547193 1.671732 4.247013 -16.945978 -29.456493 203.092152 1.566309 0.276384
Car -1 -1 1.664818 712.357239 243.352829 774.899719 298.605743 1.330943 1.566229 4.246224 -8.114243 -8.946512 90.805567 1.575696 0.497101
Car -1 -1 1.629452 730.476135 217.835205 789.668945 276.867096 1.685271 1.765116 4.231681 -8.162826 -10.247670 97.592180 1.546004 0.376380
