Car -1 -1 -1.403559 322.386322 787.955200 558.724854 1004.297485 0.572868 1.338076 4.255147 -4.982110 2.996999 25.445472 -1.596909 4.417892
Car -1 -1 -1.532200 685.062622 745.133667 907.599243 997.952209 0.939152 1.770897 4.242803 -1.752172 2.963806 25.657398 -1.600385 3.099493
Car -1 -1 -1.777425 1359.700195 788.373291 1671.005737 1037.234497 0.716458 1.658767 4.410194 4.544713 3.121689 24.728100 -1.595666 3.976696
Car -1 -1 0.133339 803.902100 286.189941 999.316040 366.910950 1.681327 1.917360 4.558030 -2.351010 -5.418245 72.501066 0.100923 1.979948
Car -1 -1 1.705599 523.276184 298.264008 620.802307 377.671478 1.409067 1.811457 4.303592 -10.810616 -5.200818 71.382447 1.555294 0.820157
Car -1 -1 -1.675657 1092.310303 874.104858 1404.907715 1077.996338 1.158287 1.825317 4.574582 1.857337 4.058532 21.637890 -1.590030 2.851691
Car -1 -1 1.737717 393.551849 294.424652 493.096344 377.269806 1.535781 1.650508 4.238535 -14.115605 -5.176822 71.191459 1.541979 1.100832
Car -1 -1 1.805483 256.154633 311.697937 360.491364 386.332031 1.288825 1.412122 4.238701 -17.096876 -4.816691 69.245610 1.563422 1.313317
Car -1 -1 1.543922 630.194092 321.366577 724.953369 405.709320 1.245821 1.603301 4.246492 -7.435640 -4.183712 64.928774 1.429899 1.069784
Car -1 -1 2.084039 1.108801 293.252197 88.378601 377.341888 1.469824 1.615217 4.294034 -25.327518 -5.284864 71.875276 1.745244 0.963806
Car -1 -1 1.743819 372.651184 265.123199 447.738007 325.358368 1.273969 1.436787 4.245295 -17.530953 -7.463994 83.292017 1.536371 1.255485
Car -1 -1 1.644902 663.522034 271.510162 742.835388 336.958588 1.364943 1.796668 4.252880 -8.325045 -6.828089 79.802301 1.540957 1.125984
Car -1 -1 -1.574908 951.146118 164.368988 990.374084 201.733109 1.536704 1.832743 4.252729 -1.126580 -18.743747 143.680685 -1.582748 0.482133
Car -1 -1 -1.560277 910.096924 154.770218 943.086121 185.251480 1.435563 1.738512 4.240949 -3.855318 -21.934798 161.613000 -1.584127 0.372407
Car -1 -1 1.622552 800.452087 133.934723 830.385010 163.460373 1.707047 1.783844 4.261659 -12.160603 -27.208622 190.044416 1.558650 0.325364
Car -1 -1 -1.565659 980.281311 138.964630 1008.250244 163.885376 1.398068 1.753953 4.234390 0.165821 -27.679829 193.196068 -1.564800 0.248183
Car -1 -1 1.656943 720.398560 236.849350 778.687317 289.552216 1.297619 1.545227 4.247655 -8.300108 -9.640872 95.102352 1.569888 0.763786
Car -1 -1 -1.579533 996.032043 151.393860 1029.226929 179.149155 1.458197 1.886194 4.267107 1.286855 -24.107166 175.105911 -1.572184 0.338925
Car -1 -1 -1.624249 1093.245850 140.744247 1126.375977 167.885559 1.522415 1.888887 4.237430 7.688114 -25.360722 179.447637 -1.581432 0.135344
