Car -1 -1 -0.084695 881.161011 425.038300 1225.479126 547.528625 1.330913 1.902747 4.758377 1.326558 -0.381250 42.130346 -0.053218 3.910984
Car -1 -1 -1.809158 1307.005859 725.419128 1608.645630 964.644348 0.665702 1.485174 4.308347 4.344904 2.658477 24.977047 -1.636926 2.472220
Car -1 -1 -1.661703 904.048523 682.258057 1158.321533 928.397705 0.835000 1.805425 4.334357 0.538403 2.463038 25.742557 -1.640791 2.337277
Car -1 -1 -1.491815 439.959076 768.404236 712.006104 1046.292114 0.708917 1.686170 4.277843 -3.058755 2.918473 22.763842 -1.625384 2.192179
Car -1 -1 1.833129 11.206280 263.623840 132.995270 353.791748 1.401528 1.417489 4.231954 -20.446181 -4.769142 64.004627 1.523926 1.233394
Car -1 -1 0.356625 0.274301 390.619659 179.974823 535.140259 1.518670 1.989839 4.570089 -15.136638 -0.676455 43.614541 0.022576 1.831174
Car -1 -1 1.843689 0.005890 231.585754 80.981880 313.349396 1.461229 1.841478 4.260365 -24.390836 -6.283749 71.852429 1.516437 1.049786
Car -1 -1 1.765166 237.083847 198.268738 316.660522 256.318726 1.288698 1.442829 4.217465 -21.737522 -9.314116 88.305452 1.523802 0.978356
Car -1 -1 1.790855 164.091461 211.935165 259.677673 285.326965 1.428727 1.593983 4.240538 -21.329667 -7.642057 79.196909 1.527773 1.187041
Car -1 -1 1.793279 86.407578 238.709671 187.250137 317.818176 1.330057 1.361103 4.238146 -21.131884 -6.149349 71.335917 1.505284 0.935203
Car -1 -1 1.832154 0.756138 198.819077 74.699287 254.941208 1.200472 1.478804 4.241088 -29.638977 -9.402984 88.694109 1.509650 1.520958
Car -1 -1 1.781764 107.487068 203.196625 192.089310 260.481506 1.227734 1.533583 4.244498 -25.489760 -9.059728 87.186495 1.497332 0.919562
Car -1 -1 1.801374 49.765018 182.592529 126.830498 236.337219 1.335521 1.398143 4.230196 -30.491685 -10.864705 97.097787 1.497096 0.823815
Car -1 -1 1.831419 49.749859 223.348236 129.300888 282.044647 1.195752 1.242630 4.254483 -25.610635 -7.890567 81.536874 1.527078 0.830730
Car -1 -1 1.729027 276.157593 185.752655 343.116547 237.651978 1.231775 1.356858 4.242512 -22.455286 -10.714064 96.038900 1.499338 0.477334
Car -1 -1 1.760175 152.039658 153.988556 217.249802 201.363052 1.421545 1.458918 4.267508 -31.182202 -13.709494 111.558266 1.487616 0.395431
Car -1 -1 1.807815 114.629463 172.421158 186.049042 217.896225 1.216621 1.318500 4.243838 -30.262537 -12.158150 103.715533 1.523912 0.352714
Car -1 -1 1.774987 161.752228 184.450165 238.030411 237.188339 1.200958 1.470493 4.271027 -26.276436 -10.702829 95.898256 1.507548 0.387719
Car -1 -1 1.724036 316.791443 170.449417 377.360260 217.336990 1.270590 1.382278 4.254896 -23.155583 -12.297050 104.552997 1.506082 0.394493
Car -1 -1 1.747752 199.197800 143.701721 262.005707 192.005951 1.509156 1.601469 4.268266 -31.050035 -14.901090 117.879258 1.490197 0.313787
