Car -1 -1 1.829104 180.469391 328.136566 305.324310 426.752930 1.530896 1.469778 4.289170 -16.568620 -3.477376 61.296316 1.565109 1.426076
Car -1 -1 -1.230945 843.645081 337.970276 969.266296 418.616730 1.191652 1.441646 4.251800 -1.937181 -3.793796 63.583774 -1.261402 1.276810
Car -1 -1 -1.523645 705.833679 797.075073 930.152222 1045.420654 0.725600 1.653297 4.227033 -1.459598 3.165006 24.427141 -1.583327 3.062376
Car -1 -1 1.738348 479.462097 327.777527 579.600037 414.033752 1.336211 1.441755 4.232993 -10.541096 -3.852097 63.184956 1.573042 1.347197
Car -1 -1 -1.780268 1369.970825 802.586487 1695.389038 1062.243530 0.669089 1.682029 4.618958 4.595997 3.199072 24.271392 -1.593126 3.697579
Car -1 -1 -1.396766 243.726715 824.059998 564.589966 1079.330322 1.148722 1.793094 4.239480 -4.896557 3.764627 23.677401 -1.600694 3.674015
Car -1 -1 1.684339 563.918396 218.033157 627.272522 269.301208 1.451973 1.733625 4.253877 -14.532223 -10.924566 101.372467 1.541954 0.944842
Car -1 -1 1.760108 375.344666 313.421417 482.301666 390.081421 1.266465 1.629855 4.258422 -13.902402 -4.708667 68.381474 1.559535 1.165252
Car -1 -1 -1.561948 932.384949 219.896332 985.151245 267.390015 1.351933 1.785064 4.245677 -1.259891 -11.351678 104.644906 -1.573987 0.814780
Car -1 -1 1.729926 470.845337 214.348907 542.307495 271.756042 1.625194 1.762087 4.255084 -17.809615 -10.884560 101.516330 1.556258 0.744392
Car -1 -1 1.675600 653.303345 185.763245 701.575745 225.889847 1.409556 1.673494 4.248752 -14.574989 -15.688197 127.976513 1.562201 0.567551
Car -1 -1 1.748836 451.625183 279.276276 531.215210 347.997650 1.315893 1.446446 4.241128 -14.011919 -6.380000 77.479310 1.569923 1.056984
Car -1 -1 -1.561319 914.638611 194.346970 961.681396 241.132950 1.532452 1.812615 4.256298 -2.299970 -13.717311 116.892682 -1.580992 0.726599
Car -1 -1 -1.552994 886.287903 145.971436 917.961365 176.392609 1.544747 1.724359 4.259698 -5.611193 -23.800042 171.420860 -1.585716 0.375297
Car -1 -1 -1.561863 928.339783 162.328415 963.358398 193.440598 1.400412 1.759844 4.259233 -2.663396 -20.843883 156.655147 -1.578863 0.385187
Car -1 -1 -2.576672 1699.418091 329.725372 1831.952881 406.952728 1.334135 1.622691 2.514863 19.203208 -4.267102 68.519450 -2.303423 0.578633
Car -1 -1 -1.656525 1170.281372 190.908386 1223.743408 235.364944 1.613207 1.917067 4.243524 9.171674 -14.806180 124.060193 -1.582730 0.212376
