Car -1 -1 -1.611749 911.708923 486.237030 1077.151489 647.691895 1.232573 1.899302 4.253156 0.170210 0.480392 38.152993 -1.607288 2.415143
Car -1 -1 -1.675479 1038.113403 379.997559 1162.194214 479.922241 1.123680 1.765379 4.251758 2.294681 -2.018952 52.381114 -1.631700 1.607871
Car -1 -1 -1.517338 652.223694 525.398682 811.033875 671.934082 0.956393 1.725445 4.229275 -3.260861 0.748846 37.242103 -1.604674 2.375299
Car -1 -1 -1.519363 737.609436 313.547272 824.527466 407.904633 1.442867 1.667882 4.245607 -4.475001 -3.922374 63.695101 -1.589505 1.480921
Car -1 -1 -1.573187 831.298645 220.488403 895.439697 281.709351 1.517621 1.963638 4.245966 -3.896266 -9.617464 94.544662 -1.614375 0.774142
Car -1 -1 -1.592105 931.196289 215.830109 991.839844 268.946625 1.465047 1.950616 4.254697 -0.569844 -10.578172 100.446243 -1.597778 0.770866
Car -1 -1 -1.537047 741.870850 259.563751 811.659668 322.953888 1.259712 1.707812 4.230704 -5.925142 -7.233093 81.751624 -1.609398 1.121401
Car -1 -1 -1.624651 993.334412 173.895325 1042.499634 227.390045 1.803279 1.812877 4.458175 1.840597 -14.892174 124.290714 -1.609843 0.352758
Car -1 -1 -1.536362 777.636414 176.868530 821.093323 214.123932 1.392018 1.773844 4.250687 -8.600739 -16.512636 133.693726 -1.600605 0.493779
Car -1 -1 -1.565041 853.326477 193.798309 898.746033 232.866821 1.259048 1.751700 4.268176 -4.317980 -13.828641 118.234785 -1.601545 0.744174
Car -1 -1 -1.573059 844.718445 166.832748 883.610840 203.014801 1.404359 1.872090 4.259336 -5.735831 -17.904077 140.869915 -1.613754 0.574493
