Car -1 -1 -1.517606 661.344116 801.162109 881.302612 1034.977051 0.639398 1.591715 4.227831 -1.880846 3.129684 24.671424 -1.593695 3.976533
Car -1 -1 1.782773 280.831055 445.865295 458.955841 595.596008 1.393036 1.639267 4.383526 -9.588882 -0.195173 42.913614 1.562938 2.504265
Car -1 -1 0.905307 878.429871 372.101349 1074.199097 467.374939 1.249013 1.877977 3.822372 -0.336195 -2.428897 55.849335 0.899288 1.012125
Car -1 -1 -1.769362 1352.871338 811.018127 1641.596436 1056.788574 0.685794 1.540363 4.220229 4.326661 3.244600 24.397267 -1.593845 3.136565
Car -1 -1 1.785010 299.431488 345.195679 424.837769 434.736664 1.236670 1.592358 4.295451 -13.832662 -3.350507 60.956462 1.561862 1.152261
Car -1 -1 -1.664255 1059.683228 844.802917 1308.743408 1078.853394 1.164247 1.545899 4.226725 1.499713 3.901013 23.110356 -1.599453 4.088814
Car -1 -1 1.710003 529.048157 288.611847 617.610046 358.221619 1.311668 1.616313 4.243077 -11.201430 -5.843969 74.129713 1.560032 1.151272
Car -1 -1 0.878067 685.257202 283.582428 850.266235 368.357574 1.642349 1.895177 3.958731 -5.925070 -5.472984 72.421561 0.796435 0.845651
Car -1 -1 1.744901 480.167297 262.586945 561.718262 324.631958 1.312351 1.599509 4.242981 -14.161584 -7.481215 83.256836 1.576418 0.964130
Car -1 -1 1.852905 165.809921 256.472992 252.504929 313.975830 1.282295 1.389156 4.240596 -24.922714 -8.219358 88.022500 1.576987 1.170902
Car -1 -1 1.669799 671.614380 201.992264 723.141357 245.156845 1.325544 1.579288 4.248082 -12.129855 -13.206062 113.836362 1.563644 0.693355
Car -1 -1 1.694793 568.131104 219.320892 631.212891 267.697235 1.368157 1.721058 4.262792 -14.920101 -11.409490 105.059068 1.553720 0.962950
Car -1 -1 -0.195687 1787.591919 411.275116 1920.103027 541.273865 1.531046 1.828770 4.443640 16.147951 -0.894182 47.652545 0.131037 1.051475
Car -1 -1 1.646579 725.808838 221.809357 785.842773 267.145508 1.269728 1.749058 4.263934 -8.915900 -11.291298 104.028247 1.561081 0.670260
Car -1 -1 1.642103 687.386292 252.923599 753.702576 311.462433 1.391980 1.650587 4.255252 -8.430938 -8.036431 85.804687 1.544160 0.984493
Car -1 -1 -1.629618 1091.062500 140.874649 1123.947632 169.055771 1.576321 1.967030 4.257848 7.490565 -25.369131 179.744753 -1.587968 0.124161
Car -1 -1 1.589138 760.355408 196.928268 809.696411 241.728271 1.353652 1.634923 4.240739 -8.773993 -13.733045 116.972466 1.514269 0.453762
Car -1 -1 1.644642 731.120117 160.045609 769.918335 191.304352 1.431793 1.801365 4.253063 -13.770555 -21.032676 157.363950 1.557356 0.187999
