Car -1 -1 -2.497957 3.006510 354.676605 223.556564 480.809204 1.680066 1.878303 3.923117 -16.294818 -1.956872 42.579687 -2.863452 1.522931
Car -1 -1 0.595362 589.053284 358.411346 838.933777 476.655243 1.519006 1.909250 4.176340 -4.486418 -2.068087 43.382351 0.492312 3.828292
Car -1 -1 -1.369099 277.985992 676.601196 524.824707 879.303772 0.665247 1.617953 4.224297 -5.693802 2.363390 23.677755 -1.605089 3.783307
Car -1 -1 -1.553750 442.851410 441.560364 592.751526 632.673950 1.574994 1.802989 4.236511 -6.205782 0.285230 32.402862 -1.742978 3.660985
Car -1 -1 -1.640386 945.429993 729.304688 1165.326660 979.977234 0.802516 1.704235 4.233061 1.013642 2.954587 21.808031 -1.593940 3.419045
Car -1 -1 1.097927 377.183136 325.688293 544.400024 418.685730 1.179040 1.464595 4.561481 -10.847115 -3.607438 49.345409 0.881548 0.653375
Car -1 -1 1.736701 363.486328 283.349121 458.159729 359.130646 1.284230 1.590623 4.246162 -13.931906 -5.504456 57.743291 1.499952 1.440925
Car -1 -1 1.767935 473.544983 221.925583 550.963196 286.104919 1.564134 1.648603 4.239605 -14.489752 -9.246012 74.347263 1.575455 1.182508
Car -1 -1 1.770295 422.885010 251.285233 504.898315 314.570618 1.252150 1.550275 4.233355 -14.810892 -7.739213 68.212353 1.556484 1.193047
Car -1 -1 -1.726673 1186.165649 164.067139 1234.717407 198.951904 1.426497 1.829410 4.287933 14.253982 -18.461593 115.463754 -1.603844 0.539370
Car -1 -1 1.747345 484.959076 187.690216 543.058655 234.634720 1.293020 1.538337 4.237991 -18.552035 -13.894842 95.214999 1.554913 0.638167
Car -1 -1 1.805419 321.630157 188.012573 393.438721 232.790497 1.422133 1.511205 4.242957 -25.411284 -13.932152 95.299868 1.544836 0.595835
Car -1 -1 1.721419 500.981049 173.582642 550.694580 215.342285 1.445751 1.644894 4.235791 -20.160565 -16.323836 106.297586 1.533984 0.575558
