Car -1 -1 -1.616288 858.723694 461.352722 1020.800781 627.268372 1.112113 1.795818 4.570050 -0.359951 0.296527 37.805595 -1.625808 1.790750
Car -1 -1 -1.770997 1190.736816 553.403564 1412.377686 729.242981 0.840250 1.584867 4.629804 3.824068 1.234044 32.076444 -1.652340 1.742031
Car -1 -1 -1.421950 77.914803 675.990173 383.585175 940.139709 0.869197 1.748926 4.322016 -6.333739 2.399069 24.592588 -1.674018 2.407912
Car -1 -1 -1.643857 987.706726 302.863068 1089.755981 404.036743 1.269469 1.691064 4.282758 1.533352 -3.395841 57.164191 -1.617040 1.220645
Car -1 -1 -1.706156 1048.342285 394.029297 1193.018555 509.694214 0.981765 1.684386 4.397865 2.621244 -1.261913 46.726715 -1.650118 1.398589
Car -1 -1 -1.724123 1433.236572 308.838745 1557.410034 416.710052 1.265157 1.623171 4.804060 10.824805 -3.186397 56.494255 -1.534809 0.926403
Car -1 -1 -1.601036 827.886108 303.882080 916.132874 390.361877 1.102558 1.657397 4.259600 -1.938543 -3.747785 59.434853 -1.633641 1.500431
Car -1 -1 1.825422 13.259421 220.220490 118.679443 296.995544 1.419163 1.529680 4.259361 -24.670239 -7.136953 76.655953 1.514060 1.049853
Car -1 -1 -1.650810 931.443176 257.080536 1023.484863 324.896210 1.155046 1.873267 4.262662 0.387309 -5.853398 70.305752 -1.645301 0.985312
Car -1 -1 -1.654440 891.978577 198.640518 961.448669 255.043549 1.220983 1.701022 4.237914 -1.149821 -9.620601 90.678023 -1.667119 0.842030
Car -1 -1 -1.690568 905.789917 906.141724 1277.069824 1080.000000 1.019868 1.878335 4.260500 0.749112 3.991075 19.409776 -1.651993 2.516811
Car -1 -1 -1.566103 815.567200 177.132492 867.722839 223.510391 1.188873 1.724664 4.234576 -4.259512 -11.512410 99.537901 -1.608870 0.731483
Car -1 -1 1.784316 82.164330 173.217987 160.549423 228.696976 1.405583 1.617391 4.252379 -30.123647 -11.392276 99.547618 1.490471 0.803266
Car -1 -1 -1.742568 1255.858032 217.515915 1346.008179 271.340118 1.175225 1.706805 4.259035 10.608155 -8.694149 86.894363 -1.621088 0.594557
Car -1 -1 1.695694 386.813629 176.067719 452.239075 229.481003 1.313115 1.624052 4.254059 -19.038389 -11.146810 97.646005 1.503136 1.008423
Car -1 -1 -1.931281 1728.975830 624.574768 1918.554077 860.458496 0.915959 1.893629 4.587953 9.758049 2.077827 28.358830 -1.599879 1.563525
Car -1 -1 -1.630609 899.949402 147.818832 948.045166 190.040863 1.375864 1.753249 4.267664 -1.670205 -15.424992 121.732161 -1.644328 0.462158
Car -1 -1 -1.579612 821.173462 134.341385 863.544495 172.344543 1.332699 1.694159 4.246209 -5.661996 -17.440000 131.630671 -1.622600 0.409312
Car -1 -1 1.761936 248.382675 133.130188 304.077759 173.904297 1.428568 1.638925 4.244044 -32.767324 -17.561454 132.611662 1.519696 0.358720
Car -1 -1 1.772424 204.166031 143.778625 261.107605 187.742050 1.269587 1.581261 4.240292 -31.271712 -15.263199 118.920225 1.515282 0.327829
Car -1 -1 -1.559222 739.706299 144.116058 787.411194 189.338104 1.441673 1.800336 4.258730 -8.347484 -14.905705 117.406113 -1.630202 0.280696
Car -1 -1 1.753854 161.339874 160.965744 223.952744 205.605438 1.292025 1.494226 4.244227 -29.714613 -13.038521 107.352122 1.483819 0.282678
