Car -1 -1 -1.719323 1087.071167 438.570190 1249.368164 566.662659 0.862216 1.526068 4.358542 2.985595 -0.390193 40.819988 -1.646313 1.467555
Car -1 -1 -1.512387 597.042542 416.437836 738.532532 561.231445 1.165769 1.747705 4.256742 -4.281786 -0.461246 41.140156 -1.616092 2.190429
Car -1 -1 -1.802775 1308.953003 717.326294 1601.510254 950.872253 0.647605 1.496450 4.365618 4.412086 2.611829 25.505893 -1.631487 2.092826
Car -1 -1 -1.605651 849.137634 409.005554 986.623718 534.375732 1.034415 1.791898 4.251616 -0.718179 -0.810791 42.896216 -1.622392 2.260508
Car -1 -1 -1.602945 845.405579 284.737518 946.710510 397.064575 1.431479 1.775860 4.529469 -1.396801 -3.591331 57.751018 -1.627127 0.952720
Car -1 -1 -1.503676 652.377991 332.944031 760.484375 448.864655 1.201416 1.740118 4.268114 -4.623723 -2.360289 51.107324 -1.593902 2.179863
Car -1 -1 1.730834 227.890472 201.990540 310.739746 259.454651 1.249073 1.720925 4.269641 -21.515526 -9.011111 86.392764 1.486756 1.201882
Car -1 -1 1.778526 89.817848 237.973831 195.841965 312.948334 1.301034 1.553936 4.249074 -21.224084 -6.310379 72.156258 1.492454 1.209645
Car -1 -1 -1.602103 835.592651 224.900513 906.073547 286.783020 1.155486 1.861556 4.268961 -2.608871 -7.613724 79.450193 -1.634927 1.210498
Car -1 -1 -1.621307 954.466248 204.210846 1025.786987 274.180603 1.484704 1.761521 4.312324 0.860124 -8.348982 83.725986 -1.611034 0.827044
Car -1 -1 -1.563065 711.549194 192.498276 781.909546 280.589355 1.804247 1.780973 4.581165 -6.218674 -7.990996 80.943055 -1.639743 0.575201
Car -1 -1 1.736121 327.616638 173.286499 395.069824 219.220322 1.242258 1.649551 4.245733 -22.176182 -12.025430 102.693604 1.523442 0.707286
Car -1 -1 -1.529023 691.015869 260.607452 772.898132 338.544922 1.177925 1.773998 4.281181 -5.541535 -5.393384 67.525869 -1.610904 1.088344
Car -1 -1 1.770072 132.098114 160.230438 205.553116 213.731537 1.586085 1.658173 4.280283 -30.846766 -12.871049 108.108798 1.492127 0.583064
Car -1 -1 -1.648252 916.597839 167.785507 980.315857 223.019897 1.528177 1.928120 4.366688 -0.456760 -11.727712 101.143102 -1.652768 0.500991
Car -1 -1 -1.579678 831.494751 188.901581 890.745483 237.527176 1.179903 1.707891 4.252453 -3.385249 -10.371780 93.342794 -1.615929 0.845022
Car -1 -1 1.767117 19.636301 220.031464 111.613319 292.440063 1.380370 1.314196 4.253542 -25.184340 -7.306490 77.933108 1.454556 0.789562
Car -1 -1 1.751572 203.038879 160.910233 281.500824 223.585678 1.677894 1.830791 4.364701 -26.297765 -11.807801 101.622562 1.498348 0.388634
Car -1 -1 1.713866 294.442871 142.153564 355.087402 187.694641 1.441571 1.721484 4.246419 -27.664153 -15.412920 120.596491 1.488373 0.491130
Car -1 -1 -1.577097 801.331421 159.746002 851.271729 204.248199 1.263887 1.766687 4.225449 -5.508676 -13.893046 113.357043 -1.625654 0.701931
Car -1 -1 1.803824 38.593483 190.784729 128.909378 253.928284 1.426830 1.469900 4.235627 -28.009198 -9.488427 88.863804 1.498488 0.711875
Car -1 -1 -1.555255 741.239319 143.954666 786.212524 187.168716 1.428070 1.633298 4.290485 -8.719447 -15.644885 122.488616 -1.626321 0.422706
Car -1 -1 -1.625867 863.299744 141.697464 910.529053 179.837326 1.244244 1.812877 4.262709 -3.361751 -16.276137 125.368491 -1.652675 0.329254
Car -1 -1 1.790356 195.792038 151.699326 259.986267 200.792542 1.571248 1.615388 4.251175 -30.350645 -14.018088 114.536996 1.531324 0.185587
