Car -1 -1 -0.878264 478.552032 343.161011 685.843689 446.217194 1.146564 1.822492 3.434912 -6.905273 -2.298795 51.005549 -1.012829 1.174351
Car -1 -1 0.003035 0.000000 373.400909 263.489441 487.894440 1.333343 1.838203 4.099860 -14.151607 -1.398132 46.831120 -0.290424 2.810539
Car -1 -1 -1.797496 1315.757568 668.351379 1619.595093 962.870911 1.068583 1.468143 4.695324 4.423410 2.568435 25.091947 -1.623001 2.737765
Car -1 -1 -1.670323 904.703979 734.649536 1151.866699 954.118774 0.523500 1.685077 4.266147 0.514515 2.597271 25.156879 -1.649873 2.968137
Car -1 -1 -1.507868 453.466522 753.319702 724.962524 1012.967651 0.645539 1.758349 4.323641 -3.022223 2.774817 23.390176 -1.636365 1.799040
Car -1 -1 1.800560 67.995018 251.362579 185.594620 329.106934 1.253007 1.646914 4.320109 -20.907220 -5.757348 69.723837 1.509234 1.103120
Car -1 -1 1.778365 112.176140 193.818344 198.084595 254.480057 1.423646 1.623415 4.250316 -25.700929 -9.364741 88.602843 1.496044 1.187353
Car -1 -1 1.822383 2.293486 225.279022 94.183197 309.998047 1.536775 1.470352 4.255610 -24.757505 -6.668257 75.024668 1.503643 0.673741
Car -1 -1 1.841824 0.820257 200.978912 91.845398 264.647461 1.398738 1.637449 4.219330 -29.356115 -9.207351 88.876029 1.522802 0.718299
Car -1 -1 1.721405 303.504028 145.745087 360.454834 187.028824 1.304492 1.641033 4.261208 -27.358878 -15.391546 120.544146 1.498225 0.590503
Car -1 -1 1.788910 189.692825 155.205017 258.093597 199.050186 1.365977 1.713387 4.275953 -30.523885 -14.206872 114.899862 1.529251 0.594761
Car -1 -1 1.690935 397.305878 140.031616 452.871643 182.106918 1.380352 1.722844 4.257266 -24.084027 -16.150235 124.755913 1.500231 0.459786
