Car -1 -1 -0.085677 938.652588 453.711029 1235.411377 564.074036 1.326052 1.839171 4.453485 1.541029 -0.419128 45.426984 -0.051767 4.593680
Car -1 -1 -1.514965 661.625977 800.958679 882.391052 1034.960938 0.658208 1.608174 4.235214 -1.878876 3.141584 24.650799 -1.591038 3.428879
Car -1 -1 -1.767416 1353.601440 810.655090 1641.764160 1056.811401 0.684636 1.551034 4.221266 4.334252 3.243633 24.405191 -1.591653 3.138051
Car -1 -1 -0.038842 12.496927 414.482727 300.127594 517.530151 1.276376 1.852729 4.511833 -15.135267 -1.290067 49.818619 -0.333788 3.443949
Car -1 -1 -1.072040 766.605286 344.258301 924.814697 426.782776 1.180011 1.474646 4.356426 -3.246045 -3.542699 62.174061 -1.124201 0.922452
Car -1 -1 1.789464 269.712036 289.161438 382.127350 382.352966 1.687910 1.650790 4.453457 -16.959470 -5.051310 70.530130 1.553487 0.815872
Car -1 -1 -1.655442 1060.536865 843.968689 1308.858276 1078.993408 1.161952 1.561639 4.224314 1.508720 3.909133 23.124495 -1.590291 4.111754
Car -1 -1 -1.606140 1058.767700 277.250488 1131.563110 342.478851 1.261357 1.834062 4.248886 2.897445 -6.634612 78.669270 -1.569326 1.111031
Car -1 -1 1.764119 407.984406 293.007782 504.648224 379.076447 1.552911 1.519014 4.238217 -13.683646 -5.123141 70.822549 1.573261 1.110754
Car -1 -1 -1.549181 926.509521 279.344635 992.981079 344.583923 1.262923 1.716111 4.234175 -0.904424 -6.539904 78.257210 -1.560737 1.165614
Car -1 -1 1.769792 375.460632 260.712433 451.954132 323.829651 1.337274 1.287981 4.241500 -17.459552 -7.571716 83.606456 1.563921 0.819791
Car -1 -1 1.681254 521.039124 293.181488 606.822632 377.405029 1.550279 1.612013 4.246987 -10.928120 -5.120227 70.507462 1.527485 1.063781
Car -1 -1 -1.576110 957.707825 227.453369 1012.722046 277.015961 1.369430 1.771401 4.231758 -0.269199 -10.676695 101.360806 -1.578766 1.025076
Car -1 -1 -1.559032 945.001404 186.763565 988.344666 223.612228 1.322588 1.834102 4.254685 -1.161296 -15.887952 129.016750 -1.568033 0.664405
Car -1 -1 1.693908 583.665710 242.567001 655.291382 308.745544 1.639573 1.611445 4.255646 -11.497742 -8.055781 85.507324 1.560245 0.806192
Car -1 -1 1.714085 535.010254 217.732605 604.477051 284.950378 1.758387 1.505102 4.670379 -14.500994 -9.783724 94.953478 1.562539 0.421056
Car -1 -1 1.716507 498.377747 256.361328 565.849121 313.948853 1.260528 1.411397 4.245140 -14.345455 -8.081286 86.532382 1.552219 0.941466
Car -1 -1 1.774742 327.325714 276.663910 410.672607 350.549072 1.522867 1.310545 4.239893 -17.617903 -6.348616 78.134766 1.552970 0.980933
Car -1 -1 0.240039 1.054885 471.522034 124.106514 582.267029 1.421903 1.795336 3.264011 -16.184002 -0.068153 44.563252 -0.108320 0.632777
Car -1 -1 -1.590609 981.213440 163.960114 1016.109314 194.333435 1.356589 1.782268 4.263589 0.350855 -20.347907 153.318910 -1.588320 0.519673
Car -1 -1 1.700826 555.321350 275.638733 632.726685 347.000458 1.366485 1.511303 4.250622 -11.265965 -6.527732 78.464390 1.558220 1.062660
Car -1 -1 1.687536 590.014038 209.384232 644.404602 256.171387 1.217125 1.477508 4.253522 -14.630536 -12.219287 108.042346 1.552940 0.550106
Car -1 -1 1.689074 623.326660 197.126114 670.952881 236.260757 1.251844 1.474640 4.224267 -14.756634 -14.076612 118.435120 1.565116 0.433017
Car -1 -1 1.711766 565.876709 143.658432 600.534119 170.759308 1.409385 1.704942 4.244137 -26.527401 -25.164415 179.049810 1.564679 0.305291
Car -1 -1 1.625162 773.306763 193.951096 821.127258 237.989502 1.424235 1.675044 4.237546 -8.324733 -14.000174 118.135098 1.554810 0.435025
Car -1 -1 1.734722 459.745239 278.696930 531.164856 343.779327 1.324319 1.343871 4.259197 -14.160861 -6.571825 78.905906 1.557147 0.848195
Car -1 -1 1.685551 641.673462 187.177490 687.685486 223.224930 1.244486 1.569538 4.234381 -14.755360 -15.379702 124.707968 1.567779 0.471221
