Car -1 -1 -2.125587 266.328430 393.172394 485.366699 522.637268 1.340132 1.651941 3.980170 -10.066184 -1.227038 38.984456 -2.378277 0.670972
Car -1 -1 -1.448989 418.731934 512.646118 603.251587 686.981140 1.131432 1.772023 4.194941 -5.727728 0.880515 29.702701 -1.639486 3.600728
Car -1 -1 0.048401 984.897705 388.661896 1227.459106 492.369476 1.335037 1.843369 4.176941 3.209512 -1.692445 42.651251 0.123510 4.654913
Car -1 -1 1.816631 275.189423 251.811066 380.960663 326.552582 1.460794 1.725366 4.413090 -17.955173 -6.987283 64.374333 1.544626 0.914815
Car -1 -1 1.790966 387.132935 260.275116 482.751129 331.911224 1.341889 1.648023 4.248271 -14.496856 -6.694729 62.978787 1.564721 1.453099
Car -1 -1 1.728781 483.668060 210.481583 555.812317 271.590057 1.542420 1.689314 4.253549 -15.041881 -10.237308 78.401974 1.539228 0.989826
Car -1 -1 1.763734 409.198120 179.332077 476.764618 228.850693 1.627207 1.824734 4.276974 -21.863395 -14.186585 96.149883 1.540147 0.657004
Car -1 -1 1.827340 329.215546 183.763321 393.049133 230.227570 1.473618 1.539520 4.243197 -25.500128 -14.190310 96.382034 1.568693 0.602434
Car -1 -1 1.718950 550.981140 166.156433 596.174377 200.843933 1.361121 1.591253 4.234091 -18.952545 -18.074032 113.206855 1.553073 0.684508
Car -1 -1 1.680295 610.905151 146.663696 650.061462 178.349197 1.426975 1.763664 4.233029 -18.204263 -21.637418 128.504409 1.539569 0.533408
Car -1 -1 1.718353 540.761963 151.788254 583.212280 182.630112 1.355475 1.727694 4.238274 -22.380723 -21.609532 129.350447 1.547025 0.472283
Car -1 -1 1.697771 624.295166 115.281113 654.031250 138.117889 1.499736 1.798598 4.225697 -25.468120 -34.225085 184.760116 1.560790 0.134651
