Car -1 -1 -1.729625 1163.185059 416.503784 1295.478760 528.933838 1.059572 1.542092 4.213875 5.294780 -1.193017 40.535020 -1.599738 2.460593
Car -1 -1 -1.630444 954.254883 757.200012 1152.291748 990.207581 0.723671 1.620041 4.188219 1.054494 3.221454 22.715975 -1.584057 1.944494
Car -1 -1 -2.775766 1569.276855 291.588257 1760.578491 364.905396 1.307563 1.863926 4.255491 19.884843 -5.563513 60.191295 -2.456694 2.665635
Car -1 -1 -1.616594 977.255554 449.868591 1103.605713 605.029358 1.415393 1.695783 4.384454 1.534546 0.022727 35.548788 -1.573453 1.722992
Car -1 -1 -1.592820 944.256897 358.649200 1032.439209 445.945648 1.108333 1.663961 4.231470 0.996804 -2.847477 47.310013 -1.571754 2.257983
Car -1 -1 -1.400913 365.562347 758.768860 715.311707 1080.000000 1.680905 1.773578 4.746955 -3.112501 3.951942 18.223291 -1.570079 2.172740
Car -1 -1 -1.657328 1067.388550 265.546204 1148.090454 339.939392 1.411433 1.853903 4.255096 4.901053 -6.673139 64.606420 -1.581613 1.384738
Car -1 -1 -1.531549 779.014648 336.135315 872.651733 431.362671 1.276714 1.782350 4.248127 -2.576533 -3.333455 49.837306 -1.583202 2.006251
Car -1 -1 -1.591173 936.528687 219.986221 989.847046 272.592285 1.312245 1.741289 4.256863 0.807453 -10.487882 80.666606 -1.581163 0.949337
Car -1 -1 -1.659304 1030.422607 202.863922 1085.846558 253.706818 1.359391 1.764523 4.252415 4.690945 -12.074964 87.558571 -1.605780 0.748104
Car -1 -1 -1.807847 1437.022461 253.148758 1521.060913 321.352692 1.373826 1.440542 4.232139 16.632792 -7.488781 67.749578 -1.567105 1.125122
Car -1 -1 -1.553378 828.720276 247.958374 893.697754 308.691833 1.298110 1.799878 4.249351 -2.518783 -8.042570 69.828146 -1.589434 1.245304
Car -1 -1 -1.635457 1005.867493 177.743530 1050.397095 216.199036 1.287093 1.744611 4.252854 4.237058 -16.158648 105.618466 -1.595362 0.766412
Car -1 -1 -1.664030 1371.474243 271.363708 1446.485229 335.987000 1.177394 1.567097 4.240208 14.138816 -6.941882 66.166176 -1.453510 1.067827
Car -1 -1 -1.554776 862.444336 152.771896 899.491638 187.605515 1.502080 1.769174 4.251097 -3.288329 -20.170244 122.634615 -1.581584 0.628482
Car -1 -1 -1.592576 937.361938 160.437469 973.854797 194.051453 1.348661 1.692922 4.234238 0.818115 -19.561423 120.741519 -1.585800 0.625001
Car -1 -1 1.686785 592.654541 146.495270 635.180908 179.736847 1.518884 1.738910 4.250403 -19.237180 -21.675250 129.188353 1.538964 0.525443
Car -1 -1 -1.810982 1582.572388 439.113098 1714.920288 585.173462 1.409024 0.914991 4.147210 11.575056 -0.238945 35.927388 -1.499303 0.507938
Car -1 -1 -1.574635 903.999878 129.747589 937.020264 160.288620 1.614292 1.933513 4.240696 -1.334831 -26.060782 148.087645 -1.583648 0.424183
Car -1 -1 1.734784 502.014160 146.701828 547.046448 177.877518 1.434073 1.747817 4.254262 -25.227880 -22.371072 132.769330 1.547010 0.541540
Car -1 -1 -1.599066 956.560364 143.183701 989.885254 176.637451 1.460480 1.667328 4.241486 2.039491 -23.032593 135.568724 -1.584024 0.501684
Car -1 -1 0.359586 75.470169 125.816505 170.001144 169.735565 2.272950 2.124791 4.476789 -50.860149 -23.378681 135.878170 0.001423 0.156849
Car -1 -1 -1.628385 967.958740 118.496025 995.269714 142.769333 1.505260 1.803496 4.255109 3.235061 -31.825631 173.670386 -1.609760 0.316097
Car -1 -1 2.968605 1845.709473 327.908905 1918.081421 394.167084 1.231922 1.658676 3.146779 26.387086 -4.569351 58.595986 -2.891459 0.195751
