Car -1 -1 1.889519 120.541641 294.412750 258.376587 394.252167 1.473303 1.381916 4.814330 -17.778427 -4.297450 52.023825 1.560225 1.027845
Car -1 -1 1.220825 372.438995 327.013977 524.400146 437.605011 1.509519 1.576403 4.301335 -10.688060 -3.052141 47.333924 0.998748 0.548087
Car -1 -1 1.916105 70.879089 255.853333 173.236450 323.386230 1.319249 1.276914 4.247486 -24.873656 -7.335036 66.690363 1.559113 0.933967
Car -1 -1 1.753017 316.772858 308.606110 411.755249 391.470154 1.222398 1.323673 4.254834 -14.126558 -4.456289 53.836833 1.496406 0.635822
Car -1 -1 1.717049 533.651794 173.509735 585.440552 212.528015 1.444486 1.694836 4.242292 -18.427772 -16.293174 105.823451 1.544641 0.654522
Car -1 -1 1.782203 401.063171 182.295563 465.528778 234.531021 1.660355 1.574507 4.393711 -21.535225 -13.480633 93.059309 1.554792 0.472000
Car -1 -1 1.672873 634.505981 141.002258 670.339111 170.163330 1.408175 1.697861 4.245263 -18.104714 -23.599688 137.420359 1.541880 0.464700
Car -1 -1 1.702296 551.624695 144.774658 594.418335 177.713715 1.512108 1.889136 4.239309 -21.941873 -22.041395 130.527499 1.535751 0.533161
Car -1 -1 1.726467 531.835510 134.922363 573.055115 166.218048 1.626027 1.875405 4.260053 -25.350928 -24.776107 142.996595 1.551006 0.305762
Car -1 -1 1.685569 616.174377 129.480743 649.981812 154.744568 1.439567 1.728709 4.227707 -22.328483 -28.384242 159.448166 1.546437 0.223478
Car -1 -1 1.779231 402.437836 171.550095 461.060547 212.015686 1.639481 1.697611 4.370891 -23.745921 -15.601204 102.261799 1.551067 0.258714
