Car -1 -1 -1.417935 546.879517 583.628723 748.305359 773.141846 0.870138 1.589779 4.264656 -3.693861 1.501538 25.745447 -1.560439 3.961999
Car -1 -1 -1.533816 777.775574 685.242310 992.501465 910.340515 0.578591 1.770748 4.490713 -0.770895 2.282717 21.761900 -1.569225 2.456516
Car -1 -1 -1.342349 264.596619 829.456848 645.183472 1078.670654 0.934541 1.817175 4.443913 -4.007777 3.690094 17.882210 -1.562826 2.778310
Car -1 -1 1.683216 617.092712 212.051666 672.141663 258.261444 1.361204 1.608407 4.260699 -13.653553 -12.681029 91.673409 1.535366 0.878759
Car -1 -1 1.663539 691.690735 214.252945 743.664978 259.748718 1.303947 1.611214 4.260587 -10.404634 -12.404137 90.083888 1.548549 0.777813
Car -1 -1 1.720763 546.249634 213.503128 603.756287 257.006866 1.289629 1.601176 4.256484 -16.713404 -12.804089 92.373423 1.541767 0.914247
Car -1 -1 1.691250 601.285034 191.622589 646.358398 227.742126 1.272851 1.448688 4.264276 -16.888184 -16.031354 106.572178 1.534089 0.699490
Car -1 -1 1.663141 664.905457 178.586136 713.764893 226.023926 1.790804 1.768389 4.561606 -13.838590 -16.403784 108.047257 1.535755 0.301659
Car -1 -1 1.681019 642.446655 195.216095 693.552612 238.445053 1.454979 1.723789 4.247794 -13.942433 -14.750690 100.839399 1.543626 0.620784
Car -1 -1 0.166633 1297.577393 156.594299 1373.655151 188.472015 1.593864 1.857771 4.084180 23.098918 -22.976173 137.930931 0.332560 0.150239
Car -1 -1 1.648770 717.247620 197.238403 764.223206 243.710190 1.554111 1.605796 4.299953 -10.412194 -14.363683 99.479253 1.544483 0.447423
