Car -1 -1 -1.772248 1222.608154 572.921631 1438.878540 762.770203 1.051128 1.717596 4.252693 4.804605 1.607898 27.627653 -1.600065 3.373094
Car -1 -1 -1.696581 1157.022339 430.894653 1295.580933 557.837769 1.116511 1.707703 4.408863 4.810381 -0.681362 37.349321 -1.568492 1.815535
Car -1 -1 -1.503434 649.179016 567.882690 824.525696 747.594910 0.880297 1.792269 4.272966 -2.513494 1.430964 28.001814 -1.592956 2.644345
Car -1 -1 -1.621169 966.399780 607.833313 1117.622192 783.963806 0.807719 1.528615 4.233647 1.163011 1.782705 26.726021 -1.577681 2.266544
Car -1 -1 1.955493 0.000000 273.038239 114.159966 351.924561 1.450799 1.698371 4.466003 -24.761433 -5.973746 60.943869 1.569568 0.770037
Car -1 -1 1.860000 229.087540 279.972351 334.676941 351.699860 1.230867 1.356479 4.243876 -17.657696 -5.785407 58.820428 1.568362 1.367429
Car -1 -1 1.765373 352.304169 278.599579 452.406525 353.942963 1.257452 1.664531 4.266295 -14.413392 -5.751123 58.727437 1.524701 1.485094
Car -1 -1 1.894682 104.521858 276.078156 218.245361 353.720337 1.283317 1.427907 4.272787 -21.596146 -5.985385 60.822732 1.553500 1.440525
Car -1 -1 1.739478 480.432861 192.357819 546.000488 239.211212 1.381886 1.707810 4.244703 -17.819375 -13.130182 91.438839 1.547013 1.045268
Car -1 -1 1.773029 394.842010 209.795593 472.402679 271.066101 1.605153 1.682495 4.365060 -18.325243 -10.358029 79.372195 1.546127 0.854994
Car -1 -1 1.878253 120.831566 241.904129 223.967636 302.971252 1.367353 1.570501 4.247145 -24.962016 -8.379585 71.295109 1.541469 1.460163
Car -1 -1 1.792355 372.194275 199.491760 436.620056 247.899628 1.323288 1.337318 4.237339 -21.782359 -12.481115 88.839747 1.551911 0.660795
Car -1 -1 1.795826 328.777191 248.559357 417.021545 311.188965 1.338651 1.619703 4.244928 -17.877625 -7.913516 69.055001 1.542498 1.260152
Car -1 -1 1.835275 209.976212 241.105759 301.288239 306.092438 1.401225 1.405748 4.235245 -21.737434 -8.071517 69.486948 1.532092 1.109368
Car -1 -1 1.816473 305.232086 213.613037 380.840088 269.612762 1.421091 1.514507 4.235513 -21.809256 -10.533702 80.121767 1.550711 1.006583
Car -1 -1 1.724117 520.681946 175.907242 577.203125 219.117020 1.500393 1.630037 4.236570 -17.976542 -15.281817 100.806533 1.547645 0.663491
Car -1 -1 1.782394 416.027374 177.158386 478.947479 222.875916 1.560609 1.695351 4.255326 -22.433797 -14.949551 99.531480 1.560705 0.666254
Car -1 -1 1.825957 300.854401 195.314407 364.269226 236.946503 1.309742 1.426075 4.233165 -25.584197 -13.205017 91.986722 1.554684 0.692646
Car -1 -1 1.843163 231.154251 210.774994 309.752869 262.220215 1.275805 1.543254 4.247437 -25.176950 -11.091190 82.426259 1.546715 0.833550
Car -1 -1 1.712789 550.388733 166.381592 599.740662 202.734802 1.412042 1.628462 4.251205 -18.420925 -17.457357 110.605608 1.547758 0.654262
Car -1 -1 1.801683 363.854156 180.152847 423.361359 216.272705 1.256871 1.517508 4.248490 -25.861666 -15.802337 103.586436 1.557022 0.744300
Car -1 -1 1.702728 580.141052 133.676987 620.688293 163.880035 1.558106 1.898106 4.248731 -22.101560 -24.838719 142.406032 1.548756 0.423072
Car -1 -1 0.373335 71.564285 127.426117 162.486801 171.626587 2.463213 2.173216 4.489699 -51.519796 -23.387441 137.080626 0.013832 0.154708
Car -1 -1 1.766325 447.533081 174.864532 498.878754 214.604965 1.346548 1.347968 4.241000 -22.690979 -16.425506 106.630732 1.556653 0.413831
