Car -1 -1 2.773475 1632.531860 282.731384 1819.909180 351.325195 1.417240 1.845029 4.093189 20.945495 -5.983810 60.585893 3.106328 3.094108
Car -1 -1 -1.412914 530.498779 563.897034 755.644226 765.123840 0.973746 1.802492 4.324424 -3.747789 1.389525 25.827923 -1.557014 3.490230
Car -1 -1 2.869744 1354.630249 259.610077 1522.772339 336.184998 1.694298 1.850866 4.097001 13.862860 -6.858266 64.767351 3.080603 2.836434
Car -1 -1 1.691579 680.831055 218.720932 736.246948 264.371368 1.289045 1.594056 4.264747 -10.648745 -12.102883 89.035189 1.572543 0.869029
Car -1 -1 2.924460 1189.336792 261.308899 1355.633667 315.537506 1.323396 1.859660 4.586622 9.597181 -7.879855 69.678544 3.061334 1.934829
Car -1 -1 1.734635 540.049988 214.372406 603.933899 259.009888 1.291614 1.758612 4.263195 -16.625642 -12.587366 91.283621 1.554478 0.846046
Car -1 -1 1.663973 704.303894 199.829163 751.755676 242.785248 1.460910 1.665232 4.254667 -11.053534 -14.392106 99.776193 1.553639 0.632592
Car -1 -1 1.651149 728.561951 185.304962 774.164307 227.767075 1.573293 1.701160 4.255265 -10.848081 -16.365852 108.600624 1.551590 0.581890
Car -1 -1 0.169115 1298.417725 155.648972 1374.314209 188.244720 1.612792 1.866197 4.036128 23.071468 -22.899071 137.374634 0.335508 0.147154
Car -1 -1 -1.142894 0.000000 251.568985 52.467415 300.267029 1.280326 1.805140 3.300898 -35.415457 -9.468528 79.143320 -1.563655 0.126925
