Car -1 -1 2.850240 1520.174072 422.935699 1807.956787 530.711731 1.331195 1.846914 4.162650 11.654931 -1.015919 48.133442 3.087806 4.878354
Car -1 -1 -0.029943 812.493591 458.119812 1116.993286 574.177185 1.393595 1.849585 4.450247 -0.454046 -0.255853 43.936726 -0.040277 4.320916
Car -1 -1 0.153138 1.675718 419.791962 200.147110 533.799744 1.481123 1.829787 3.889456 -15.995179 -0.934603 48.016291 -0.168420 1.546143
Car -1 -1 -3.139185 917.966003 395.608643 1175.546143 492.825287 1.340390 1.865579 4.500566 1.007666 -1.743334 52.185132 -3.119878 3.015425
Car -1 -1 -1.782095 1356.581787 809.436340 1672.518677 1056.240112 0.607108 1.664872 4.529625 4.480062 3.205350 24.501588 -1.601245 3.762754
Car -1 -1 -0.058891 368.299011 413.525177 677.812744 537.045410 1.492350 1.907045 4.763801 -8.053649 -0.944820 47.512968 -0.226799 4.131730
Car -1 -1 -1.655851 1021.101929 756.854370 1266.839722 1015.864075 0.905286 1.740627 4.264356 1.284929 3.033912 25.263747 -1.605034 2.413968
Car -1 -1 -1.510504 610.941956 818.863770 846.500244 1077.034058 0.688488 1.656367 4.245232 -2.186183 3.288638 23.816644 -1.602040 2.990741
Car -1 -1 -0.421865 407.132019 369.242981 635.870483 455.956787 1.181624 1.868020 4.033049 -9.634744 -2.634666 56.285040 -0.591400 1.489703
Car -1 -1 1.779215 286.850342 288.050751 397.306335 365.697418 1.485217 1.639000 4.248303 -17.181930 -5.589929 73.219362 1.548722 1.294106
Car -1 -1 -1.701936 1273.496826 239.558487 1346.007080 294.157135 1.331410 1.791089 4.242132 10.810490 -9.420888 94.253851 -1.587740 1.017090
Car -1 -1 1.664758 648.557312 300.431793 730.828613 380.606384 1.398255 1.560179 4.248717 -7.631551 -5.034762 69.969196 1.556118 1.191697
Car -1 -1 1.743782 449.482941 241.554977 537.596252 333.944183 2.059017 1.661165 4.515936 -14.404828 -6.970935 79.968364 1.565562 0.648765
Car -1 -1 1.742764 404.605072 290.697235 493.885742 369.620697 1.485165 1.493114 4.268215 -14.135639 -5.401789 72.075900 1.549100 0.955009
Car -1 -1 1.669195 523.563782 299.015747 609.351257 371.855316 1.263466 1.652386 4.258674 -11.004465 -5.343180 71.481002 1.516445 0.779736
Car -1 -1 1.706782 558.818542 267.002838 636.955566 335.125580 1.404183 1.548015 4.241406 -11.422453 -6.935945 80.253358 1.565402 1.233091
Car -1 -1 1.739161 519.316040 245.828827 586.048462 303.388916 1.305102 1.368701 4.246276 -14.535945 -8.919695 91.738966 1.582019 0.853663
Car -1 -1 1.703923 556.179321 218.677444 618.467407 272.143829 1.447147 1.704374 4.245366 -14.910473 -10.901775 101.603607 1.558212 0.677725
Car -1 -1 1.621317 748.425476 159.840759 786.751404 191.306961 1.409813 1.690654 4.253414 -12.731428 -20.919111 156.493469 1.540141 0.278248
Car -1 -1 1.671576 676.291687 145.663101 712.082275 175.765305 1.499557 1.716711 4.264574 -18.736624 -24.160879 173.530141 1.564020 0.170836
