Car -1 -1 -1.767620 1509.362549 738.355225 1765.880493 968.038269 0.777358 1.386340 4.216640 5.731491 2.903710 26.159661 -1.551931 3.610020
Car -1 -1 -1.519567 606.291443 781.257019 850.154724 1032.291260 0.662304 1.735352 4.278404 -2.411984 3.027875 23.754327 -1.620759 3.782610
Car -1 -1 -1.681363 1033.268311 801.243469 1298.678223 1053.481567 0.605440 1.612496 4.248240 1.149352 3.168205 23.826615 -1.633162 3.353893
Car -1 -1 1.773206 237.385910 196.765823 325.296509 260.554138 1.560940 1.804322 4.257044 -25.093137 -9.815766 94.742996 1.514296 0.896446
Car -1 -1 1.795796 118.184692 235.442368 208.600494 301.726624 1.284762 1.376137 4.272666 -24.727769 -7.265052 80.393780 1.497397 1.208702
Car -1 -1 1.752878 318.810760 186.172775 388.296326 235.886795 1.364085 1.659238 4.262480 -25.565526 -11.939164 107.003821 1.518353 0.830935
Car -1 -1 1.806885 132.679688 207.403091 215.053802 258.311920 1.254405 1.548258 4.259725 -29.332936 -10.100787 96.754493 1.512524 0.554310
Car -1 -1 1.805006 154.288147 197.267365 235.416122 247.460358 1.335356 1.518912 4.266289 -29.721012 -10.786814 100.359800 1.517090 0.360800
Car -1 -1 1.744329 372.653961 170.476959 432.197113 216.875183 1.416446 1.559134 4.276762 -25.874856 -13.774393 116.751829 1.526232 0.366319
Car -1 -1 1.782977 253.312836 166.300735 319.641357 211.276917 1.326894 1.582357 4.271922 -31.424999 -14.313434 119.153164 1.525113 0.252697
Car -1 -1 1.829526 138.941925 175.877258 216.853043 227.366684 1.485233 1.534554 4.340591 -33.426624 -12.641810 110.603558 1.536033 0.175157
