Car -1 -1 -1.412793 317.378418 724.139771 586.740662 986.400635 0.999577 1.624255 4.500605 -4.952064 2.871650 25.999905 -1.601004 2.141381
Car -1 -1 -1.531708 709.062012 754.206970 920.885193 976.505371 0.724767 1.701867 4.263174 -1.608761 2.882255 26.278584 -1.592851 3.634352
Car -1 -1 1.609383 640.436768 302.611572 731.424683 393.661163 1.533316 1.759307 4.268663 -7.425012 -4.540178 66.986774 1.498990 1.100587
Car -1 -1 -1.819724 1402.356567 796.796936 1801.551880 1079.400757 1.642582 1.744516 4.674151 4.657973 3.954093 22.089030 -1.611896 3.083848
Car -1 -1 -1.677559 1081.468140 872.486511 1359.647339 1079.201416 1.143144 1.627836 4.240525 1.715354 4.011192 22.301169 -1.600793 3.875946
Car -1 -1 1.717613 523.492493 239.815460 596.075806 297.676483 1.358126 1.678531 4.246229 -14.443353 -9.136514 92.341751 1.562458 1.079807
Car -1 -1 1.680332 596.447937 254.429153 669.723755 316.051086 1.339390 1.600409 4.236994 -11.084378 -7.950202 85.528732 1.551452 1.152434
Car -1 -1 1.709421 525.270203 200.745132 588.037842 251.709991 1.568254 1.695606 4.290085 -17.677872 -12.807053 112.213212 1.553167 0.573926
Car -1 -1 1.624603 723.637634 154.199646 761.840027 197.547211 1.935650 1.599038 4.498499 -13.357011 -19.522424 148.166027 1.534697 0.204207
Car -1 -1 1.608473 809.369141 132.590088 838.484924 159.289780 1.516911 1.750150 4.255108 -11.711718 -27.858172 192.487314 1.547704 0.333785
Car -1 -1 -1.608236 1083.952515 128.365509 1116.817261 158.024734 1.747988 2.054927 4.227883 7.820117 -28.898142 199.342560 -1.569027 0.165446
Car -1 -1 1.658102 693.032532 143.766983 724.430725 169.880737 1.414317 1.677849 4.237180 -19.147238 -26.202352 185.955355 1.555497 0.134224
