Car -1 -1 -1.594256 935.549744 333.839783 1027.043823 417.373749 1.211345 1.862051 4.249215 -0.286409 -3.865594 63.897182 -1.598739 1.478589
Car -1 -1 -1.384790 192.396881 828.990173 535.743347 1080.000000 1.272954 1.819032 4.232444 -5.088156 3.883452 23.097220 -1.601620 3.768628
Car -1 -1 1.640690 639.466187 299.020874 725.856323 388.982544 1.565260 1.699141 4.246847 -7.603993 -4.721034 68.117007 1.529519 1.164167
Car -1 -1 1.772354 392.829651 247.924240 476.884918 311.356323 1.475623 1.611697 4.260724 -17.332117 -8.103447 86.111805 1.573734 0.674643
Car -1 -1 -1.565724 892.275818 241.326035 947.881470 293.099030 1.260725 1.713135 4.252115 -2.440694 -9.379836 93.671491 -1.591774 1.148109
Car -1 -1 1.297561 682.563965 286.998505 784.075317 360.502380 1.355165 1.557174 4.232490 -7.022342 -5.808237 74.081539 1.203052 0.634039
Car -1 -1 -1.613797 1030.365112 248.107864 1100.368164 314.282227 1.495480 1.913912 4.246475 2.270589 -8.107750 86.726669 -1.587622 1.036513
Car -1 -1 -1.572251 922.610352 186.289474 963.590881 241.312546 1.856179 1.590290 4.533282 -2.101475 -13.821166 117.900757 -1.590073 0.371485
Car -1 -1 -1.585257 1008.192261 180.038620 1053.452515 222.445114 1.522728 1.897189 4.253216 1.749493 -15.759639 127.628861 -1.571550 0.536971
Car -1 -1 -1.609467 1052.199707 216.624756 1104.668091 264.891479 1.371654 1.777006 4.273802 3.332104 -11.686740 106.673624 -1.578241 0.661990
Car -1 -1 1.658760 694.139526 248.599167 762.998413 310.896729 1.349502 1.676655 4.250525 -8.135948 -8.100395 85.363466 1.563737 1.119859
Car -1 -1 -1.551160 890.422363 138.237991 921.352356 162.035507 1.361735 1.859295 4.243927 -5.883025 -26.944310 187.840149 -1.582469 0.371338
Car -1 -1 -1.586431 992.457275 138.627899 1021.236633 163.453491 1.394826 1.734930 4.247729 0.996709 -27.114402 189.473436 -1.581171 0.313245
Car -1 -1 -1.569440 961.352905 152.617065 994.479370 182.747879 1.426975 1.791178 4.237748 -0.867576 -22.637580 165.558403 -1.574680 0.262055
Car -1 -1 -1.567956 926.367065 142.355591 956.489258 170.488754 1.366561 1.710930 4.259485 -3.300401 -24.876806 176.922145 -1.586608 0.292352
