Car -1 -1 1.781475 241.301468 529.759644 430.858704 688.141968 1.156068 1.452956 4.245822 -8.705491 0.920875 37.007289 1.550438 3.326080
Car -1 -1 -0.140823 1647.631104 428.052704 1919.994385 543.203064 1.433861 1.837076 5.287171 14.311308 -0.823242 48.183182 0.147896 1.096539
Car -1 -1 0.805351 970.769287 374.165924 1178.264160 471.992157 1.260620 1.866384 3.825259 1.647134 -2.353985 55.757321 0.834883 1.470063
Car -1 -1 1.797759 141.359940 438.236725 312.061401 561.723022 1.219734 1.601168 4.371346 -12.573609 -0.647138 45.707093 1.529308 1.926432
Car -1 -1 1.811681 214.025940 330.560913 324.772064 411.256165 1.254219 1.384184 4.237797 -17.101729 -4.046656 65.527930 1.556391 1.242007
Car -1 -1 -1.522992 697.560486 793.684326 924.934082 1040.893311 0.763005 1.706131 4.241581 -1.538038 3.173039 24.692961 -1.585198 3.876226
Car -1 -1 0.557254 736.504700 299.815002 930.476440 371.770599 1.328061 1.867694 4.356607 -4.136643 -5.337246 72.007823 0.499869 1.475248
Car -1 -1 1.760083 351.161865 320.707611 461.557587 411.060089 1.448349 1.599487 4.255500 -13.661200 -4.003845 64.653610 1.551848 1.245055
Car -1 -1 -1.765444 1337.817017 799.197083 1642.100586 1048.749390 0.619944 1.675449 4.602845 4.293807 3.148997 24.669181 -1.593115 3.021663
Car -1 -1 1.902728 0.435419 447.472473 103.224709 584.493408 1.349772 1.635579 4.476073 -16.556518 -0.376498 46.315572 1.559412 1.847515
Car -1 -1 1.736403 388.674133 394.895111 520.975159 502.111908 1.215997 1.547172 4.246890 -9.863271 -1.693110 51.073663 1.545633 1.944944
Car -1 -1 -1.650666 1042.718628 851.074707 1295.900269 1078.288452 0.999719 1.672186 4.240087 1.383766 3.817276 23.279457 -1.591294 3.543980
Car -1 -1 1.771519 401.225037 252.103012 483.746552 317.021912 1.465011 1.542547 4.245715 -17.073787 -7.941086 85.881587 1.575272 0.962718
Car -1 -1 1.690234 574.182556 266.888947 653.504517 335.704407 1.457089 1.608873 4.243279 -10.882178 -6.867191 79.695842 1.554527 1.149150
Car -1 -1 1.717663 458.115387 275.553009 538.306030 337.191071 1.264304 1.538005 4.232393 -14.335039 -6.880189 80.344572 1.541102 1.163172
Car -1 -1 1.654105 678.428894 272.164246 752.652649 343.108093 1.414624 1.613974 4.248979 -7.861398 -6.599157 78.636163 1.554465 1.163616
Car -1 -1 1.705789 547.116821 230.105530 616.193726 281.273254 1.340339 1.689037 4.243897 -14.402368 -10.091911 96.967115 1.558339 0.761539
Car -1 -1 1.649041 726.783081 225.315872 789.301514 281.959564 1.510166 1.774747 4.249439 -8.182390 -10.058603 96.913800 1.564811 0.796411
Car -1 -1 1.722163 468.941498 209.342957 541.996887 275.007294 1.772835 1.788853 4.428403 -17.625828 -10.703443 100.265903 1.548150 0.448399
Car -1 -1 -1.570668 941.666077 138.834915 970.137512 165.709579 1.563636 1.734144 4.251309 -2.486420 -27.013933 189.816564 -1.583766 0.336863
Car -1 -1 -1.553146 889.241699 134.664169 916.639404 159.662201 1.498457 1.755914 4.237012 -6.355028 -28.264908 195.887126 -1.585577 0.367145
Car -1 -1 1.643320 690.127502 136.081207 723.446716 165.975845 1.663001 1.713681 4.253972 -19.094207 -26.306622 184.913346 1.540425 0.192581
