Car -1 -1 -2.929409 365.984131 397.363800 629.153381 494.862579 1.378767 1.841807 4.387784 -9.256073 -1.679739 52.154895 -3.105053 3.578069
Car -1 -1 -0.780776 628.748535 335.474243 829.063599 415.251862 1.184470 1.769618 4.464717 -5.956353 -3.802293 62.858511 -0.875252 1.238692
Car -1 -1 0.241468 48.614132 413.400055 344.274872 530.327026 1.546108 1.884434 4.429796 -13.944527 -1.012292 48.721801 -0.037287 4.518890
Car -1 -1 -1.510558 652.907532 769.787842 884.516968 1028.542358 0.875578 1.750354 4.237852 -1.935565 3.107663 25.103500 -1.587509 3.436515
Car -1 -1 -1.651535 1023.691711 828.798340 1295.125122 1079.339966 1.233127 1.767605 4.266865 1.282380 3.838137 23.177318 -1.596262 2.438455
Car -1 -1 -1.779647 1347.000732 790.816162 1652.438843 1062.347412 0.904596 1.627106 4.232994 4.317539 3.264812 24.262178 -1.603537 3.320182
Car -1 -1 1.792585 261.516174 295.170563 367.706055 381.585999 1.573340 1.524248 4.245862 -17.181937 -5.019774 70.259263 1.552742 1.263816
Car -1 -1 1.749572 396.596069 296.671936 489.289093 373.043823 1.352495 1.500525 4.244731 -14.230310 -5.337790 71.769101 1.553832 1.186483
Car -1 -1 1.712636 510.227051 293.914734 606.249695 380.257690 1.543474 1.650122 4.238575 -10.998083 -5.060734 70.202985 1.557238 1.107664
Car -1 -1 -1.560959 932.285400 230.625977 993.989380 294.683167 1.601039 1.923887 4.247016 -0.976300 -9.316222 93.387934 -1.571412 0.789336
Car -1 -1 1.723632 464.063934 263.110107 552.968506 330.863159 1.465824 1.813474 4.251876 -14.320479 -7.196100 81.955014 1.550642 1.160605
Car -1 -1 1.763029 344.612701 273.691132 429.931366 345.307007 1.462259 1.405169 4.245247 -16.989567 -6.459004 77.704013 1.547772 1.223300
Car -1 -1 -1.574369 951.439087 162.810547 991.551697 201.321671 1.612317 1.881211 4.254551 -1.101327 -19.089648 146.131811 -1.581905 0.536469
Car -1 -1 1.652249 650.383423 290.787964 734.160278 363.986816 1.319381 1.721619 4.260676 -7.890116 -5.666840 73.199039 1.544874 1.105635
Car -1 -1 1.690660 565.058228 277.220154 638.560242 345.471252 1.337859 1.446330 4.246649 -11.025095 -6.506935 78.170539 1.550546 0.666500
Car -1 -1 -1.609112 1090.146484 135.790146 1122.008545 164.171082 1.551489 1.874791 4.244474 7.812878 -27.081832 189.359965 -1.567876 0.199057
Car -1 -1 1.654559 712.927612 242.471558 774.112610 298.919739 1.333629 1.575070 4.244340 -8.098920 -8.938226 90.716123 1.565517 0.413882
Car -1 -1 -1.556673 949.514282 142.311783 980.830383 170.337219 1.533978 1.817583 4.238807 -1.690651 -24.563424 175.225503 -1.566321 0.155062
Car -1 -1 1.626803 731.699585 217.135666 791.470032 278.557709 1.700202 1.747216 4.236942 -8.121114 -10.195908 97.190742 1.543438 0.429724
