Car -1 -1 -1.242590 1637.221802 572.760315 1866.352295 744.959167 0.973075 1.341585 4.229807 9.049199 1.560652 33.902786 -0.981755 3.280490
Car -1 -1 -1.549399 714.237610 407.249207 850.565613 546.476013 1.293360 1.883366 4.261054 -3.839560 -0.671596 44.964920 -1.634582 2.874650
Car -1 -1 -1.698609 1087.937622 723.230835 1324.972168 949.884644 0.730900 1.548085 4.250564 1.657130 2.716025 26.129783 -1.635275 2.681269
Car -1 -1 -1.401339 173.247925 695.251526 435.145691 917.660950 0.737319 1.588720 4.233717 -6.546999 2.452500 25.905979 -1.648878 2.654504
Car -1 -1 -1.580830 1214.717407 293.356262 1304.589111 368.372864 1.148734 1.748891 4.277390 6.151511 -4.907398 70.792564 -1.494152 1.180832
Car -1 -1 -1.652186 1267.222046 260.782837 1341.459839 323.294128 1.153591 1.530753 4.293129 8.414164 -6.827043 81.560093 -1.549384 1.095956
Car -1 -1 1.751270 331.237701 215.122238 410.730530 270.212830 1.272654 1.640528 4.261525 -21.072229 -9.068776 90.530976 1.522579 0.873871
Car -1 -1 -1.506218 830.570984 219.348755 905.693420 301.721283 1.794836 1.883571 4.731630 -4.510020 -7.682266 84.743777 -1.559387 0.449548
Car -1 -1 1.790270 203.976349 187.220215 277.787109 235.744171 1.300124 1.597728 4.255591 -29.438759 -11.735866 105.302507 1.517666 0.791064
Car -1 -1 -1.567217 817.910889 196.507553 869.943726 244.984421 1.228437 1.565594 4.256480 -6.549521 -11.334713 104.293292 -1.629934 0.534974
Car -1 -1 1.839393 66.449371 227.563248 176.800247 303.909790 1.512389 1.585322 4.303610 -25.853085 -7.193114 80.224857 1.527643 0.937530
Car -1 -1 1.729046 367.773499 174.171371 425.192749 215.669144 1.287804 1.604524 4.256743 -26.779166 -14.039396 119.115068 1.507905 0.508888
Car -1 -1 1.739057 353.954163 147.818481 407.716309 187.696472 1.436300 1.681877 4.248268 -30.313796 -16.778992 132.036010 1.513380 0.329889
Car -1 -1 1.807000 243.441391 159.020523 302.576935 199.003342 1.421482 1.591196 4.255861 -34.471989 -15.866944 128.514422 1.544935 0.329975
Car -1 -1 -1.578135 881.237854 149.215500 916.685120 180.038879 1.311099 1.768736 4.246395 -6.702516 -20.336231 157.330681 -1.620710 0.224393
