Car -1 -1 -1.690446 470.565643 484.478180 628.190552 630.673096 0.931574 1.518747 4.211649 -6.066508 0.206978 31.607584 -1.880072 3.185461
Car -1 -1 -1.745542 1346.686890 613.725403 1580.415039 825.125854 0.884370 1.714070 4.382153 5.528304 1.893487 24.659993 -1.525007 2.264901
Car -1 -1 -2.191117 62.150700 386.920074 292.616394 510.957916 1.452190 1.973917 3.233729 -13.905778 -1.343232 38.529274 -2.537482 0.829627
Car -1 -1 -1.597609 1049.222900 539.091064 1228.587769 726.060059 1.059843 1.916596 4.257922 2.163567 1.170362 27.885120 -1.520175 3.879903
Car -1 -1 -1.598043 1061.966064 336.690216 1161.977295 439.227753 1.340022 1.854367 4.254278 3.138167 -3.085323 46.635974 -1.530854 2.004354
Car -1 -1 -1.510731 840.604431 321.744049 946.760010 443.034851 1.517059 1.768210 4.552088 -1.413844 -2.998358 45.153654 -1.542032 1.325677
Car -1 -1 -1.579368 1035.560425 220.772186 1094.867798 272.107086 1.149502 1.785475 4.247445 3.535113 -10.186144 76.523827 -1.533204 1.038024
Car -1 -1 1.820051 454.840485 240.700104 546.666138 303.426727 1.212781 1.590934 4.291333 -14.223438 -8.127671 67.268546 1.611678 1.088072
Car -1 -1 1.909624 229.136444 250.888824 337.618439 316.380005 1.236234 1.517750 4.391007 -20.531036 -7.622222 65.992650 1.608005 1.001470
Car -1 -1 1.875779 355.653900 241.614410 450.735687 304.253143 1.249499 1.492187 4.278337 -17.353457 -8.148395 67.769910 1.625101 1.453005
Car -1 -1 -1.660497 1231.530273 253.393997 1307.822266 322.012573 1.341115 1.744533 4.240284 8.948219 -7.203503 63.890226 -1.521346 1.032392
Car -1 -1 -1.552695 1011.062012 273.953674 1083.963623 345.300842 1.201906 1.686558 4.233948 2.349532 -6.282057 60.460505 -1.513854 1.418877
Car -1 -1 1.802770 526.001831 218.243622 601.007324 271.303741 1.213944 1.379426 4.255616 -13.838063 -10.043456 75.324796 1.621084 1.080344
Car -1 -1 -1.607160 1144.260010 206.924759 1202.046631 259.008270 1.296739 1.827885 4.242552 7.764823 -11.236504 81.127494 -1.511739 0.962387
Car -1 -1 1.859830 397.412109 203.394241 466.619781 254.053589 1.287709 1.241710 4.244564 -20.084995 -11.561712 82.221105 1.620242 1.041867
Car -1 -1 1.855234 428.290863 213.886948 510.275055 274.810028 1.434166 1.391862 4.253064 -16.890285 -9.874336 74.708108 1.632889 0.890691
Car -1 -1 -1.525528 916.908447 224.825623 981.187866 303.963013 1.700296 1.568610 4.622464 -0.407359 -8.138869 67.316264 -1.531580 0.570997
Car -1 -1 1.732549 668.928711 159.552628 721.376038 200.882706 1.428815 1.691793 4.249603 -12.690851 -16.725214 103.171883 1.610157 0.615851
Car -1 -1 1.893719 318.213196 227.629654 402.118042 284.317719 1.242159 1.338232 4.243917 -20.358049 -9.459420 73.631705 1.623973 0.775514
Car -1 -1 -1.615126 1113.529175 159.489059 1154.494873 195.028732 1.325404 1.807083 4.266477 8.839195 -18.644844 113.260960 -1.537241 0.665627
Car -1 -1 1.761318 626.161011 183.981628 684.700989 227.906067 1.275439 1.471083 4.249180 -12.979443 -13.884590 91.851835 1.620939 0.751295
Car -1 -1 -1.551221 972.092651 141.935623 1010.239319 177.057343 1.516819 1.882393 4.245645 1.494266 -20.698499 120.411827 -1.538812 0.507484
Car -1 -1 -1.583745 1081.113281 133.138748 1114.410400 162.955231 1.443338 1.869658 4.272458 8.365334 -24.061509 135.468302 -1.522072 0.512739
Car -1 -1 1.821823 497.662628 191.430359 566.133423 242.593185 1.388861 1.410479 4.303137 -16.908096 -12.427662 85.572354 1.626748 0.653103
Car -1 -1 -1.566798 1019.057007 128.665741 1048.295166 156.406265 1.310864 1.669119 4.257440 4.519909 -25.445958 140.825420 -1.534713 0.368890
Car -1 -1 1.781023 567.329468 201.353943 633.508789 253.129730 1.323278 1.385317 4.242947 -13.524979 -11.457656 81.391404 1.616356 0.777871
Car -1 -1 1.781576 645.325256 152.486252 692.741150 182.854553 1.226456 1.655618 4.234869 -15.367945 -19.463695 115.281468 1.649050 0.439187
Car -1 -1 -1.565508 1037.250488 159.730637 1087.423950 225.973663 2.317771 1.825821 5.075475 4.144441 -14.041731 92.287571 -1.520631 0.203784
Car -1 -1 1.787899 549.329346 178.597351 607.773743 219.878677 1.213521 1.454003 4.251585 -16.556227 -14.551104 93.971638 1.613506 0.587430
Car -1 -1 -1.560641 970.141724 120.681206 1002.104736 151.980331 1.516686 1.801169 4.253015 1.501685 -25.468445 139.508662 -1.549877 0.345904
Car -1 -1 1.671316 714.174072 128.873077 756.681641 160.604538 1.444133 1.801983 4.236444 -14.252589 -24.423003 136.456176 1.567245 0.278227
Car -1 -1 -1.586749 1092.533081 112.989296 1120.619995 139.246246 1.462821 1.868420 4.264986 10.846183 -30.985509 164.890721 -1.521065 0.182239
