Car -1 -1 0.122033 546.826050 453.812256 830.768982 569.692627 1.391432 1.828534 4.131254 -4.839967 -0.336484 44.541121 0.013795 3.794161
Car -1 -1 2.774243 819.273682 462.846375 1143.476562 612.654053 1.470724 1.896541 4.201398 -0.193856 0.113668 41.965856 2.769624 4.997621
Car -1 -1 -0.003085 159.580475 398.881989 440.952148 512.693665 1.503893 1.862950 4.463023 -12.555251 -1.377751 50.242156 -0.247965 4.118922
Car -1 -1 -1.403954 320.522095 788.596863 559.772949 1004.172485 0.568467 1.342419 4.254671 -4.962029 2.987763 25.383137 -1.597004 4.615458
Car -1 -1 -1.533820 684.770203 745.820923 906.917419 997.239014 0.913478 1.766806 4.239196 -1.757911 2.940957 25.577311 -1.602441 3.500710
Car -1 -1 2.689810 1777.979126 428.759277 1919.413330 544.003479 1.415459 1.822747 4.021286 15.711724 -0.782547 46.942833 3.012790 1.034496
Car -1 -1 -1.787445 1358.687378 789.572144 1667.533203 1038.171753 0.709167 1.645457 4.395720 4.536962 3.125575 24.764329 -1.606249 3.873540
Car -1 -1 -1.747717 1304.991943 254.689758 1390.261963 325.032837 1.635624 1.755391 4.251894 10.799164 -7.524132 84.174146 -1.620118 0.921943
Car -1 -1 1.732436 394.021515 292.472595 493.241394 376.714783 1.507519 1.653917 4.242118 -14.106872 -5.223900 71.254283 1.536984 1.024425
Car -1 -1 -0.324248 904.362793 294.821686 1079.288940 367.740479 1.464674 1.849165 4.121484 -0.083612 -5.451859 73.036837 -0.325393 1.957580
Car -1 -1 -1.672706 1092.763306 871.496826 1405.097778 1078.736450 1.153296 1.824351 4.580991 1.861313 4.052899 21.708672 -1.587175 2.815735
Car -1 -1 1.713546 523.137329 298.177704 620.222229 376.785156 1.340038 1.778063 4.276168 -10.750541 -5.199247 70.898214 1.563059 0.822529
Car -1 -1 1.619738 640.796997 322.676025 722.396240 403.610809 1.237261 1.548583 4.254517 -7.379866 -4.238979 65.641884 1.507782 0.781781
Car -1 -1 1.787429 259.063812 313.318481 361.228943 385.518402 1.233217 1.476896 4.248541 -17.016741 -4.810819 69.019407 1.545700 1.232934
Car -1 -1 -1.618381 1027.064331 226.709290 1086.987427 286.244232 1.542758 1.908905 4.238424 2.275650 -9.994550 97.358922 -1.595011 0.771723
Car -1 -1 1.771105 340.852142 278.967224 425.299622 342.631104 1.253223 1.332999 4.256044 -17.376876 -6.639723 78.955987 1.554475 1.235946
Car -1 -1 1.282520 669.750610 287.283203 782.113586 360.337097 1.283375 1.720390 4.247460 -7.181001 -5.828086 73.930556 1.185692 0.449923
Car -1 -1 1.650789 698.249756 252.905136 762.615784 309.261200 1.254412 1.653905 4.249824 -8.143609 -8.150874 86.045150 1.556427 0.890725
Car -1 -1 1.657740 681.416443 163.888535 724.218079 197.152130 1.418843 1.779234 4.246613 -15.670648 -19.723281 149.574943 1.553353 0.353194
Car -1 -1 1.633390 728.296936 230.713364 786.783020 284.102051 1.374316 1.597545 4.250753 -8.147918 -9.885063 96.056764 1.548769 0.520684
Car -1 -1 1.644006 739.069641 208.950180 794.561768 256.777863 1.300343 1.701647 4.256254 -8.876240 -12.278766 108.855737 1.562645 0.428891
