Car -1 -1 -1.743231 1025.596313 437.478271 1197.025513 566.731201 0.916774 1.562697 4.331617 2.154428 -0.401122 41.329914 -1.691151 1.608996
Car -1 -1 -1.972475 1221.767212 377.651062 1419.777344 492.118774 1.014271 1.470079 4.552689 6.058688 -1.518594 47.194299 -1.844796 1.447681
Car -1 -1 -1.693738 727.263855 463.636749 904.477112 608.731873 0.855264 1.673507 4.342703 -2.012191 0.079761 37.179278 -1.747807 1.850237
Car -1 -1 1.781483 122.713593 233.095215 227.189041 301.533417 1.255569 1.614732 4.244184 -21.139458 -6.795204 74.815822 1.506109 1.212153
Car -1 -1 -1.605289 852.471436 346.472870 968.246338 485.904755 1.465724 1.652904 4.468722 -0.910484 -1.601450 46.873935 -1.624711 1.491192
Car -1 -1 -2.596758 1595.769165 301.710541 1834.534058 386.787079 1.125929 1.868674 4.587902 16.795673 -3.994941 62.180900 -2.332944 1.568224
Car -1 -1 -1.659554 949.971680 293.737122 1052.273804 380.751495 1.123645 1.657806 4.230386 0.805345 -3.981408 60.002277 -1.646133 1.192495
Car -1 -1 -1.673199 996.652100 253.234436 1098.737305 331.472687 1.297166 1.922007 4.250116 2.190720 -5.815244 70.987700 -1.642348 0.968744
Car -1 -1 1.851271 0.558931 252.730347 61.940132 331.253937 1.330790 1.506578 4.270556 -24.504875 -5.819670 70.925574 1.518610 1.075261
Car -1 -1 1.771810 182.713852 180.893021 256.688416 233.978973 1.329631 1.581086 4.256427 -25.791374 -10.873858 96.567423 1.510820 0.838665
Car -1 -1 -1.617577 941.554749 207.114777 1011.731384 269.539215 1.342746 1.638526 4.242775 0.424203 -8.545765 84.619731 -1.612564 0.757270
Car -1 -1 1.751353 240.046295 194.357239 324.632507 251.314163 1.306011 1.717091 4.252450 -21.649119 -9.482979 88.674135 1.511895 1.224125
Car -1 -1 1.790164 91.279976 209.153458 178.721832 270.045013 1.274170 1.498011 4.244431 -25.070396 -8.542275 84.394693 1.501406 1.033176
Car -1 -1 -1.577952 820.345276 160.547058 872.800171 209.703430 1.456961 1.771888 4.273189 -4.437639 -12.822462 106.669928 -1.619529 0.902313
Car -1 -1 1.819792 0.107654 200.717560 45.460957 271.861572 1.425110 1.375239 4.270798 -28.818612 -8.443682 83.388821 1.487049 0.616089
Car -1 -1 -1.564007 734.406250 177.247055 792.890686 228.625336 1.282714 1.808300 4.250597 -6.944409 -11.154197 97.611853 -1.635031 1.025690
Car -1 -1 1.713909 338.394257 158.318848 405.141022 208.888809 1.504424 1.871777 4.268195 -22.906369 -13.003646 107.980943 1.504875 0.802051
Car -1 -1 1.757450 240.862640 157.209015 310.311462 206.910492 1.397971 1.655311 4.377756 -26.816942 -13.172958 108.543110 1.515238 0.377645
Car -1 -1 1.791309 142.305893 165.168015 210.188614 212.762985 1.378764 1.557123 4.265328 -30.192002 -12.726301 106.831305 1.515878 0.566795
Car -1 -1 -1.628301 915.256531 166.304581 974.280518 213.625473 1.255664 1.830790 4.262374 -0.637322 -12.832260 107.354836 -1.634238 0.510873
Car -1 -1 1.843985 14.527673 154.980270 80.865929 204.192902 1.467558 1.481981 4.280558 -38.090626 -14.188378 116.009846 1.526736 0.427359
Car -1 -1 -1.611402 894.575500 132.268280 933.152405 166.734268 1.237921 1.621342 4.258476 -2.364599 -18.453737 137.425930 -1.628606 0.418112
Car -1 -1 1.730780 306.821350 141.622864 361.411316 182.281281 1.385657 1.631170 4.256961 -27.708429 -15.849555 122.822072 1.508896 0.328878
Car -1 -1 1.767160 206.627029 146.563782 267.658783 188.220581 1.270370 1.561080 4.265563 -30.905766 -15.137485 118.698003 1.512442 0.403983
Car -1 -1 -1.550310 743.652466 131.248276 782.689819 169.309921 1.343240 1.638254 4.284532 -9.512953 -17.792835 133.217055 -1.621598 0.310866
