Car -1 -1 0.989323 834.672852 369.964264 1015.052979 466.983002 1.281304 1.601275 4.038208 -1.420558 -2.482814 56.555554 0.964210 0.776780
Car -1 -1 -1.651247 1034.475830 811.824890 1275.902466 1050.659668 0.656146 1.672899 4.238367 1.363500 3.255010 24.746252 -1.596203 3.463491
Car -1 -1 1.854642 22.927183 427.009735 223.455185 611.363525 1.733896 1.408392 5.183907 -13.372302 -0.096653 42.875351 1.552315 1.830032
Car -1 -1 0.221340 1396.269775 410.187897 1698.956055 541.733459 1.624280 1.913231 4.619180 9.611912 -0.877359 47.589850 0.420633 4.313491
Car -1 -1 1.836274 39.140274 620.168945 293.646637 845.950500 1.179474 1.442508 4.280447 -8.748880 2.066089 29.679128 1.549611 2.818796
Car -1 -1 1.749272 362.153351 420.702972 502.389862 538.928345 1.147787 1.491412 4.263742 -9.510960 -1.060335 47.215017 1.550493 2.354876
Car -1 -1 1.694457 539.945862 304.688049 625.906982 380.124084 1.288277 1.528102 4.234374 -10.325912 -5.029897 69.948748 1.547894 1.280651
Car -1 -1 1.759096 274.642273 366.997040 396.774292 464.512817 1.243811 1.419650 4.237192 -13.393202 -2.559065 56.592754 1.526712 1.740377
Car -1 -1 1.429754 692.745789 317.132233 789.470764 395.877106 1.232997 1.569583 4.233434 -6.091152 -4.447145 66.313425 1.338158 1.129698
Car -1 -1 -1.510582 634.486572 829.451599 896.347778 1078.934448 1.500120 1.698358 4.379296 -1.734800 4.081261 22.434054 -1.587757 1.866115
Car -1 -1 -1.385302 192.111374 835.467163 534.895996 1079.455322 1.005017 1.858785 4.292243 -5.188146 3.701238 23.512261 -1.602479 1.834289
Car -1 -1 1.727455 441.830841 281.545380 528.057434 351.539062 1.347411 1.547696 4.247823 -13.867134 -6.124939 75.648360 1.546157 1.106880
Car -1 -1 -1.790762 1361.052490 843.699219 1705.296509 1078.739014 0.943872 1.853330 4.249297 4.506186 3.738011 23.758072 -1.603319 3.709876
Car -1 -1 1.827339 71.073433 384.050873 208.874893 484.153473 1.217121 1.377448 4.264675 -16.740876 -2.091061 54.542661 1.529535 1.723344
Car -1 -1 1.653594 688.392090 228.857758 757.207764 290.094604 1.594850 1.805850 4.246581 -9.089841 -9.433829 93.362123 1.556538 0.923109
Car -1 -1 1.620932 666.283081 275.237579 740.661316 341.347717 1.295109 1.674035 4.252627 -8.234881 -6.677049 78.856887 1.516881 1.261300
Car -1 -1 1.696613 579.535400 211.746323 640.956787 257.986786 1.337390 1.594745 4.248719 -14.861978 -12.007479 107.563412 1.559313 0.723912
Car -1 -1 1.654587 739.618286 215.093689 794.403992 265.091309 1.350748 1.533441 4.236228 -8.495695 -11.484135 104.549184 1.573505 0.683232
Car -1 -1 1.702092 584.255371 188.904861 637.771118 231.571426 1.420729 1.773630 4.255925 -16.830787 -14.674874 121.889921 1.564878 0.575774
Car -1 -1 -1.568559 933.795349 124.407364 960.740662 154.691818 1.865242 1.816168 4.405097 -3.367103 -30.219537 206.694925 -1.584847 0.223424
Car -1 -1 1.629772 757.835083 131.094208 790.047607 157.835007 1.537247 1.890105 4.253193 -15.736014 -28.848632 198.759080 1.550766 0.225224
Car -1 -1 -1.613311 1096.270020 135.939163 1124.231567 161.643463 1.478864 1.828957 4.223037 8.029668 -27.231610 189.317234 -1.570922 0.093781
Car -1 -1 1.673538 678.796448 164.652649 722.978149 198.557144 1.439496 1.765209 4.246562 -15.591747 -19.448923 148.042359 1.568605 0.381262
