Car -1 -1 0.242660 235.751358 360.464813 497.038361 452.744751 1.317001 1.883197 4.517134 -12.293511 -2.569007 44.595988 -0.026324 4.406904
Car -1 -1 2.803320 1605.805298 281.611359 1786.431030 350.652893 1.448200 1.841356 3.980612 20.259925 -6.060451 61.058130 3.123703 1.989149
Car -1 -1 0.137289 488.427826 321.953491 734.772400 403.696808 1.333991 1.921144 4.987024 -8.361153 -3.967240 50.957876 -0.025341 2.985759
Car -1 -1 1.687469 616.068359 207.699768 674.397034 258.191895 1.518493 1.711931 4.277600 -13.466011 -12.494455 90.413807 1.539618 0.685133
Car -1 -1 2.769824 1681.346558 270.083923 1839.871094 328.961487 1.339496 1.850893 3.792982 24.532057 -7.283334 67.532519 3.118265 0.706090
Car -1 -1 2.716571 1833.188843 261.241852 1918.468872 317.727203 1.353538 1.875679 4.093542 30.810258 -7.983950 71.284891 3.124535 0.495603
Car -1 -1 1.656297 693.859131 208.674713 744.565857 260.459381 1.450412 1.576202 4.273894 -10.184350 -12.210765 88.801959 1.542110 0.709259
Car -1 -1 2.790081 1626.805054 258.335724 1764.560181 306.438354 1.192409 1.865201 3.654940 23.774389 -8.315097 71.318072 3.111853 0.593491
Car -1 -1 1.675699 641.378906 198.357025 690.896667 243.280273 1.506572 1.568761 4.249019 -13.831491 -14.445509 100.004784 1.538263 0.591337
Car -1 -1 1.678671 667.541504 183.220001 714.993958 228.056412 1.666938 1.607451 4.337130 -13.361318 -15.846396 105.397499 1.552573 0.422213
Car -1 -1 1.616192 748.368530 175.573700 788.514343 213.784912 1.614767 1.828126 4.304096 -10.864183 -18.421158 117.858729 1.524272 0.302040
Car -1 -1 0.185126 1299.083618 156.927597 1376.510986 188.107727 1.536415 1.813921 4.204156 23.226582 -23.158361 138.597358 0.351166 0.107303
Car -1 -1 1.663015 709.103333 201.894272 756.153564 246.928284 1.500206 1.605139 4.276918 -10.662877 -14.301959 99.310117 1.556055 0.228515
