Car -1 -1 -0.644331 543.507751 373.570709 774.471313 468.491058 1.175386 1.828007 4.033512 -6.579124 -2.396396 54.914524 -0.763569 2.812836
Car -1 -1 -1.518870 661.823303 801.688660 882.395752 1035.042358 0.640582 1.608754 4.237038 -1.878020 3.137383 24.671712 -1.594844 4.014035
Car -1 -1 -0.025763 904.189331 453.225067 1182.125244 570.638977 1.427278 1.833359 4.198241 0.808755 -0.306062 44.546951 -0.007610 4.336874
Car -1 -1 0.256202 1.239390 465.790802 317.245087 578.994629 1.378384 1.898448 4.424920 -13.349520 -0.155275 44.402623 -0.035849 2.724348
Car -1 -1 -1.768407 1353.268311 810.619751 1641.656616 1056.544312 0.682853 1.547801 4.223457 4.336870 3.243692 24.432563 -1.592733 3.161095
Car -1 -1 -0.061640 47.364491 410.515564 329.971252 508.325073 1.227877 1.888874 4.341065 -14.806375 -1.466829 50.832538 -0.345076 2.905397
Car -1 -1 -1.662472 1059.790649 844.137207 1309.166260 1078.590698 1.170273 1.552457 4.228549 1.502860 3.903521 23.084496 -1.597461 4.095474
Car -1 -1 1.788327 268.110535 290.167755 382.628723 381.524780 1.644508 1.704244 4.423430 -17.004228 -5.086986 70.666632 1.552191 0.787543
Car -1 -1 -1.558781 938.209595 219.283386 987.572205 268.746094 1.309665 1.623972 4.233721 -1.107038 -11.348326 104.633319 -1.569361 0.782807
Car -1 -1 1.763475 407.718170 292.903229 503.734192 379.089996 1.548473 1.507474 4.238817 -13.728656 -5.135010 70.969815 1.572391 1.074457
Car -1 -1 1.692648 519.246338 293.253662 607.354309 377.625885 1.536922 1.593222 4.231628 -10.941159 -5.145290 70.695061 1.539100 1.151092
Car -1 -1 -1.562024 910.527893 265.452301 976.944092 325.956177 1.285402 1.792437 4.240006 -1.445055 -7.418371 83.002707 -1.579432 1.001952
Car -1 -1 1.769126 376.623474 260.170990 453.221375 323.113861 1.334170 1.266008 4.243067 -17.477214 -7.613500 83.810868 1.563540 0.788405
Car -1 -1 -1.607816 1025.683105 215.458206 1078.155029 263.297089 1.342269 1.804931 4.258717 2.331587 -11.977292 108.567575 -1.586343 0.851821
Car -1 -1 -1.575603 958.828064 177.090897 1000.453064 215.033279 1.498080 1.812973 4.234973 -0.627185 -17.100303 135.948397 -1.580216 0.595024
Car -1 -1 1.703271 583.222046 240.497910 652.538635 312.942413 1.719601 1.626603 4.249450 -11.578670 -8.052918 86.095755 1.569587 0.737484
Car -1 -1 1.716186 533.377502 218.390564 602.143860 284.986725 1.723595 1.464646 4.665409 -14.622580 -9.837155 95.400557 1.564094 0.442993
Car -1 -1 1.779042 326.905487 276.390656 409.745514 350.233154 1.514684 1.305536 4.242055 -17.604503 -6.341634 78.022831 1.557125 0.961356
Car -1 -1 1.717523 497.532013 255.175797 566.975525 314.353516 1.277538 1.392566 4.245798 -14.300027 -8.048704 86.158315 1.553048 0.891589
Car -1 -1 -1.551603 956.256226 156.588501 989.570435 185.711441 1.420597 1.821429 4.244570 -1.132356 -22.508927 165.981172 -1.558425 0.330541
Car -1 -1 -1.583672 972.824829 139.645813 1001.489075 164.873795 1.368034 1.734236 4.244602 -0.339317 -27.300932 191.036586 -1.585448 0.379084
Car -1 -1 1.690066 619.041138 198.997055 669.126831 238.216858 1.246938 1.468388 4.223530 -14.958817 -14.079519 118.901587 1.564915 0.542200
Car -1 -1 1.582808 664.903687 189.033936 713.686584 224.603668 1.149781 1.544130 4.262197 -13.548113 -15.176699 123.333544 1.473398 0.324129
Car -1 -1 1.700145 557.714233 276.238708 635.747070 344.502838 1.364053 1.549336 4.255511 -11.287928 -6.609873 79.065990 1.558338 1.029758
Car -1 -1 1.689526 590.312805 208.022812 642.713745 252.849640 1.231717 1.483674 4.245083 -14.761540 -12.354999 108.606947 1.554437 0.485253
Car -1 -1 1.736762 460.441803 278.495422 536.419189 341.542908 1.302717 1.348049 4.256923 -14.245782 -6.669408 79.501560 1.559455 0.921866
Car -1 -1 1.630545 773.530701 195.326355 819.345093 237.306992 1.365731 1.674465 4.233038 -8.374062 -14.059702 118.616814 1.560064 0.312931
