Car -1 -1 -0.980710 801.988281 338.568970 980.139465 432.227661 1.358009 1.562722 4.409127 -2.185071 -3.354419 60.525836 -1.016796 1.100079
Car -1 -1 -1.761853 1359.200195 748.288940 1625.513672 1009.680847 0.952483 1.457035 4.489455 4.555263 3.045319 25.846961 -1.587405 1.532306
Car -1 -1 -1.623992 1015.848206 755.284973 1248.077148 1013.909485 0.940801 1.764743 4.241060 1.174556 3.046049 25.344446 -1.577681 2.686191
Car -1 -1 -1.501619 675.492126 734.328552 909.094482 1008.102478 1.015833 1.707070 4.563436 -1.725727 2.968066 25.419236 -1.569405 1.600772
Car -1 -1 1.761273 384.087494 293.192230 491.124695 382.207794 1.575709 1.722474 4.263445 -13.967903 -5.003409 69.858868 1.563931 1.063432
Car -1 -1 1.796817 245.789291 319.746735 347.865387 396.756500 1.263575 1.362082 4.240678 -16.893511 -4.461820 67.299387 1.550878 1.205562
Car -1 -1 1.707763 510.527679 302.530151 598.720703 380.337555 1.350824 1.559546 4.235184 -11.125800 -5.065292 70.456625 1.551146 1.342874
Car -1 -1 -1.588605 957.891357 265.525940 1024.873291 347.638306 1.798352 1.569595 4.629264 -0.065972 -6.445386 78.571353 -1.589445 0.481277
Car -1 -1 1.731549 457.966553 269.004486 540.612244 339.505219 1.420099 1.543281 4.249651 -14.161757 -6.776164 79.539174 1.555348 1.210251
Car -1 -1 -1.575297 930.046631 223.957077 982.519409 273.830231 1.313559 1.740343 4.245743 -1.315480 -10.773328 101.153350 -1.588301 0.916410
Car -1 -1 1.720915 509.855530 240.190659 586.029907 305.409729 1.549982 1.630748 4.273604 -14.309419 -8.603102 89.202324 1.561855 0.828410
Car -1 -1 -1.556398 931.986877 157.424454 970.077026 194.826920 1.629783 1.837279 4.245671 -2.233816 -19.938821 150.243282 -1.571265 0.499516
Car -1 -1 -1.601511 1091.473999 133.668198 1125.733521 165.107117 1.762012 2.091503 4.286618 7.893144 -26.953636 188.621741 -1.559689 0.119622
