Car -1 -1 -2.332591 40.496922 286.516907 233.042801 383.214386 1.749259 1.900280 4.520092 -21.799815 -4.666675 56.752594 -2.699333 1.841045
Car -1 -1 -1.609902 1163.175659 455.256287 1282.809570 571.316833 0.972149 1.671505 4.228829 4.360005 -0.313114 37.400953 -1.493851 2.769432
Car -1 -1 -1.508269 841.083435 651.967224 1024.933838 861.150269 0.858791 1.690097 4.214850 -0.306114 2.482923 25.242370 -1.520396 2.537411
Car -1 -1 2.944946 1683.362061 280.132568 1899.700684 370.617279 1.826942 2.023209 4.890451 22.297053 -5.060429 58.936527 -2.976558 2.136357
Car -1 -1 -1.181744 6.008739 725.191040 396.036865 1050.543701 1.106912 1.967793 4.527121 -7.118662 3.284723 20.416959 -1.517228 3.771428
Car -1 -1 -1.516767 990.489319 371.828308 1093.486206 469.366669 1.163193 1.820246 4.248914 1.580422 -2.173207 45.307810 -1.481899 1.505351
Car -1 -1 1.781569 637.214722 234.555466 709.554138 289.582916 1.389007 1.617491 4.255108 -10.844928 -9.613243 79.990342 1.646812 0.827422
Car -1 -1 -1.466620 899.901184 310.638367 988.100952 404.726868 1.543401 1.678729 4.410151 -0.569313 -4.012325 54.473051 -1.477071 1.012061
Car -1 -1 -1.610728 1135.591309 296.796661 1212.373291 367.145172 1.181816 1.801228 4.237369 5.740238 -5.424596 60.921067 -1.516781 1.912084
Car -1 -1 -1.621776 1199.280884 258.090393 1264.688232 314.586670 1.238105 1.794438 4.249696 9.088607 -8.241668 74.898213 -1.501021 0.960041
Car -1 -1 -1.539788 1014.053040 289.478058 1081.804810 354.811249 1.211137 1.690556 4.240992 2.377599 -5.965338 63.646835 -1.502450 1.448018
Car -1 -1 1.754978 683.955627 220.339142 745.484558 272.144989 1.443545 1.474300 4.256951 -10.200949 -11.133507 87.360729 1.638737 0.721600
Car -1 -1 -1.564274 1069.273560 209.494034 1118.061768 264.849762 1.669556 1.852674 4.468771 5.345907 -12.054175 92.305627 -1.506424 0.434130
Car -1 -1 1.818098 516.844849 237.153961 593.315491 291.657410 1.374234 1.551596 4.265002 -15.085909 -9.479659 79.427406 1.630400 0.985767
Car -1 -1 1.864008 430.076202 239.677124 511.479279 289.679138 1.246509 1.555813 4.269449 -18.374434 -9.637258 80.262542 1.638957 1.081966
Car -1 -1 -1.613453 1117.708496 191.065033 1161.362061 225.718765 1.307085 1.884121 4.237360 8.981868 -16.668192 113.957544 -1.534798 0.637443
Car -1 -1 1.737288 716.992981 205.836945 771.852844 252.547165 1.510456 1.546421 4.246520 -9.891957 -12.950756 95.819722 1.634417 0.775089
Car -1 -1 1.675747 854.106995 146.861649 883.694641 170.082352 1.441254 1.739634 4.254032 -7.785601 -28.989836 171.375354 1.630348 0.226792
Car -1 -1 1.647493 913.435425 136.381760 939.132080 162.045898 1.736048 1.785706 4.361704 -3.633357 -32.963899 190.744227 1.628447 0.136719
Car -1 -1 -1.581054 1114.553101 144.048477 1136.815918 162.895966 1.339369 1.728953 4.278802 13.473074 -31.814397 184.975991 -1.508346 0.202786
Car -1 -1 1.706346 824.538513 146.188690 852.328857 167.449814 1.376476 1.671413 4.248238 -10.397723 -29.583773 173.801324 1.646592 0.213703
