Car -1 -1 0.268636 1.580116 449.772858 294.396423 583.583984 1.591386 1.857435 4.302851 -13.550301 -0.137107 43.776490 -0.031544 2.475499
Car -1 -1 1.747330 384.243011 292.839325 488.104889 381.455994 1.594995 1.676293 4.427251 -14.056523 -5.024015 70.081269 1.549382 0.728880
Car -1 -1 -2.869768 1712.008545 347.538116 1917.830933 437.823273 1.335073 1.838348 4.655436 18.761844 -3.250664 61.497235 -2.573653 0.997912
Car -1 -1 -0.025149 891.763855 454.135254 1194.344360 569.472046 1.393947 1.862303 4.538275 0.810896 -0.319877 44.782365 -0.007043 4.200487
Car -1 -1 1.783778 249.953308 298.367126 358.511383 384.864014 1.555299 1.616258 4.246666 -17.325223 -4.908401 69.797871 1.540476 1.046032
Car -1 -1 -1.521280 657.714050 766.373535 884.257874 1006.113953 0.806639 1.750780 4.263468 -1.964917 3.032450 25.550689 -1.598032 1.907797
Car -1 -1 0.174938 319.370758 414.223297 599.487305 536.203369 1.597821 1.857586 4.259215 -9.092183 -0.900826 47.573669 -0.013902 4.130355
Car -1 -1 -1.642294 1000.706055 830.429993 1241.563477 1076.027954 0.613429 1.630628 4.238413 1.009428 3.295528 23.787957 -1.599885 3.102135
Car -1 -1 1.717934 507.617401 313.397400 605.366577 386.826782 1.219546 1.636685 4.248266 -10.764499 -4.774398 68.526632 1.562122 1.178390
Car -1 -1 -1.777385 1361.924683 786.919678 1625.317017 1032.493408 0.801075 1.399177 4.233510 4.410201 3.168156 24.959450 -1.602496 2.224574
Car -1 -1 -0.162708 142.033401 388.209229 379.906006 488.363434 1.367834 1.852515 3.944088 -14.352839 -1.927829 54.218948 -0.421492 2.277623
Car -1 -1 1.766047 354.412964 262.674438 445.505280 332.463287 1.464736 1.633865 4.242551 -17.503425 -7.169088 81.795230 1.555236 0.980729
Car -1 -1 -3.091031 506.603088 403.695770 752.278748 506.579956 1.414523 1.838960 4.266885 -6.676707 -1.461418 51.057741 3.062124 1.876956
Car -1 -1 -0.304896 520.157654 379.992737 754.705872 463.361328 1.143274 1.880942 4.034694 -7.057473 -2.407886 55.172787 -0.432121 0.736405
Car -1 -1 1.677662 663.699707 211.937744 717.796997 258.182709 1.335574 1.622201 4.251224 -11.718834 -12.033211 107.741509 1.569320 0.619631
Car -1 -1 -1.610238 1034.254883 199.205322 1081.855103 239.614975 1.307937 1.757215 4.247596 2.801631 -13.943089 118.368374 -1.586574 0.666808
Car -1 -1 1.727501 446.980865 281.931732 521.840393 348.057892 1.283329 1.269267 4.240378 -14.355494 -6.469745 78.231430 1.546020 1.048902
Car -1 -1 1.679545 644.185852 311.231262 727.076294 386.597595 1.300282 1.601065 4.237903 -7.573812 -4.766631 68.476266 1.569388 0.919135
Car -1 -1 -1.573934 937.617432 171.115677 975.503540 204.495529 1.390931 1.799210 4.249637 -1.845833 -18.577218 143.600360 -1.586787 0.632867
Car -1 -1 1.730751 501.708191 256.111938 573.075439 315.908356 1.309680 1.444927 4.236912 -14.168085 -7.986131 86.130030 1.567714 0.950755
Car -1 -1 1.683700 587.460999 209.174103 644.204041 252.944916 1.325338 1.658031 4.246817 -15.232706 -12.701051 111.826699 1.548316 0.601914
Car -1 -1 -1.549693 869.040833 173.515976 907.615601 210.407928 1.403642 1.646118 4.235227 -5.192792 -17.521876 137.370233 -1.587476 0.648663
Car -1 -1 1.671788 651.007751 171.811188 697.831116 212.204697 1.604451 1.746421 4.260604 -15.678909 -17.310969 136.496053 1.557422 0.383629
Car -1 -1 -1.562642 974.929138 157.419540 1009.936646 187.118774 1.280080 1.742682 4.251457 -0.015258 -21.458666 158.819679 -1.562738 0.324838
Car -1 -1 -1.672581 1175.504883 188.807877 1224.028931 227.218994 1.349249 1.722166 4.245741 9.713700 -15.748671 128.939725 -1.597388 0.420146
Car -1 -1 1.656170 685.283691 256.762726 748.854187 318.409607 1.356367 1.526643 4.244923 -8.409384 -7.778405 84.652065 1.557155 0.999511
Car -1 -1 1.652283 707.445557 242.950729 769.266968 298.901581 1.338132 1.553214 4.247871 -8.405406 -9.050452 91.842539 1.561018 0.715201
Car -1 -1 1.673675 595.288269 261.419220 661.964783 317.930817 1.290981 1.518969 4.245315 -11.195089 -7.834458 85.272758 1.543136 0.933602
Car -1 -1 1.636117 733.782898 217.761063 791.286377 271.943756 1.467136 1.669235 4.261254 -8.315490 -10.690034 99.943975 1.553106 0.693818
Car -1 -1 1.655260 705.883972 157.231461 740.838928 188.373001 1.444112 1.592538 4.229785 -15.780825 -21.980135 162.885743 1.558679 0.228034
Car -1 -1 -1.578570 1034.009888 167.254257 1078.015137 211.598618 1.880583 1.842462 4.610985 3.081655 -16.987685 134.858464 -1.555723 0.172350
Car -1 -1 1.691987 549.266235 283.446198 634.006653 349.502716 1.269617 1.654660 4.251427 -11.231510 -6.335038 77.554006 1.548166 1.029113
Car -1 -1 -1.390747 1081.657471 163.805801 1125.745850 196.398056 1.488768 1.758878 4.251789 6.045905 -19.703908 149.377026 -1.350295 0.188660
Car -1 -1 1.671009 729.042908 139.375977 762.708679 173.319717 1.501471 1.814827 4.239825 -16.201989 -25.554347 181.424837 1.581941 0.166175
Car -1 -1 -1.571394 933.251526 131.214691 960.309875 155.227158 1.418272 1.731633 4.244542 -3.396280 -29.868060 204.709448 -1.587983 0.226539
Car -1 -1 1.754526 405.583832 238.868484 481.452972 296.978790 1.461792 1.634036 4.235604 -17.774615 -8.851122 89.729070 1.558966 0.435806
Car -1 -1 -1.574195 981.873840 133.592316 1011.770874 160.152359 1.462439 1.840022 4.241407 0.269746 -28.417679 196.693848 -1.572824 0.141757
Car -1 -1 1.653295 724.136353 168.494003 760.875793 201.773438 1.403653 1.565941 4.239026 -13.030375 -18.759808 144.230998 1.563196 0.138633
