Car -1 -1 -1.716734 1187.476562 507.719391 1346.646851 637.986938 0.985278 1.624817 4.284448 4.001974 0.383149 40.917270 -1.619237 2.030577
Car -1 -1 -1.495275 693.638000 658.390259 872.975586 846.872620 0.896747 1.630669 4.234676 -2.254036 2.232459 30.829438 -1.568258 2.431469
Car -1 -1 -1.534296 778.651794 473.020081 907.862183 591.372803 1.031507 1.807688 4.265698 -2.345007 -0.212022 43.994849 -1.587547 2.160800
Car -1 -1 -1.596187 973.741455 375.583191 1089.535522 510.275940 1.725727 1.802784 4.592956 0.665840 -1.511143 50.468438 -1.582995 1.103461
Car -1 -1 1.732150 439.600067 270.592712 529.387695 345.691376 1.542030 1.679383 4.248962 -14.340674 -6.502657 78.206410 1.550795 1.220931
Car -1 -1 -1.639307 1089.078247 337.124908 1192.117920 428.961823 1.380886 1.913794 4.267409 3.268535 -3.472665 61.748924 -1.586423 1.037340
Car -1 -1 1.669106 641.682495 304.850861 720.516235 379.425385 1.278963 1.477623 4.244623 -7.877023 -5.065628 70.225056 1.557404 1.218405
Car -1 -1 -1.532570 879.349915 323.277557 962.801392 398.079315 1.212970 1.755392 4.236604 -1.715451 -4.446216 67.344898 -1.558037 1.225356
Car -1 -1 -1.814768 1422.627441 900.134521 1796.637329 1080.000000 0.975212 1.834335 4.214859 4.825897 4.083463 22.313287 -1.601769 3.469729
Car -1 -1 -1.602229 991.480225 257.112915 1056.461182 313.194366 1.221298 1.817258 4.237811 0.995806 -8.233317 87.746539 -1.590881 1.045995
Car -1 -1 -1.553149 914.493469 237.601990 970.871704 288.840179 1.260714 1.737462 4.232635 -1.696399 -9.783945 96.197266 -1.570782 1.233558
Car -1 -1 -1.595568 1020.190613 208.967667 1069.905518 254.646667 1.293895 1.694668 4.257311 2.123395 -12.521942 110.803503 -1.576406 0.635291
Car -1 -1 1.677330 623.274231 224.422989 689.868103 280.252075 1.460982 1.783996 4.255415 -11.900404 -10.275788 98.235106 1.556776 0.812206
Car -1 -1 1.804943 271.534729 229.938019 356.683746 281.626862 1.429900 1.717758 4.256348 -24.181793 -10.242389 98.733105 1.564750 0.740111
Car -1 -1 -1.543393 860.170166 203.629150 908.793152 247.987320 1.322736 1.780293 4.241635 -4.407018 -12.960672 112.638061 -1.582499 0.897297
Car -1 -1 1.684278 599.242554 203.457230 652.399353 243.085388 1.277747 1.607177 4.251696 -15.370720 -13.529556 116.096341 1.552647 0.668673
Car -1 -1 -1.565536 947.561035 172.133026 989.153992 212.706345 1.592565 1.900289 4.247375 -1.183120 -17.386625 137.171487 -1.574161 0.464911
Car -1 -1 -1.586575 1010.389954 183.244812 1054.892578 222.534271 1.441603 1.826092 4.222923 1.859447 -15.646535 127.025829 -1.571938 0.596787
Car -1 -1 -1.543887 874.382202 164.366928 911.571594 203.589310 1.605606 1.733813 4.235594 -5.182932 -18.786016 144.494258 -1.579741 0.387261
Car -1 -1 -1.586027 999.112366 153.778168 1033.868408 182.324707 1.400876 1.819422 4.250558 1.443806 -22.681291 165.982390 -1.577329 0.391121
Car -1 -1 -1.575697 988.531555 137.930786 1017.662537 165.339020 1.581214 1.766073 4.311395 0.660289 -27.089162 189.763524 -1.572217 0.193171
Car -1 -1 -1.558643 935.738037 155.095886 971.401855 191.535110 1.583218 1.864913 4.252681 -2.148558 -20.969486 156.388453 -1.572380 0.284189
Car -1 -1 1.740557 469.684631 169.329468 524.452881 214.526962 1.847830 1.797537 4.381703 -24.639683 -17.303653 137.077003 1.562705 0.233001
Car -1 -1 1.648192 677.152954 279.369629 753.352356 347.097321 1.319496 1.623733 4.241150 -7.749270 -6.406012 77.536570 1.548579 0.630550
Car -1 -1 1.690361 653.163269 156.967865 691.013062 184.810440 1.279866 1.549189 4.254347 -18.897411 -22.143765 163.056528 1.574981 0.205273
