Car -1 -1 -1.533845 696.760010 824.642029 931.286865 1075.635742 0.643939 1.721880 4.261518 -1.474888 3.279957 23.782297 -1.595782 2.963731
Car -1 -1 1.812962 163.574432 401.268280 314.212494 521.069702 1.384594 1.441056 4.265000 -13.407523 -1.332929 49.442026 1.548153 2.554734
Car -1 -1 0.976039 809.411377 358.007263 995.317200 453.825470 1.267987 1.786913 3.874278 -1.887675 -2.818442 57.799909 0.943392 1.206602
Car -1 -1 1.797936 193.699188 513.697327 382.322418 670.157471 1.147309 1.444029 4.293663 -9.349000 0.702988 37.016892 1.550549 2.908805
Car -1 -1 1.997295 19.009159 288.794189 143.953598 358.634918 1.338681 1.474084 4.263519 -25.186214 -6.038561 76.585427 1.679572 1.314171
Car -1 -1 1.890027 0.000000 533.205139 132.018524 709.851257 1.330460 1.837965 4.340261 -13.015628 1.148563 36.655748 1.548836 2.322763
Car -1 -1 -1.790872 1368.802979 831.908325 1658.627808 1073.586548 0.586776 1.447711 4.218871 4.442661 3.323454 24.155735 -1.608987 3.012166
Car -1 -1 -1.674594 1051.032471 837.222595 1314.733887 1079.124878 1.065343 1.707928 4.253397 1.505125 3.800095 23.526509 -1.610705 3.021646
Car -1 -1 1.437186 681.681213 312.063110 781.506775 389.055603 1.245836 1.706101 4.259186 -6.481952 -4.721257 68.168429 1.342384 0.970169
Car -1 -1 -1.387883 147.693604 916.327026 518.035522 1078.885742 0.968837 1.817883 4.266882 -4.825317 4.113304 21.060475 -1.613113 2.751015
Car -1 -1 1.826640 203.139496 250.076233 290.279236 307.135315 1.327343 1.512857 4.248565 -24.496052 -8.697866 90.896443 1.563400 1.017031
Car -1 -1 -1.667253 985.353577 246.850235 1066.459961 316.475281 1.556102 1.948001 4.285342 1.006996 -8.048973 86.527805 -1.655616 0.638540
Car -1 -1 -1.578452 1019.125427 185.015305 1064.976440 228.573288 1.558658 1.869871 4.244144 2.261880 -15.442430 127.014112 -1.560646 0.541491
Car -1 -1 1.611176 780.686401 166.964310 815.704163 201.594803 1.466142 1.613079 4.252001 -10.146954 -18.811575 144.423485 1.541033 0.480033
Car -1 -1 1.649854 722.034180 150.606857 759.928345 181.926743 1.469715 1.804869 4.252025 -14.587405 -21.971446 160.369184 1.559143 0.222574
