Car -1 -1 -1.420749 78.035034 674.309143 383.178925 940.654602 0.870303 1.730648 4.307117 -6.319388 2.394099 24.527781 -1.672907 2.409834
Car -1 -1 1.828665 0.923495 273.592834 103.700203 369.020660 1.509081 1.822947 4.268458 -21.048549 -4.390898 63.413574 1.508183 1.302272
Car -1 -1 -1.717793 940.923828 242.370224 1035.982056 307.914764 1.186823 1.693825 4.300061 0.688783 -6.573047 74.235405 -1.708515 0.815426
Car -1 -1 -1.562743 716.474121 241.752701 804.081421 327.346558 1.412465 1.937926 4.266534 -5.038349 -5.811423 69.668768 -1.634936 1.113803
Car -1 -1 -1.600013 765.491455 201.923645 837.312866 264.883087 1.357323 1.875218 4.226160 -4.853885 -8.617106 84.013135 -1.657724 0.834630
Car -1 -1 1.778086 78.398743 210.321152 176.488556 270.436584 1.229913 1.510961 4.253574 -24.964752 -8.377683 83.052392 1.486088 0.986523
Car -1 -1 1.826779 0.069525 248.015808 66.336670 316.244781 1.254046 1.770919 4.274103 -24.813926 -6.172179 72.158296 1.495565 1.111334
Car -1 -1 1.777125 138.643204 159.618912 209.630936 212.286606 1.465475 1.577855 4.249874 -30.609163 -12.953045 107.830291 1.500537 0.665839
Car -1 -1 -1.744180 1451.237183 282.844086 1583.029053 437.826691 1.951579 1.554900 4.945528 10.943342 -2.785784 55.024111 -1.547859 1.082854
Car -1 -1 -1.605456 913.661316 181.967743 965.648438 228.425491 1.193152 1.727918 4.255211 -0.813850 -11.588039 101.665257 -1.613461 0.550590
Car -1 -1 -1.614954 946.371704 197.341537 1012.067932 252.598587 1.186363 1.787065 4.276588 0.510503 -9.513511 89.485696 -1.609250 0.859555
Car -1 -1 -1.555101 741.010376 149.366913 790.787842 198.222427 1.535879 1.865607 4.251057 -8.045076 -14.157219 114.205255 -1.625428 0.619932
Car -1 -1 1.698577 385.662384 179.416595 452.560486 230.556641 1.302257 1.681258 4.255732 -18.832378 -10.959570 96.553823 1.505950 0.826629
Car -1 -1 -1.575518 811.321533 145.197556 854.431213 183.358078 1.243124 1.627274 4.261468 -5.787095 -16.197649 125.619031 -1.621554 0.538254
Car -1 -1 1.822743 0.283207 155.899139 42.383018 200.054718 1.414660 1.660182 4.241698 -40.595654 -14.567104 118.325184 1.492242 0.306169
Car -1 -1 -1.625928 893.630798 144.759308 939.978210 180.389099 1.229710 1.789106 4.275789 -1.994543 -15.880860 122.646026 -1.642189 0.289631
Car -1 -1 1.754578 209.844818 146.764969 265.248566 189.157349 1.330566 1.611722 4.246074 -30.700808 -14.979721 117.739442 1.499505 0.509717
Car -1 -1 -1.610686 893.094360 168.259171 940.028381 208.892685 1.198748 1.533080 4.233831 -1.750453 -13.282814 110.550643 -1.626518 0.411262
Car -1 -1 1.720951 266.188477 137.643173 319.160522 175.313843 1.273173 1.624665 4.264540 -31.074182 -16.995976 129.044282 1.484648 0.251033
