Car -1 -1 -1.062219 1711.343018 434.695160 1920.956787 579.561829 1.260054 1.795133 4.071594 13.565919 -0.637063 33.822847 -0.680776 1.113700
Car -1 -1 0.376623 0.000000 235.485382 133.414459 314.816833 1.527240 1.863535 4.221404 -23.950069 -6.803294 56.002838 -0.027497 1.291008
Car -1 -1 2.743396 1638.049927 221.065643 1834.608643 298.040802 1.754438 1.993689 4.655608 23.159388 -8.383082 65.321254 3.084115 2.127284
Car -1 -1 -1.707445 793.053711 273.559937 897.158020 355.283600 1.177668 1.704444 4.273336 -2.873000 -5.678629 52.875247 -1.761727 1.153251
Car -1 -1 0.416488 1.026375 281.996399 114.931328 364.697632 1.361503 1.913883 3.920143 -21.858526 -4.959857 49.623851 0.001575 0.724250
Car -1 -1 2.825401 1426.375854 228.892883 1593.540527 293.944092 1.439866 1.874318 3.995993 16.275507 -8.434042 65.040173 3.070603 2.224581
Car -1 -1 2.875152 1358.645264 203.659683 1514.832275 256.791107 1.398810 1.852049 4.532074 16.557702 -11.032597 75.966626 3.089756 0.420571
Car -1 -1 2.807089 1571.159790 213.332611 1715.029907 262.832214 1.258390 1.857020 4.103758 23.530210 -10.782617 75.532379 3.109085 0.654748
Car -1 -1 1.559974 822.504639 133.808838 867.540283 181.968094 1.833439 1.845182 4.299706 -5.514415 -18.192650 102.975829 1.506474 0.629576
Car -1 -1 -1.567377 898.128296 191.429871 971.458557 286.460083 2.026800 1.900141 4.737348 -0.840397 -8.957705 65.906707 -1.580127 0.371513
Car -1 -1 2.691053 1838.368652 214.357605 1918.842651 269.505707 1.388718 1.845683 3.764119 32.741318 -10.563240 75.401434 3.100713 0.223994
Car -1 -1 -1.945127 1731.830933 159.583878 1800.707764 193.499130 1.025914 1.271285 4.244822 36.132350 -16.868482 97.920245 -1.591629 0.580891
Car -1 -1 -1.974201 1795.954590 151.515076 1871.074951 192.541260 1.332022 1.342213 4.260764 39.504457 -17.048183 98.825074 -1.593917 0.480380
Car -1 -1 -1.558758 918.979004 138.373276 958.949890 178.543259 1.430368 1.814453 4.254643 -1.179945 -20.386891 114.088095 -1.569100 0.572897
Car -1 -1 -1.913676 1671.035767 161.089691 1739.452393 195.657257 1.051729 1.312480 4.241264 33.857844 -16.980820 98.972062 -1.584061 0.600502
Car -1 -1 0.321709 741.300232 102.425316 819.189270 135.722244 1.710723 1.848090 4.547379 -12.567457 -29.463010 150.098751 0.238175 0.397801
Car -1 -1 0.104565 971.572998 101.174126 1033.310181 130.438644 1.602731 1.836147 4.156737 2.928765 -31.706115 159.811836 0.122889 0.284602
Car -1 -1 2.889181 1403.489380 218.267441 1561.264526 276.615753 1.385578 1.883469 4.093182 16.407856 -9.410047 68.815008 3.123245 0.659950
Car -1 -1 -1.564871 921.981140 118.957825 954.974121 147.059998 1.311835 1.763832 4.220908 -1.533229 -27.583084 143.515272 -1.575554 0.289870
Car -1 -1 -1.558237 914.459839 96.051071 941.109741 120.300789 1.498052 1.813381 4.241191 -2.711751 -35.086435 172.886215 -1.573921 0.151737
Car -1 -1 2.684550 1882.630127 137.582108 1918.704956 165.175919 1.066424 1.863937 2.313510 49.899864 -20.848449 113.729218 3.098018 0.064268
Car -1 -1 -0.056188 1071.218506 104.146179 1127.118652 130.620895 1.608384 1.768044 4.366744 9.916527 -31.417074 158.975228 0.006109 0.053473
