Car -1 -1 2.890240 1138.466675 362.749237 1392.165405 454.548767 1.343454 1.864769 4.544736 6.761992 -2.487325 45.921354 3.036441 3.942422
Car -1 -1 -1.305565 142.549805 711.387024 448.600250 967.935913 0.832822 1.613380 4.214913 -6.147715 2.785879 21.462660 -1.584533 4.690393
Car -1 -1 2.839734 322.646851 377.074005 590.073120 494.934113 1.323268 1.920838 4.229225 -9.122796 -1.730465 41.374019 2.622711 5.142480
Car -1 -1 -1.631366 955.413757 783.319397 1200.024658 1065.936157 0.629308 1.762413 4.596582 1.135470 3.235511 20.091741 -1.574912 2.927598
Car -1 -1 1.867434 186.137527 243.027283 287.993073 321.400055 1.632869 1.526619 4.230035 -21.375504 -7.387066 66.713002 1.557359 1.348271
Car -1 -1 -1.853467 1338.854248 770.316223 1683.711060 1060.165405 0.794140 1.713240 4.302516 5.083157 3.263723 20.236659 -1.607373 4.131468
Car -1 -1 -1.460324 465.453705 798.731506 771.775208 1080.000000 1.003744 1.986049 4.310090 -2.634702 3.609894 19.180619 -1.596832 3.123129
Car -1 -1 1.917455 59.469475 256.943787 159.861404 323.301727 1.339418 1.270864 4.215734 -25.282258 -7.306352 66.751546 1.555399 1.132697
Car -1 -1 1.764921 427.356476 247.502350 511.537567 316.242157 1.384129 1.544427 4.248360 -14.351903 -7.544286 66.885985 1.553553 1.088003
Car -1 -1 1.796777 369.056396 196.690628 463.552582 286.981567 2.293712 1.851614 4.946433 -18.155066 -9.528134 76.152641 1.562742 0.414785
Car -1 -1 1.807993 307.053711 254.812943 400.443146 318.512970 1.296405 1.572420 4.237367 -17.910795 -7.446667 66.919620 1.546476 1.459032
Car -1 -1 1.722904 593.186096 180.746384 646.881287 223.582474 1.337572 1.534450 4.256170 -14.324758 -14.700960 97.935306 1.577666 0.662367
Car -1 -1 1.734223 512.128601 182.892899 567.446228 225.604843 1.288761 1.421168 4.241677 -17.899214 -14.637877 97.875923 1.553345 0.637187
Car -1 -1 1.763341 449.721466 199.966690 515.767700 252.120804 1.430920 1.557954 4.223346 -17.865458 -11.909301 85.818801 1.558096 1.003187
Car -1 -1 1.836853 293.992188 188.002655 362.271820 235.471634 1.411302 1.607148 4.235412 -26.230710 -13.645830 93.830077 1.564257 0.661753
Car -1 -1 1.896742 125.829796 239.908417 215.504684 300.706726 1.366853 1.199393 4.216421 -25.223815 -8.507167 71.766894 1.558759 1.197156
Car -1 -1 1.847091 256.994507 224.916748 337.381744 287.833435 1.553513 1.333642 4.306477 -21.972298 -9.256013 74.884593 1.561686 1.005447
Car -1 -1 1.725149 543.553101 163.835663 597.201050 207.401276 1.653622 1.809290 4.279488 -18.177504 -16.789485 107.446133 1.557558 0.452132
Car -1 -1 1.747905 479.117401 194.152130 537.270325 238.232712 1.315416 1.454213 4.204631 -18.068170 -13.162484 91.559437 1.553070 0.565590
Car -1 -1 1.738423 486.298157 167.126831 535.320129 200.663666 1.282640 1.601966 4.237016 -21.799370 -17.685872 111.346997 1.545090 0.581351
Car -1 -1 1.773931 446.139008 176.097641 499.663422 217.931442 1.406050 1.441383 4.262801 -21.681990 -15.477182 101.582458 1.563644 0.614968
Car -1 -1 1.786840 333.392334 211.332260 403.740204 259.918335 1.228961 1.454789 4.211641 -21.740838 -11.273016 83.062817 1.530843 0.951778
Car -1 -1 1.730982 525.629456 149.062500 570.600952 181.289307 1.428935 1.740578 4.239354 -22.566759 -21.161463 126.317598 1.554197 0.332348
Car -1 -1 1.676055 656.165222 129.702255 689.125122 158.116104 1.674591 1.657020 4.299020 -18.579668 -26.756761 151.783746 1.554252 0.234909
Car -1 -1 1.844490 236.158432 210.328003 304.097015 255.510361 1.151709 1.289488 4.235625 -26.632071 -11.961332 86.924127 1.547188 0.460370
Car -1 -1 1.703876 595.711060 135.829559 633.682617 164.352631 1.419780 1.702683 4.230916 -21.700523 -25.412600 145.646179 1.555969 0.369704
Car -1 -1 1.657196 690.939087 110.900635 720.019348 137.863663 1.873096 1.941005 4.389412 -19.035145 -32.906270 177.893697 1.550598 0.187634
