Car -1 -1 -1.173751 641.001526 645.562988 909.694397 839.381653 0.644229 1.228932 4.238857 -2.135189 2.445948 24.557955 -1.260477 3.255204
Car -1 -1 -1.443457 1358.149170 618.400696 1558.859009 825.095459 0.746809 1.480304 4.224848 5.272274 2.206892 23.693289 -1.224502 2.183755
Car -1 -1 -0.362460 953.500549 264.628662 1110.555542 329.982666 1.159267 1.832349 4.031390 1.554471 -6.069005 66.196299 -0.338982 2.228003
Car -1 -1 2.319078 738.829163 375.164520 942.365417 484.117340 1.343821 1.918885 3.510688 -2.847604 -1.351141 45.135111 2.256071 1.298273
Car -1 -1 -1.295536 998.310303 621.069458 1258.320557 873.662720 1.004788 1.319062 4.342849 1.696268 2.496795 23.147728 -1.222387 2.053062
Car -1 -1 2.517609 1414.394775 251.676712 1581.124756 335.612762 1.412052 1.903871 3.683007 13.283134 -5.085585 56.547535 2.748328 2.315150
Car -1 -1 -0.959192 1204.543945 227.642273 1333.925171 282.018372 1.156804 1.928408 3.836845 9.813055 -8.205634 74.136028 -0.827591 0.843721
Car -1 -1 0.679653 122.424164 353.124542 298.893555 426.120758 1.494862 1.848313 4.041096 -22.146303 -3.074797 63.517162 0.344167 1.185133
Car -1 -1 0.619046 189.796112 342.979095 342.402130 404.097656 1.166981 1.825850 3.570417 -22.496595 -4.104661 69.033772 0.304020 0.412144
Car -1 -1 0.750636 0.493234 376.840576 167.098358 455.767944 1.541207 1.831961 3.747911 -25.081887 -2.239150 61.210771 0.361742 0.540554
Car -1 -1 0.665001 87.515396 338.481384 230.920044 397.939911 1.318331 1.810596 3.325240 -26.818825 -4.355908 71.360638 0.305510 0.461211
Car -1 -1 -1.181628 546.024658 872.475586 1087.778320 1079.503906 1.019777 2.192431 4.598217 -0.982057 4.344456 16.866153 -1.239788 3.880461
Car -1 -1 -1.438168 1124.026245 875.458374 1511.527100 1079.198975 1.002276 1.909313 4.685090 2.680862 4.195283 16.042712 -1.272590 3.056791
Car -1 -1 -0.985128 1.099652 855.259827 689.322876 1080.000000 1.174957 2.743651 4.764330 -4.764052 4.515047 17.413715 -1.252174 4.303177
Car -1 -1 1.672431 1434.136597 159.507111 1483.645386 199.010803 1.201639 1.689348 4.276210 22.223847 -14.779727 101.755700 1.887458 0.568967
Car -1 -1 -1.477253 1593.279053 137.956482 1643.430298 180.624710 1.432416 1.876883 4.273501 30.581432 -16.062101 105.136687 -1.194191 0.482273
Car -1 -1 -1.288262 1498.606934 158.880859 1569.548340 209.791290 1.381445 1.574663 4.353633 22.981112 -12.796704 90.848606 -1.040499 0.583413
Car -1 -1 1.764895 1240.561768 161.634445 1297.997925 207.696335 1.604857 1.810264 4.266197 14.239083 -15.233758 108.085511 1.895880 0.564844
Car -1 -1 1.693413 1360.619141 164.330215 1406.968262 203.370804 1.174500 1.445534 4.265296 19.178718 -14.961832 104.509097 1.874906 0.476034
Car -1 -1 1.723059 1302.797607 169.410721 1351.644409 207.134476 1.169195 1.507665 4.262225 16.705727 -14.922805 105.594262 1.879965 0.590529
Car -1 -1 1.745295 1336.430298 157.179916 1379.375122 193.329880 1.212619 1.329436 4.249566 18.990404 -16.233802 110.488481 1.915508 0.435143
Car -1 -1 1.706363 1381.556519 154.063690 1426.026978 190.440460 1.243057 1.470867 4.258140 21.474734 -16.484856 111.212089 1.897112 0.419418
Car -1 -1 -1.542970 1567.683838 119.378899 1607.504761 153.785065 1.452781 1.741303 4.271884 35.056653 -20.689298 126.752034 -1.273139 0.358356
Car -1 -1 -1.555845 1629.822632 107.931099 1661.228149 138.754608 1.347781 1.642591 4.253072 42.724973 -23.951356 140.982832 -1.261592 0.308000
Car -1 -1 0.703741 0.433078 363.618744 106.782379 420.239502 1.265074 1.855235 3.558102 -31.554787 -3.715670 73.084549 0.296160 0.173095
Car -1 -1 -1.607878 1806.234985 83.691254 1838.242554 110.711380 1.353586 1.776925 4.236831 58.996300 -27.835098 153.546386 -1.241044 0.164916
Car -1 -1 1.796167 1191.834839 150.829849 1240.921143 183.363007 1.408340 1.583730 4.263815 14.310488 -19.911776 132.095503 1.904080 0.252075
Car -1 -1 1.676077 1438.233643 130.036469 1476.781006 161.569962 1.398829 1.655856 4.253778 27.971138 -20.539677 128.507132 1.890396 0.253981
