Car -1 -1 -1.463639 1376.690186 617.973938 1609.132690 838.800842 0.755502 1.733409 4.390281 5.500895 2.206122 23.074025 -1.229605 2.152734
Car -1 -1 -1.143684 785.952332 593.152283 1045.880615 767.121643 0.765372 1.281936 4.205792 -0.667297 2.002306 26.720714 -1.168652 3.445495
Car -1 -1 2.451322 1491.702515 230.515518 1669.967896 318.946136 1.473041 1.910008 3.807355 15.616502 -5.566188 57.041194 2.718549 2.476899
Car -1 -1 2.366223 960.275818 325.214569 1158.750610 440.636810 1.509347 1.898895 3.730746 1.705064 -2.302105 47.138920 2.402379 1.348939
Car -1 -1 -1.283256 919.586487 697.254028 1216.521729 929.682739 0.511811 1.463050 4.553782 0.996102 2.704178 21.302571 -1.236530 2.902362
Car -1 -1 -1.625401 1715.462524 612.969666 1918.881714 888.542969 0.957025 1.940095 4.362642 8.162956 2.301901 21.012675 -1.254867 2.030580
Car -1 -1 -0.066415 751.312073 278.103516 912.868408 348.487030 1.237533 1.902163 4.419193 -4.554028 -5.774427 68.263427 -0.133029 1.810082
Car -1 -1 2.433377 68.077797 534.959778 447.363251 745.446045 1.517048 1.871859 4.531290 -9.981075 2.026794 30.285189 2.115017 1.692530
Car -1 -1 -1.123253 479.554138 756.599915 832.876404 1002.670898 0.554412 1.345245 4.274137 -2.867051 3.213510 20.593592 -1.261584 3.505069
Car -1 -1 -1.437969 1213.507568 841.656311 1532.179810 1079.771729 0.940287 1.724269 4.234780 3.213038 3.975080 17.113877 -1.252384 3.315235
Car -1 -1 0.659238 71.591766 363.568237 248.986588 432.935181 1.275749 1.873786 3.938699 -23.125689 -2.856090 61.915134 0.301777 1.337060
Car -1 -1 0.621584 68.614449 327.365936 227.604477 392.129883 1.509943 1.912871 3.904237 -26.823152 -4.428245 70.776175 0.259324 1.038364
Car -1 -1 1.694572 1424.313354 158.307999 1473.965332 199.621979 1.210879 1.442376 4.263491 21.568388 -14.632150 100.834372 1.905295 0.577766
Car -1 -1 -1.439194 1564.306763 136.015137 1630.974609 195.425049 1.880866 1.865246 4.799767 27.068992 -14.075703 95.914919 -1.164129 0.254272
Car -1 -1 1.716430 1362.707886 160.149719 1415.641602 203.702347 1.322633 1.625839 4.253943 19.235809 -14.765584 103.134261 1.900823 0.598850
Car -1 -1 -1.943406 207.562088 300.551239 292.920593 347.790863 1.151500 1.731707 4.189085 -28.167298 -6.904896 84.246705 -2.266065 0.488816
Car -1 -1 1.796557 1231.218872 174.422653 1285.522461 211.477554 1.178624 1.547462 4.269556 13.310628 -14.624391 105.122813 1.922507 0.477356
Car -1 -1 1.737274 1310.130981 165.672958 1360.410889 205.451202 1.232100 1.377178 4.247868 16.850876 -14.819592 104.237510 1.897546 0.475862
Car -1 -1 1.769258 1267.744263 156.640472 1315.487427 195.760406 1.393943 1.454261 4.251259 16.068016 -16.519114 113.290503 1.910149 0.491589
Car -1 -1 -1.620209 1836.761719 113.430435 1875.798828 145.494781 1.228658 1.781210 4.250870 47.255108 -19.788992 118.431385 -1.240558 0.425296
Car -1 -1 -1.554585 1610.699829 123.891891 1646.982788 157.442307 1.259933 1.705440 4.250458 34.767240 -19.075655 117.743764 -1.267466 0.393787
Car -1 -1 1.685481 1446.582642 137.117142 1492.794189 184.129715 1.699429 1.596239 4.402115 24.760422 -16.752748 110.735886 1.905461 0.274060
