Car -1 -1 -1.531331 786.492676 490.091339 931.420410 638.667236 1.247353 1.892026 4.269137 -1.923127 0.390793 40.728657 -1.578514 2.419273
Car -1 -1 1.699970 524.521912 272.524689 617.004578 366.329803 1.786082 1.603752 4.852555 -11.087126 -5.646179 73.140801 1.549529 0.399048
Car -1 -1 1.751981 388.287964 305.449677 494.856476 381.375000 1.318286 1.751185 4.256957 -14.008439 -5.036912 70.478756 1.555777 1.146817
Car -1 -1 1.783329 278.543671 290.397064 382.481567 373.532135 1.560584 1.587979 4.240340 -17.163034 -5.309686 71.883774 1.548956 1.431994
Car -1 -1 -1.510700 637.466309 918.022034 933.869019 1078.420044 0.840239 1.890075 4.301728 -1.473901 4.048480 21.351569 -1.579621 3.884716
Car -1 -1 -1.583041 959.547302 268.641541 1024.042603 331.755859 1.279782 1.744600 4.255837 -0.003126 -7.158758 81.599905 -1.583080 1.101112
Car -1 -1 -1.566841 935.706177 184.357727 977.098145 223.301636 1.376196 1.794679 4.252883 -1.685292 -15.807381 128.279201 -1.579978 0.736978
Car -1 -1 -1.580030 981.245056 217.999619 1033.119995 261.518951 1.223176 1.833313 4.251459 0.580626 -12.002635 108.524958 -1.574680 0.690747
Car -1 -1 -1.590174 1010.378906 192.224762 1054.368408 231.951996 1.367523 1.793628 4.252538 1.760032 -14.791420 123.019448 -1.575868 0.602125
Car -1 -1 1.675748 673.835266 171.950897 717.615234 206.960754 1.411489 1.686887 4.254766 -15.281744 -18.283390 142.202997 1.568695 0.608739
Car -1 -1 -1.415409 1077.728271 161.907684 1124.371826 198.392899 1.677612 1.905223 4.261926 5.856329 -19.400983 148.237123 -1.375923 0.209948
Car -1 -1 -1.583581 1001.723083 151.598450 1035.833862 181.156967 1.480142 1.844203 4.229301 1.601073 -23.378234 169.582139 -1.574140 0.220357
Car -1 -1 -1.588785 1005.551147 170.643646 1046.041260 212.183975 1.485321 1.819636 4.255582 1.611493 -17.219963 135.169676 -1.576863 0.383750
Car -1 -1 -1.581775 1082.526367 132.777328 1111.311157 159.722229 1.562948 1.901391 4.233502 7.698116 -29.316072 202.814682 -1.543837 0.105512
