Car -1 -1 -1.519638 642.893799 754.391785 889.843079 993.096069 0.635532 1.807656 4.396749 -2.134177 2.821876 24.365140 -1.607006 2.642450
Car -1 -1 -1.398583 215.132919 725.955627 504.589355 972.792175 0.745143 1.584144 4.245429 -5.646424 2.656239 24.285721 -1.627024 3.708575
Car -1 -1 -1.816617 1511.002808 842.684265 1910.814087 1079.968262 1.000198 1.902454 4.257222 5.468850 3.821368 22.565140 -1.578843 3.366934
Car -1 -1 1.808217 126.009506 231.553314 226.912018 295.226562 1.294958 1.650946 4.278412 -24.472384 -7.474164 80.826028 1.514213 1.022591
Car -1 -1 -1.606555 910.256958 172.256409 954.082336 209.761597 1.322927 1.747769 4.270295 -4.107601 -15.937486 133.123715 -1.637401 0.643960
Car -1 -1 -1.322712 3.466737 732.211426 145.969803 1020.931335 0.965128 1.822276 4.245990 -9.332460 3.022760 24.883659 -1.681521 4.280202
Car -1 -1 -1.559627 831.609070 142.676285 865.356995 173.466125 1.398250 1.738632 4.258567 -9.978319 -21.500447 163.531339 -1.620570 0.335969
Car -1 -1 1.710637 405.700806 155.893707 460.445679 199.944458 1.557871 1.747652 4.262388 -27.682868 -16.199721 131.499627 1.503150 0.349475
Car -1 -1 1.602979 273.297913 178.227432 325.085205 217.203629 1.233675 1.395685 4.276558 -31.050622 -14.003501 119.870419 1.349515 0.461492
Car -1 -1 1.748746 314.420410 176.287476 379.427948 233.534363 1.618571 1.623379 4.403989 -26.561846 -12.468247 109.979670 1.511768 0.316406
Car -1 -1 1.809472 162.308212 169.332748 234.525208 216.716278 1.443415 1.536105 4.262533 -33.807894 -13.474621 114.497239 1.522358 0.354462
