Car -1 -1 2.440238 775.882080 498.997101 979.594727 636.261230 1.314719 1.773576 2.258859 -1.680774 0.499422 40.729273 2.398995 1.741564
Car -1 -1 -1.655354 1034.418335 811.905701 1275.885498 1050.281860 0.653757 1.670090 4.239527 1.362300 3.258989 24.795513 -1.600468 3.495815
Car -1 -1 -1.162041 734.103882 321.411743 869.082642 398.711700 1.199105 1.508366 4.246634 -4.612590 -4.444861 67.029162 -1.230748 1.139727
Car -1 -1 1.799629 261.527161 302.864105 365.466919 384.062042 1.450904 1.446326 4.236129 -17.169069 -4.939739 70.140024 1.559567 1.272435
Car -1 -1 -0.629515 534.032349 358.792816 734.052734 448.551361 1.309146 1.844375 3.695286 -7.588978 -2.880807 58.753325 -0.757970 2.043067
Car -1 -1 -0.187600 2.669034 401.754120 288.017487 504.793243 1.230229 1.863392 4.490098 -15.801983 -1.609171 51.338847 -0.486195 3.463085
Car -1 -1 1.701923 518.018860 294.612549 614.727661 382.004761 1.562132 1.698275 4.263497 -10.765021 -5.009278 70.064780 1.549471 1.089366
Car -1 -1 -1.506889 634.640625 828.679504 894.163452 1080.000000 1.497736 1.692853 4.401206 -1.725235 4.078124 22.376730 -1.583836 1.862338
Car -1 -1 -1.429570 900.869934 284.255310 986.059265 350.731659 1.257545 1.747196 4.238908 -1.296778 -6.224784 76.476646 -1.446525 0.871085
Car -1 -1 1.743909 421.431335 271.785187 520.070190 364.917816 1.776488 1.614205 4.725439 -13.847142 -5.718605 73.693612 1.558173 0.536109
Car -1 -1 -1.377680 192.880615 836.216187 536.063232 1079.168091 1.009676 1.866247 4.260211 -5.223382 3.711181 23.687432 -1.594719 2.210693
Car -1 -1 -1.790207 1361.212646 842.241211 1705.123169 1079.263062 0.951204 1.854280 4.245259 4.523334 3.739187 23.873607 -1.602956 3.578923
Car -1 -1 1.786375 327.414276 270.849884 414.369843 347.475800 1.541311 1.327518 4.238607 -17.457094 -6.432283 77.816025 1.565691 1.163278
Car -1 -1 1.667980 651.150330 284.244629 736.599976 367.202728 1.550902 1.682517 4.244882 -7.797458 -5.542353 72.571478 1.560946 1.004124
Car -1 -1 1.729673 483.845856 243.903305 566.555603 324.705292 1.806423 1.562818 4.717412 -13.984529 -7.453921 82.641962 1.562043 0.652223
Car -1 -1 -1.594559 1019.870483 188.334885 1062.651733 228.552124 1.352134 1.733304 4.234698 2.176085 -15.221524 125.137864 -1.577172 0.604016
Car -1 -1 1.677491 569.070740 271.967010 644.597168 344.782745 1.467139 1.573596 4.249867 -10.791165 -6.465187 77.580322 1.539281 0.938557
Car -1 -1 1.690276 621.124329 242.308762 679.844727 296.680328 1.302237 1.363784 4.245156 -11.375309 -9.107302 91.983541 1.567234 0.992361
Car -1 -1 1.667722 690.138245 263.765198 753.074463 324.040100 1.282842 1.406140 4.256751 -8.095781 -7.462210 82.986258 1.570474 0.869285
Car -1 -1 -1.567514 946.983521 153.856079 978.991455 183.435898 1.391383 1.687427 4.246711 -1.779522 -23.109203 168.919196 -1.578048 0.424421
Car -1 -1 1.745569 394.297668 263.308258 465.996735 323.105255 1.301849 1.112219 4.274389 -17.208468 -7.603019 84.353045 1.544326 0.618859
Car -1 -1 1.660779 709.280151 249.004852 770.893188 303.896637 1.265907 1.490605 4.253195 -8.096593 -8.644559 89.340023 1.570399 0.729696
Car -1 -1 1.642793 749.761292 201.451675 799.865784 244.139023 1.280196 1.618263 4.226336 -9.001133 -13.397798 114.793698 1.564542 0.268779
Car -1 -1 1.610161 779.608337 177.056671 821.329773 218.291351 1.531166 1.724065 4.221537 -8.943577 -16.188515 129.584127 1.541253 0.236878
