Car -1 -1 1.884361 0.422705 520.291260 165.965958 683.702026 1.322127 1.603814 4.270245 -12.924507 0.910934 38.484514 1.560359 2.462234
Car -1 -1 1.775018 268.243622 373.810913 398.090942 473.490356 1.232022 1.486112 4.235896 -12.908124 -2.296924 54.311364 1.541678 1.503364
Car -1 -1 1.795485 211.422577 329.728973 331.217407 414.057037 1.237201 1.558935 4.270769 -16.487203 -3.892706 63.292504 1.540656 1.411101
Car -1 -1 1.854764 0.957613 416.343994 176.161362 535.052917 1.200704 1.621611 4.416764 -16.111857 -1.169840 49.427987 1.539658 1.808109
Car -1 -1 -1.775586 1342.887207 787.445068 1626.753906 1016.882874 0.641967 1.560140 4.278920 4.365322 3.052932 25.218256 -1.604182 2.931852
Car -1 -1 1.799767 127.911850 534.329163 339.683899 725.972229 1.366059 1.502098 4.262937 -9.402099 1.229079 34.594709 1.534398 3.271985
Car -1 -1 -0.075203 859.517883 286.931274 1053.557495 369.610107 1.690606 1.939510 4.563739 -0.937000 -5.271033 71.252186 -0.088353 1.904217
Car -1 -1 1.703317 483.001312 319.310211 594.218384 419.663300 1.578185 1.822963 4.276970 -10.215634 -3.719363 62.455350 1.541186 1.182151
Car -1 -1 -1.513996 630.372620 835.165039 897.824097 1078.181152 1.399829 1.739223 4.525404 -1.749749 4.001161 22.384471 -1.592005 1.841383
Car -1 -1 -1.649086 1032.393677 826.933777 1292.065430 1079.327515 1.094445 1.744221 4.283556 1.340780 3.728362 23.621594 -1.592386 2.155703
Car -1 -1 -0.127103 1753.584717 444.286163 1919.213379 555.032227 1.385194 1.838981 4.597337 15.685998 -0.569441 46.587525 0.197674 1.058123
Car -1 -1 1.698338 574.358459 260.224304 653.819458 321.962708 1.323380 1.681623 4.251270 -11.401601 -7.555508 83.292591 1.562297 1.048688
Car -1 -1 1.735102 471.730682 255.103668 549.459534 318.134369 1.394742 1.551093 4.246910 -14.655075 -7.750949 84.271037 1.562919 1.088644
Car -1 -1 1.696034 644.828979 189.085083 697.536682 232.187103 1.402777 1.682324 4.244939 -14.013574 -14.549738 120.947353 1.580683 0.529884
Car -1 -1 1.620105 736.351807 147.268127 771.819946 180.936707 1.717732 1.757427 4.277229 -14.338472 -22.782622 166.064492 1.533975 0.280062
Car -1 -1 1.609217 802.714844 146.346878 834.812805 174.401535 1.392631 1.710343 4.243636 -10.903001 -24.273340 173.730198 1.546541 0.246666
Car -1 -1 1.672155 669.159729 146.417130 704.277527 175.588669 1.433580 1.695839 4.258956 -19.299802 -24.262166 174.321748 1.561890 0.219612
Car -1 -1 1.636335 751.857910 207.285049 801.651855 252.754349 1.334900 1.573510 4.233007 -8.802685 -12.756586 112.353821 1.558146 0.218135
