Car -1 -1 1.824888 286.402405 255.645004 383.516174 326.503693 1.396047 1.527097 4.265030 -17.888594 -7.039305 64.852465 1.555746 1.211712
Car -1 -1 1.882503 158.685699 263.321716 261.072845 329.346008 1.274595 1.374126 4.249052 -21.744420 -6.997740 65.284048 1.560986 1.392138
Car -1 -1 1.933495 42.801907 249.512085 149.945450 322.248108 1.562137 1.383956 4.241515 -25.737231 -7.325441 66.850978 1.565991 1.399360
Car -1 -1 1.743315 508.454163 180.073624 567.036743 222.016754 1.362907 1.715945 4.241481 -18.364390 -15.046144 99.931184 1.561572 0.652958
Car -1 -1 1.793550 408.369324 211.142136 480.308563 267.500305 1.418905 1.491899 4.241343 -18.152841 -10.614372 80.165820 1.570864 0.922959
Car -1 -1 1.886682 156.642151 232.380569 244.768906 293.582916 1.421443 1.415914 4.261474 -25.000989 -8.990308 74.125402 1.561384 1.110159
Car -1 -1 1.755399 440.681641 178.482330 498.495392 218.102600 1.371629 1.703919 4.252745 -22.372090 -15.832352 104.131802 1.543772 0.713889
Car -1 -1 1.844867 249.071762 233.683716 335.129395 292.954224 1.364510 1.454010 4.229938 -21.835388 -8.976210 73.794239 1.557180 1.121095
Car -1 -1 1.698889 592.698669 148.666656 637.805725 185.585709 1.604122 1.756537 4.245059 -18.509497 -20.653230 124.760146 1.551602 0.540325
Car -1 -1 1.637482 661.566101 140.608170 696.980347 171.535217 1.655407 1.647876 4.251678 -16.357935 -23.354278 136.992165 1.518637 0.186909
