Car -1 -1 -1.640327 948.249695 789.888367 1188.686523 1061.560547 0.589781 1.743175 4.312674 1.044257 3.222286 20.041487 -1.588270 4.377776
Car -1 -1 -1.856961 1365.394043 764.248962 1721.682495 1067.834839 0.810923 1.731227 4.608188 5.337775 3.251184 20.130404 -1.597766 3.781008
Car -1 -1 1.928262 53.699760 260.433197 160.904465 325.769379 1.293095 1.346916 4.239003 -25.158884 -7.182769 66.223701 1.565196 1.441310
Car -1 -1 1.890484 167.075531 250.174530 268.970215 318.841614 1.410640 1.531575 4.236634 -22.025089 -7.465522 66.859309 1.572255 1.458260
Car -1 -1 1.802249 367.357697 229.067459 439.187347 290.823090 1.451982 1.301275 4.244170 -18.282292 -9.157447 74.514324 1.561649 1.150138
Car -1 -1 1.831315 284.159180 254.654190 382.552032 315.830505 1.239867 1.619853 4.245111 -18.652221 -7.588848 67.473171 1.561612 1.614403
Car -1 -1 1.760443 467.146606 181.417953 532.555847 240.513580 1.775317 1.585298 4.478809 -17.995976 -12.834996 89.760279 1.562577 0.512766
Car -1 -1 1.723246 539.117981 170.527435 586.684814 210.186142 1.453305 1.613073 4.229513 -18.521749 -16.673288 107.270948 1.552268 0.490757
Car -1 -1 1.837860 260.445984 227.561615 341.044983 287.848633 1.405488 1.346466 4.243273 -22.303124 -9.510763 76.325900 1.553566 0.889380
Car -1 -1 1.767853 419.106842 208.064667 489.078369 259.277618 1.429122 1.638654 4.236131 -18.518594 -11.253181 83.359156 1.549248 0.988133
Car -1 -1 1.812093 331.610229 212.097153 398.987854 260.470581 1.269127 1.363387 4.227549 -21.974904 -11.263916 83.487275 1.554719 0.675083
Car -1 -1 1.741338 515.633362 181.158813 567.699036 221.167908 1.315050 1.500911 4.232065 -18.202370 -15.067489 100.160151 1.561567 0.669049
Car -1 -1 1.720265 570.276978 161.996597 614.408386 197.023346 1.378924 1.618067 4.230077 -18.340901 -18.541605 115.393559 1.562641 0.667979
Car -1 -1 1.821733 326.343658 187.792831 384.029724 227.381500 1.231805 1.400265 4.241645 -25.412678 -14.077971 95.073907 1.560545 0.639437
Car -1 -1 1.869116 222.816360 211.974655 291.581573 261.636963 1.329571 1.187781 4.238433 -25.486609 -10.968578 81.793242 1.567053 0.671704
Car -1 -1 1.906162 139.449921 238.533569 225.038605 297.027863 1.366647 1.117982 4.189691 -24.884607 -8.630527 72.080808 1.573741 0.775237
Car -1 -1 1.764884 430.362427 166.003815 479.290375 200.274307 1.280052 1.501510 4.235781 -24.967660 -17.927345 112.561994 1.546605 0.572859
Car -1 -1 1.739170 480.207916 164.236511 531.039734 200.593964 1.304772 1.533384 4.235051 -22.257620 -17.819389 111.650579 1.542399 0.481192
Car -1 -1 1.730837 523.555176 141.543350 564.866150 171.198578 1.396760 1.741525 4.238320 -24.662945 -23.290540 136.412471 1.551972 0.340461
Car -1 -1 -1.610417 977.498169 116.293861 1001.571716 139.755539 1.552829 1.763887 4.242730 4.025583 -33.040185 179.279299 -1.587966 0.250508
Car -1 -1 1.847763 279.382690 202.217117 345.217804 244.672409 1.204922 1.362201 4.255217 -25.068576 -12.284505 87.648194 1.569186 0.696079
Car -1 -1 1.758685 444.330292 177.732025 498.171234 216.532944 1.235112 1.395949 4.241215 -22.102180 -15.718982 103.075424 1.547456 0.570215
Car -1 -1 -1.588449 930.481445 107.078651 953.568848 131.784470 1.749836 1.894077 4.253870 0.174633 -37.506659 199.401537 -1.587573 0.245731
Car -1 -1 1.789718 374.116211 182.579865 432.766418 222.810104 1.441523 1.502719 4.231504 -24.803427 -15.281598 101.089768 1.549111 0.375347
