Car -1 -1 3.034971 742.658264 367.944763 985.821655 486.883514 1.665941 1.943574 4.329947 -2.087851 -1.661502 43.195937 2.986675 3.475764
Car -1 -1 2.807639 252.894913 429.050690 569.066528 543.678772 1.092733 2.008719 4.562697 -9.738152 -0.697282 37.852855 2.555836 4.297043
Car -1 -1 2.813313 1329.100342 382.957306 1582.061035 480.000854 1.334725 1.883249 4.238243 9.902037 -1.805777 44.330377 3.033075 4.566363
Car -1 -1 -1.516127 877.277954 686.956177 1061.470947 892.229370 0.576363 1.560055 4.241656 0.104303 2.436773 22.631892 -1.511518 3.793571
Car -1 -1 -1.628083 1162.696655 743.638733 1386.542480 987.942261 0.502537 1.685194 4.474839 2.824078 2.894083 20.928949 -1.493957 2.471641
Car -1 -1 -1.392110 569.838318 636.406555 794.604919 830.459534 0.675589 1.594889 4.221325 -3.060820 2.056879 24.052087 -1.518687 3.382489
Car -1 -1 -1.233359 178.672058 668.495422 491.552490 881.091736 0.612607 1.576121 4.504630 -6.547569 2.326382 22.985872 -1.510861 2.955420
Car -1 -1 1.879351 403.943817 245.516220 489.668762 300.793701 1.305949 1.481886 4.238379 -18.171627 -8.736288 75.648599 1.643606 1.275944
Car -1 -1 2.878057 1626.971069 319.963226 1833.515015 402.567200 1.513976 1.904265 4.104980 18.678539 -3.822434 53.329136 -3.068230 3.152078
Car -1 -1 1.828565 515.398926 233.777344 597.263733 295.147247 1.531648 1.583060 4.537519 -14.844340 -9.263098 78.329721 1.641275 0.726627
Car -1 -1 -1.105028 0.000000 878.488159 238.510437 1080.000000 0.980780 1.958385 4.305793 -7.373589 4.142473 16.643932 -1.522062 4.753096
Car -1 -1 -1.662233 1247.678101 217.712082 1299.024780 259.184692 1.258395 1.769512 4.246109 13.570507 -12.800842 96.656682 -1.522745 0.769429
Car -1 -1 1.767849 631.794128 233.096191 707.701660 291.302948 1.458646 1.754934 4.252397 -10.883247 -9.489932 79.321020 1.631495 0.887984
Car -1 -1 1.737858 724.947815 210.313370 783.230896 253.874023 1.357691 1.684685 4.247252 -9.500444 -12.956296 96.206351 1.639427 0.703759
Car -1 -1 1.861540 474.691010 217.528442 541.748169 276.617371 1.731475 1.047297 4.503215 -17.965098 -10.620706 84.772045 1.652707 0.759040
Car -1 -1 -1.602430 1171.913330 187.122025 1212.010498 224.212570 1.465850 1.839750 4.236905 12.039707 -17.145113 116.717024 -1.499641 0.610883
Car -1 -1 1.808826 579.172607 214.826630 643.242920 272.755585 1.678651 1.275977 4.489704 -14.163761 -10.966179 86.183835 1.645938 0.801952
Car -1 -1 1.784629 626.893555 198.043488 683.411621 252.625153 1.875202 1.366353 4.252499 -13.755919 -12.963489 95.943425 1.642224 0.707076
Car -1 -1 1.757691 677.453308 221.709076 737.820007 271.521301 1.393928 1.450715 4.231405 -10.485636 -11.116723 87.175158 1.637984 0.734233
Car -1 -1 1.814311 535.678528 204.305649 598.404724 250.595383 1.463553 1.527721 4.451562 -17.660319 -12.944580 95.470385 1.631396 0.477898
Car -1 -1 2.676719 1817.839600 364.568146 1918.362183 446.264343 1.245899 1.928822 3.058277 21.574246 -2.670614 49.007197 3.091415 0.227218
