Car -1 -1 -1.417348 1524.861450 599.304321 1719.704468 760.522766 0.732166 1.523574 4.259087 7.174142 1.636152 32.702610 -1.201394 2.910558
Car -1 -1 -1.538825 766.449890 461.513000 910.970276 615.957214 1.187304 1.777331 4.390917 -2.517297 0.266077 38.978568 -1.603317 2.435116
Car -1 -1 -1.390336 147.396011 791.370605 476.388062 1071.100586 0.800166 1.780295 4.332093 -5.773004 3.221811 23.225643 -1.633960 2.838428
Car -1 -1 -1.849918 1491.258667 816.184753 1915.548706 1077.731812 1.234645 2.197521 4.397175 5.438646 3.834644 22.287167 -1.610569 2.842268
Car -1 -1 -1.533373 787.330994 297.080078 870.252075 377.056091 1.139408 1.734288 4.262943 -4.544246 -4.464741 66.585960 -1.601514 1.470354
Car -1 -1 1.769485 245.117294 179.779541 311.134979 226.552917 1.392244 1.575041 4.265244 -29.553331 -12.697124 111.105769 1.509512 0.706771
Car -1 -1 -1.621424 963.297363 218.482010 1031.496216 279.864197 1.508554 1.977959 4.240204 -0.715276 -9.265145 95.299138 -1.628930 0.819983
Car -1 -1 -1.567901 827.878906 228.067841 889.727112 281.871643 1.168034 1.752011 4.265174 -5.254359 -8.904262 91.962874 -1.624975 1.025338
Car -1 -1 1.770494 318.196259 183.969284 387.176636 232.435013 1.349989 1.736592 4.263312 -25.441134 -11.943087 106.221457 1.535412 0.775500
Car -1 -1 1.864624 32.966862 230.825516 168.456619 318.956696 1.693922 1.497257 4.870755 -24.427494 -6.318464 74.238229 1.546740 0.699750
Car -1 -1 1.789303 228.001266 161.580200 289.841949 201.703445 1.364268 1.529481 4.259517 -34.903501 -15.634649 127.583913 1.522264 0.442232
Car -1 -1 1.713303 429.974731 156.953125 482.075439 194.337891 1.377364 1.639291 4.264965 -26.196066 -16.104612 129.413781 1.513581 0.336498
Car -1 -1 -1.340922 0.000000 702.839905 138.128250 965.727722 0.979609 1.771505 4.252724 -9.506229 2.724410 25.593074 -1.696566 2.904810
Car -1 -1 1.807007 159.868256 178.276901 227.436813 224.654892 1.385784 1.500422 4.249937 -32.744923 -12.657734 110.261887 1.518329 0.499848
