Car -1 -1 -1.600322 977.601379 415.531799 1087.784546 517.786804 1.080411 1.718738 4.238890 0.684914 -1.407227 50.187678 -1.586676 2.421268
Car -1 -1 -1.622959 983.695618 813.633606 1212.111206 1065.384521 0.744099 1.646155 4.229950 0.844836 3.326914 24.465183 -1.588441 2.746687
Car -1 -1 -1.723191 1271.601807 706.453247 1516.362915 944.393311 0.988176 1.637412 4.237734 3.883654 2.731964 27.373163 -1.582253 2.692520
Car -1 -1 1.782797 275.431396 304.023712 378.236237 376.429840 1.298523 1.567854 4.239164 -17.238515 -5.226974 71.747091 1.546999 1.234875
Car -1 -1 -1.545076 852.367981 330.874390 932.852478 409.682587 1.207945 1.688014 4.235274 -2.346048 -4.059516 65.174774 -1.581057 1.731034
Car -1 -1 1.708594 524.034729 287.840332 621.302612 371.341095 1.541933 1.798387 4.255890 -10.945483 -5.421333 72.259335 1.558262 1.065158
Car -1 -1 1.749211 386.057037 303.009064 491.065247 379.094879 1.350229 1.715281 4.255105 -14.203019 -5.138906 71.180378 1.552262 1.243300
Car -1 -1 1.875431 67.579597 267.677124 184.187195 343.326508 1.599007 1.582649 4.340150 -24.773061 -6.636472 79.163853 1.572150 1.072568
Car -1 -1 -1.566383 942.309509 229.611954 993.659302 283.498352 1.361225 1.591796 4.252585 -0.866656 -10.211650 98.512608 -1.575181 0.822039
Car -1 -1 -1.547097 842.664062 238.411697 908.794312 303.318970 1.599168 1.896014 4.241210 -3.790291 -8.750082 90.339509 -1.589029 1.082254
Car -1 -1 1.331999 676.445679 284.639404 779.871277 363.902985 1.431614 1.665489 4.280427 -7.176901 -5.777950 74.239465 1.235626 0.599975
Car -1 -1 -1.615159 1056.441772 238.905075 1111.946655 291.085052 1.292637 1.645787 4.275373 3.132675 -9.458513 94.074276 -1.581871 1.036402
Car -1 -1 1.791061 350.532928 277.813965 431.518646 342.894501 1.281087 1.279523 4.235748 -17.243897 -6.676727 79.354803 1.577086 1.108731
Car -1 -1 -1.573837 919.930603 197.385132 963.948853 238.966599 1.342425 1.776587 4.256941 -2.177739 -14.087167 119.410572 -1.592073 0.686100
Car -1 -1 -1.588596 1017.707397 187.151627 1063.040527 230.066055 1.508860 1.849010 4.250296 2.155432 -15.304684 126.454400 -1.571553 0.621211
Car -1 -1 -1.549829 877.046509 169.538483 917.039246 209.476776 1.629584 1.827955 4.258957 -4.864102 -18.010237 140.990748 -1.584315 0.589550
Car -1 -1 -1.547981 886.168091 142.400604 915.392822 168.473862 1.358443 1.766158 4.237007 -6.139571 -26.213286 185.017178 -1.581152 0.372695
Car -1 -1 -1.568459 938.531189 136.981583 966.519775 163.383469 1.566931 1.685298 4.363209 -2.698541 -26.832423 188.100876 -1.582805 0.168564
Car -1 -1 -1.587406 995.018860 154.233994 1027.396118 183.873367 1.392503 1.764687 4.248869 1.094013 -22.574707 165.584822 -1.580799 0.360614
Car -1 -1 -1.565109 942.907227 159.441727 979.449768 195.706650 1.607833 1.824406 4.238729 -1.698912 -19.942076 150.679438 -1.576383 0.298415
Car -1 -1 -1.544670 1102.451782 154.455231 1145.840942 188.813263 1.659299 1.938614 4.275153 8.232471 -22.895826 170.353330 -1.496382 0.068752
Car -1 -1 1.651339 673.902771 266.956116 750.679321 325.926331 1.162252 1.537144 4.271579 -8.126845 -7.297840 81.065726 1.551423 0.402047
