Car -1 -1 1.820125 237.137039 447.231293 411.217957 606.003052 1.435035 1.440149 4.334845 -10.063961 -0.074392 41.995124 1.584915 3.032357
Car -1 -1 1.783211 269.081512 362.838470 400.040680 455.084808 1.188038 1.571546 4.287901 -13.712375 -2.790890 57.809344 1.550315 1.362967
Car -1 -1 -1.514480 720.656677 808.679932 934.542236 1043.637695 0.641500 1.588753 4.230910 -1.384845 3.176476 24.578710 -1.570764 4.099219
Car -1 -1 -1.391773 321.708984 803.202698 590.980591 1044.950562 0.685354 1.480374 4.216744 -4.628387 3.162698 24.454291 -1.578827 2.263865
Car -1 -1 -1.752310 1332.872192 758.905273 1607.136475 979.711304 0.687989 1.638028 4.369242 4.395818 2.883960 26.113563 -1.585539 2.810901
Car -1 -1 1.749985 398.667084 286.851837 499.538757 368.925446 1.584011 1.698622 4.239606 -14.077463 -5.398241 71.859666 1.556533 1.109402
Car -1 -1 1.731314 430.452362 361.023712 543.787720 452.465698 1.203784 1.502787 4.241016 -10.569663 -2.834612 58.122546 1.551428 1.456725
Car -1 -1 -1.656734 1047.769775 837.307861 1317.863892 1078.859741 1.067124 1.774292 4.430219 1.507774 3.796481 23.541540 -1.592774 1.950606
Car -1 -1 -1.583646 1054.645264 261.483826 1124.030640 330.844360 1.475440 1.877267 4.257146 2.830681 -7.101598 80.827352 -1.548639 1.031486
Car -1 -1 1.691173 560.041748 270.352203 646.489319 338.184998 1.391483 1.822268 4.256891 -11.218817 -6.807824 79.688241 1.551308 0.898779
Car -1 -1 1.749303 414.831421 238.975967 491.232666 296.227112 1.444891 1.551778 4.254935 -17.860555 -9.057963 91.758721 1.557060 0.893828
Car -1 -1 -1.566528 956.088013 166.829208 994.498718 200.213730 1.431207 1.874807 4.241876 -0.903032 -19.123369 146.248282 -1.572703 0.630759
Car -1 -1 -1.569135 938.724976 153.040833 974.203796 186.394394 1.551013 1.817729 4.244184 -2.012420 -21.759769 160.564196 -1.581668 0.350345
