Car -1 -1 1.047496 512.793213 358.128052 665.570923 445.842010 1.180076 1.269045 4.542332 -8.844736 -3.400743 51.304390 0.876777 0.578061
Car -1 -1 -1.949165 389.354187 423.843994 558.300842 529.317261 1.123761 1.381854 4.223225 -9.624237 -1.412280 42.609507 -2.171308 1.021010
Car -1 -1 -1.599392 488.723907 492.466980 619.223267 622.453491 0.884214 1.668087 4.220115 -6.541975 0.010813 34.626862 -1.786119 3.266664
Car -1 -1 1.192671 1812.127075 163.657867 1892.387329 211.206482 1.658751 1.823933 4.409356 42.323735 -16.873644 104.675822 1.576905 0.303348
Car -1 -1 1.688220 622.466003 226.238098 675.307373 272.807831 1.340444 1.591610 4.244941 -13.710342 -12.832364 94.677257 1.544409 0.847660
Car -1 -1 -1.924281 1755.090820 173.487045 1825.114502 212.222778 1.374177 1.536448 4.245893 39.483052 -16.888779 105.138240 -1.565042 0.552289
Car -1 -1 2.004696 1741.914185 206.254791 1835.230591 258.158173 1.422095 1.697466 4.214537 31.858420 -12.070228 84.980805 2.363370 0.349788
Car -1 -1 2.804518 1724.469360 164.014694 1822.407715 202.200790 1.470507 1.807684 3.903229 40.700966 -18.154047 110.550726 -3.125902 0.184204
Car -1 -1 1.187242 1874.737183 170.139969 1919.389160 210.102951 1.439244 1.545409 4.218347 45.378807 -16.946782 105.292300 1.594166 0.207505
Car -1 -1 -2.768971 43.426720 198.273834 123.022072 230.317429 1.260700 1.837413 3.280678 -47.651672 -18.064533 118.309500 3.131321 0.125995
Car -1 -1 2.844453 1588.559082 147.763275 1671.466187 182.177826 1.581890 1.818017 4.010231 39.893549 -22.519671 130.725008 3.140648 0.155446
