Car -1 -1 -1.545579 674.377075 583.855957 873.299744 845.386658 1.240480 1.750073 4.853179 -2.524440 2.022595 28.955389 -1.632543 1.543967
Car -1 -1 -1.528291 697.655518 439.107544 818.396240 556.088562 0.959980 1.736320 4.283536 -4.089631 -0.492115 44.009248 -1.620951 2.061704
Car -1 -1 -1.384495 213.078201 747.590942 495.349121 988.381836 0.688162 1.550460 4.247297 -5.767398 2.827506 24.610235 -1.614690 3.683712
Car -1 -1 -1.512538 749.459900 323.462891 840.770447 412.713776 1.177512 1.718386 4.241238 -4.887922 -3.383989 60.945800 -1.592568 1.692574
Car -1 -1 -1.640085 1048.766235 579.417419 1236.695679 807.713623 1.244794 1.555085 4.445156 1.318120 1.956712 31.417470 -1.598154 2.411191
Car -1 -1 -1.606127 956.688904 338.513947 1047.667969 426.887207 1.114077 1.667388 4.243126 -0.372967 -3.035292 59.662936 -1.612378 1.711167
Car -1 -1 1.807460 154.802322 225.129044 253.587448 291.904663 1.372738 1.623599 4.261024 -24.105720 -7.715761 82.332353 1.522635 1.136438
Car -1 -1 -1.596093 918.554016 215.274399 975.479248 268.019348 1.304462 1.748557 4.224169 -2.538817 -9.980946 98.831284 -1.621776 0.817645
Car -1 -1 -2.893746 1463.334717 291.341431 1650.575562 358.040253 1.308172 1.830448 4.166581 14.730325 -5.338365 75.408530 -2.700835 1.484826
Car -1 -1 1.770437 272.587067 191.531342 349.216888 243.959167 1.357566 1.755856 4.248102 -26.128858 -11.173083 102.597607 1.521065 0.956203
Car -1 -1 -1.523296 1538.112671 598.347168 1741.086426 789.080994 1.228961 1.663621 4.173142 6.924158 1.957262 31.318947 -1.305711 2.514289
Car -1 -1 -1.544251 815.663757 210.203979 867.282532 257.922302 1.204374 1.599673 4.254536 -6.561755 -10.786701 103.580748 -1.607516 0.703620
Car -1 -1 -1.520856 723.069702 199.474411 780.629761 249.520401 1.332981 1.808511 4.242735 -9.963663 -11.139224 104.274561 -1.616119 0.801651
Car -1 -1 -1.592991 906.473938 177.933456 953.360901 219.343781 1.314478 1.775396 4.256520 -3.943124 -14.334785 122.805463 -1.625089 0.489212
Car -1 -1 1.788717 123.936981 197.729813 209.346237 253.598328 1.379812 1.709593 4.249116 -29.470773 -10.194698 96.238724 1.491558 0.620550
Car -1 -1 1.771873 280.136566 153.805450 338.484924 191.061661 1.304751 1.624303 4.268826 -32.806467 -16.160177 128.553922 1.522010 0.210640
