Car -1 -1 2.841989 1426.549072 347.177856 1660.480591 426.761963 1.350261 1.883802 4.390850 13.710642 -3.221141 49.972485 3.109764 3.700926
Car -1 -1 1.875949 144.936401 254.633957 260.369049 330.868805 1.504824 1.684258 4.452903 -21.781534 -6.937361 64.860719 1.551962 1.225392
Car -1 -1 1.796868 275.981750 251.008392 379.838013 328.362274 1.552102 1.787293 4.390963 -18.285525 -7.066876 65.452231 1.524442 1.159658
Car -1 -1 1.775171 413.519135 212.867432 486.343872 266.197754 1.382560 1.546175 4.239767 -18.233582 -10.814557 81.482154 1.555024 1.151789
Car -1 -1 1.893599 102.031769 238.895630 195.591431 308.169525 1.551758 1.281633 4.244236 -25.099039 -8.057914 69.692400 1.547919 1.192622
Car -1 -1 1.807487 265.786133 229.259155 348.851471 287.081451 1.399520 1.648953 4.239922 -21.686174 -9.283494 75.139781 1.526511 1.469644
Car -1 -1 1.794778 353.543640 231.041138 431.093750 292.338837 1.364011 1.359266 4.239296 -18.617179 -9.133830 74.426876 1.549667 1.101208
Car -1 -1 1.747077 497.665588 182.936630 554.302795 230.225266 1.511266 1.496260 4.250623 -18.226641 -14.177379 96.282165 1.559987 0.714702
Car -1 -1 -1.616027 963.702942 919.568237 1261.427368 1078.961914 0.441436 1.858595 4.282336 1.228336 3.926247 17.172194 -1.544618 6.960805
Car -1 -1 1.730703 526.196350 167.902100 580.116638 213.872162 1.712091 1.808784 4.247664 -18.429455 -15.977397 103.985635 1.555294 0.678046
Car -1 -1 1.845500 221.979675 213.892517 301.266205 265.158844 1.341302 1.631110 4.248441 -25.358899 -10.854323 81.888578 1.545190 0.669543
Car -1 -1 1.758294 458.674408 199.897980 519.765686 245.388977 1.331387 1.454717 4.227319 -18.180296 -12.423157 88.209154 1.555035 0.797672
Car -1 -1 1.799449 355.293091 201.349213 424.450714 251.510910 1.372321 1.614595 4.253685 -22.118349 -12.217962 87.935628 1.553032 1.066899
Car -1 -1 1.909533 70.105064 198.320328 153.240799 248.716003 1.408187 1.576727 4.255854 -33.625345 -12.419745 88.788400 1.547511 0.927766
Car -1 -1 1.813538 363.108032 171.345840 419.784546 210.145325 1.475850 1.521566 4.313932 -26.835420 -16.616661 107.315801 1.568503 0.471803
Car -1 -1 1.813409 337.470001 184.097717 397.643188 226.177017 1.355029 1.331553 4.231567 -25.689922 -14.650603 98.460933 1.558184 0.548858
Car -1 -1 1.836219 290.289185 202.047638 361.198120 247.905533 1.252509 1.461959 4.240322 -25.305436 -12.674647 89.977120 1.562058 0.845008
