Car -1 -1 -1.489080 646.239685 689.759033 869.403931 971.235168 0.924084 1.640184 4.520329 -2.122792 2.905147 20.977759 -1.589930 1.782542
Car -1 -1 -1.798896 1319.090820 759.497620 1628.567139 1031.520020 0.545905 1.491419 4.353560 4.122958 3.087372 19.445911 -1.589968 3.326790
Car -1 -1 1.657845 741.848145 180.824280 791.819397 224.669983 1.294669 1.626121 4.259081 -9.473018 -12.895316 92.997063 1.556331 0.796927
Car -1 -1 1.701619 645.364929 184.520767 701.988708 229.253799 1.295808 1.648309 4.241476 -13.294481 -12.617910 92.149410 1.558337 0.766393
Car -1 -1 1.715752 548.516663 190.198807 614.324829 237.957596 1.319179 1.773368 4.257037 -16.860557 -12.065406 90.392669 1.531346 0.947074
Car -1 -1 1.688472 703.349915 149.089615 752.117615 196.798416 1.766922 1.621234 4.362533 -12.501579 -15.588058 104.074147 1.568923 0.473961
Car -1 -1 1.656257 762.002014 158.957809 814.078003 205.598663 1.586645 1.795967 4.255712 -9.170950 -14.585406 99.562947 1.564405 0.626600
Car -1 -1 1.614880 794.657593 123.124763 832.720215 169.502319 1.747578 1.689087 4.365071 -9.740883 -19.738251 121.486967 1.534870 0.216778
Car -1 -1 1.597357 865.017151 75.719215 888.988220 97.629967 1.550458 1.805383 4.343107 -9.546771 -35.371298 185.043693 1.545811 0.255857
Car -1 -1 1.647318 756.225037 113.127457 793.096863 145.148376 1.522662 1.777948 4.234284 -13.476832 -23.451640 136.788990 1.549112 0.326705
Car -1 -1 -1.563201 918.712646 70.077995 942.620544 91.956146 1.586054 1.812534 4.235253 -5.508693 -38.830097 200.096359 -1.590725 0.319450
Car -1 -1 1.625402 822.830200 115.598724 855.787659 146.829269 1.283335 1.590336 4.234548 -9.175388 -22.742836 132.552549 1.556292 0.278978
