Car -1 -1 -1.179568 808.484314 310.369751 945.138428 397.480713 1.424110 1.566471 4.285067 -2.748621 -4.484054 67.096412 -1.220511 1.103314
Car -1 -1 -1.633196 1019.071960 808.665649 1257.057495 1048.516602 0.641883 1.726632 4.306224 1.203546 3.194161 24.508282 -1.584127 3.186384
Car -1 -1 -1.502794 663.437988 777.472473 886.612915 1013.528320 0.730121 1.646451 4.240002 -1.880317 3.026478 25.093519 -1.577586 2.428744
Car -1 -1 1.736898 394.326782 303.605164 491.301636 380.048370 1.321657 1.570337 4.244473 -13.876058 -5.036933 69.969458 1.541122 1.171520
Car -1 -1 -1.770113 1366.935303 795.703613 1660.604492 1036.840942 0.640090 1.601395 4.388322 4.535303 3.112436 24.765214 -1.588988 2.649150
Car -1 -1 1.701406 532.498779 298.558685 618.945007 372.796356 1.307379 1.583578 4.238010 -10.765925 -5.323584 71.658693 1.552282 1.213788
Car -1 -1 -1.371342 176.809891 838.025757 520.518311 1078.734863 1.063960 1.819836 4.261300 -5.232241 3.740226 23.143295 -1.593684 3.322457
Car -1 -1 1.643711 659.153992 297.110107 737.118896 371.038147 1.295719 1.586858 4.249420 -7.735478 -5.468312 72.754538 1.537786 0.792687
Car -1 -1 -1.567992 981.367798 221.658783 1035.448975 270.770569 1.346104 1.813797 4.249905 0.630483 -11.173166 103.778049 -1.561917 0.925304
Car -1 -1 1.720232 442.101471 281.497040 525.747314 346.814087 1.250209 1.522393 4.231468 -14.279803 -6.426698 77.601400 1.538253 0.685512
Car -1 -1 1.708328 498.150757 260.601105 570.921936 319.486755 1.293761 1.507858 4.240170 -14.152447 -7.827621 85.533809 1.544353 0.864400
Car -1 -1 1.727944 449.164917 234.698868 515.729919 287.509888 1.268604 1.474920 4.243128 -17.607132 -9.797705 95.752354 1.546093 0.713788
Car -1 -1 -1.589411 1006.236084 165.538666 1043.945190 199.366196 1.397079 1.779246 4.250476 1.732885 -19.488736 148.376220 -1.577732 0.551483
Car -1 -1 1.653559 679.678284 270.330170 751.896912 334.120544 1.273918 1.638450 4.242389 -7.963166 -6.930708 79.807290 1.554109 0.919421
Car -1 -1 1.754856 409.443054 247.083969 483.541443 306.336700 1.353645 1.563389 4.267357 -17.198413 -8.336003 86.882902 1.559433 0.607487
Car -1 -1 -1.573440 937.388733 160.470230 973.880493 195.415863 1.518623 1.796548 4.235195 -1.999209 -20.041943 151.235817 -1.586658 0.405416
Car -1 -1 1.629645 712.384827 234.463562 777.676208 301.211304 1.670588 1.816959 4.299817 -8.076971 -8.799465 90.356464 1.540492 0.701071
Car -1 -1 1.678640 617.116455 212.944168 685.786865 289.606628 2.108923 1.676827 4.594333 -11.553477 -9.518012 94.141832 1.556527 0.338100
Car -1 -1 1.705895 533.377319 198.912308 585.695312 239.689163 1.295049 1.563588 4.244807 -18.316655 -13.758756 116.838138 1.550391 0.581648
Car -1 -1 1.666026 579.090759 272.553558 650.808899 336.340973 1.278148 1.523240 4.246886 -10.751851 -6.793042 78.983842 1.530730 0.896601
Car -1 -1 1.720585 485.392365 209.286789 549.169006 261.391541 1.512753 1.682997 4.233977 -18.078032 -11.660760 105.382151 1.550692 0.518834
Car -1 -1 -1.643471 1154.313110 170.964935 1197.234253 205.687607 1.497753 1.878567 4.258402 9.515766 -18.514755 143.394902 -1.577208 0.337697
Car -1 -1 1.705755 540.970642 233.836624 602.521301 287.696472 1.336359 1.453398 4.241395 -14.686387 -9.872515 96.550922 1.554802 0.490846
Car -1 -1 1.619475 737.490906 209.020706 790.137695 258.687378 1.328913 1.674586 4.241391 -8.995943 -12.160502 108.355436 1.536642 0.562422
Car -1 -1 1.596417 804.505493 127.601715 833.002197 154.354034 1.631778 1.813464 4.232070 -12.915801 -30.059228 205.526420 1.533657 0.208257
Car -1 -1 1.725361 422.658539 179.140579 478.329803 222.249100 1.594834 1.853017 4.293405 -25.726002 -16.149461 130.877636 1.531270 0.235030
Car -1 -1 1.712658 568.861389 221.402252 624.690063 268.111115 1.270578 1.373924 4.267297 -15.061390 -11.431966 105.315631 1.570609 0.436350
Car -1 -1 1.642569 727.515198 152.697433 775.728638 209.162643 2.277186 1.863767 4.892903 -11.365669 -16.711367 130.669645 1.555807 0.073845
Car -1 -1 1.673217 666.874268 210.711136 720.413025 257.258087 1.284672 1.461038 4.247335 -11.530735 -12.035674 107.039739 1.565907 0.246171
Car -1 -1 -1.597368 1110.543945 147.199982 1147.325684 175.822189 1.629364 2.030517 4.279933 9.127910 -25.322899 182.364080 -1.547357 0.076506
