Car -1 -1 1.836176 287.094513 254.521530 385.810669 326.628387 1.425084 1.562160 4.276693 -18.074409 -7.134325 65.711118 1.567756 1.277735
Car -1 -1 2.774330 1613.781006 342.418701 1886.939819 459.847717 1.782996 1.939382 4.557800 16.816425 -2.392680 45.635295 3.127386 3.555744
Car -1 -1 2.902708 72.936882 372.969421 389.447449 511.188782 1.531808 2.034590 4.734796 -13.000363 -1.466023 40.107587 2.589256 3.731943
Car -1 -1 0.136541 2.362731 324.534058 306.931824 470.796387 2.129274 2.067486 5.171679 -15.778540 -2.208982 43.947902 -0.208154 1.515612
Car -1 -1 -3.119995 852.684937 341.355743 1095.559204 426.149261 1.378125 1.898830 4.901209 0.736828 -3.186270 48.835741 -3.104908 3.110308
Car -1 -1 1.770352 413.271149 245.386917 503.227600 318.437988 1.533541 1.680291 4.250430 -14.647242 -7.441710 66.698835 1.554180 1.294106
Car -1 -1 1.921929 42.945240 250.023148 147.164642 323.298920 1.544366 1.291919 4.223138 -25.623514 -7.266486 66.462934 1.553958 1.417082
Car -1 -1 1.904286 145.831177 235.677902 236.899139 293.893250 1.346272 1.343903 4.242633 -25.290849 -8.956076 74.082480 1.575304 0.936106
Car -1 -1 1.761740 473.854492 189.852051 537.894775 241.033722 1.542449 1.686760 4.238407 -17.988600 -12.966308 90.743288 1.566041 0.826024
Car -1 -1 1.780334 419.444061 210.193817 491.516602 261.898224 1.329144 1.624415 4.243525 -18.181432 -11.050937 82.208481 1.562675 0.941122
Car -1 -1 1.874011 158.776840 262.470367 261.490479 330.427216 1.305096 1.386294 4.230384 -21.438491 -6.888191 64.392337 1.552619 1.303778
Car -1 -1 1.842733 250.058823 233.493362 332.129395 293.291748 1.384016 1.410319 4.237380 -21.889385 -8.980362 73.911627 1.554806 1.050754
Car -1 -1 1.804172 362.991028 229.992783 438.533722 291.096069 1.432284 1.362834 4.248786 -18.371776 -9.144338 74.486560 1.562353 0.992027
Car -1 -1 1.831931 321.489441 212.495239 392.099823 261.250153 1.243173 1.371044 4.237858 -22.035064 -11.128557 82.747438 1.571677 0.737889
