Car -1 -1 -1.551667 789.726501 458.788300 913.004700 575.536377 1.053678 1.816717 4.276835 -2.289560 -0.452569 45.279192 -1.602189 1.947124
Car -1 -1 -1.697373 1143.828979 565.551636 1323.519043 715.791443 0.965018 1.731852 4.263354 3.106715 1.240248 36.567577 -1.612619 2.273165
Car -1 -1 -1.517684 694.670532 735.750305 913.442139 964.672241 0.864482 1.770840 4.237367 -1.759020 2.869194 26.844985 -1.583115 2.903257
Car -1 -1 1.801260 240.379074 328.215668 350.903503 417.262238 1.341077 1.326819 4.258571 -15.986216 -3.838402 63.641632 1.555161 1.339052
Car -1 -1 -1.640022 1113.096558 350.817932 1210.857178 438.263092 1.182402 1.701965 4.240684 3.681367 -3.249502 60.653205 -1.579401 1.558134
Car -1 -1 -1.545314 828.985168 307.753235 903.774780 377.798981 1.236491 1.683990 4.254972 -3.195176 -5.104584 70.665238 -1.590498 1.381444
Car -1 -1 1.656609 643.833923 309.190643 722.490051 384.231506 1.268673 1.488892 4.241899 -7.728645 -4.893784 69.376877 1.545665 0.967196
Car -1 -1 -1.574939 937.310059 249.936203 1000.151672 314.400238 1.497024 1.739008 4.259627 -0.728904 -8.067770 86.544326 -1.583361 1.320833
Car -1 -1 -1.590501 956.570557 318.270996 1039.161621 394.316956 1.212685 1.784492 4.245995 0.102155 -4.536435 67.275180 -1.588983 1.441773
Car -1 -1 -1.631084 1068.275757 270.768951 1142.611450 338.282471 1.392635 1.808555 4.253354 3.262438 -6.877309 80.486866 -1.590573 1.197269
Car -1 -1 -1.423954 222.510666 826.045227 520.751648 1078.486084 1.036973 1.745640 4.244154 -5.178223 3.686412 23.736131 -1.638747 2.366687
Car -1 -1 -1.614964 1019.927673 223.404449 1080.823608 280.689911 1.559323 1.896154 4.237576 2.070610 -10.370377 99.445019 -1.594145 0.862656
Car -1 -1 -1.540849 851.358521 215.500031 900.950745 261.619324 1.330387 1.745089 4.236324 -4.493740 -11.877386 107.380544 -1.582673 0.809352
Car -1 -1 -1.570048 938.317993 204.951309 984.460938 246.562317 1.261842 1.700198 4.256016 -1.301735 -13.344489 115.480523 -1.581320 0.833976
Car -1 -1 -1.571881 929.203186 179.167725 970.563232 216.004745 1.369820 1.781224 4.236978 -2.025739 -16.665252 132.621641 -1.587154 0.602609
Car -1 -1 -1.580628 995.442871 186.320160 1039.674805 224.232437 1.319775 1.806613 4.240626 1.125354 -15.638694 127.244614 -1.571784 0.624326
Car -1 -1 -1.588889 1004.261353 156.064941 1042.124268 190.310165 1.526070 1.885563 4.228333 1.699828 -20.854541 155.252617 -1.577940 0.304008
Car -1 -1 -1.567492 938.796570 134.662018 967.236450 161.747925 1.462937 1.854938 4.257274 -2.802158 -28.277727 196.173583 -1.581775 0.301286
Car -1 -1 1.650709 708.957397 243.864120 770.634644 300.097137 1.368816 1.559521 4.250175 -8.352149 -8.970201 91.680236 1.559859 0.788115
Car -1 -1 1.651204 687.432129 258.173126 750.504272 318.299561 1.304426 1.447765 4.243656 -8.426364 -7.835479 85.155206 1.552573 0.852715
Car -1 -1 -1.556484 883.612671 151.626663 917.779846 182.919037 1.507723 1.804350 4.242969 -5.388272 -22.196992 162.416605 -1.589648 0.339901
Car -1 -1 -1.557153 906.627014 162.330505 943.030090 197.032288 1.519498 1.780858 4.246152 -3.653876 -19.629268 148.828948 -1.581699 0.379606
Car -1 -1 1.659918 734.030518 216.188751 791.700867 274.091644 1.488339 1.671733 4.250844 -8.249666 -10.586407 99.214140 1.576959 0.677306
Car -1 -1 -1.600850 1024.185669 200.139603 1074.462280 245.146484 1.403169 1.893783 4.263742 2.323571 -13.007006 112.350834 -1.580172 0.441807
Car -1 -1 -1.590384 994.096680 140.808701 1024.217041 168.501709 1.490086 1.856248 4.249030 1.060785 -25.391501 179.778677 -1.584484 0.152954
Car -1 -1 -1.547453 887.127319 127.628670 913.467834 154.336823 1.654495 1.720493 4.321492 -6.588440 -29.058515 198.686526 -1.580601 0.127965
