Car -1 -1 -1.622103 963.022278 495.113831 1107.447021 646.126831 1.079085 1.846345 4.233544 1.342236 0.496152 32.724561 -1.581110 3.439888
Car -1 -1 -1.924536 1451.187500 424.115723 1623.335571 541.035767 1.071884 1.397939 4.232289 10.613867 -0.946928 39.152991 -1.659812 2.622532
Car -1 -1 1.869680 178.499603 285.583252 301.991516 374.379608 1.476118 1.462332 4.325533 -17.714408 -4.968383 55.523595 1.560845 1.234291
Car -1 -1 -1.470738 595.120605 706.237671 811.888245 923.943970 0.680846 1.641348 4.226946 -2.377695 2.655383 22.926793 -1.574077 3.065229
Car -1 -1 -1.788997 1278.659790 635.192322 1507.982788 826.794861 0.747266 1.548185 4.209548 5.173635 2.053852 25.628407 -1.589803 3.396405
Car -1 -1 1.198678 370.540283 328.748047 524.820374 438.474670 1.463982 1.554524 4.349453 -10.631935 -3.038322 47.049510 0.976437 0.597831
Car -1 -1 1.898141 57.073380 289.682800 166.965225 366.397034 1.342339 1.268329 4.169644 -21.779327 -5.296520 57.734676 1.537416 0.982216
Car -1 -1 -1.674118 1054.144531 256.207886 1127.692017 319.432892 1.248797 1.661430 4.239741 4.697346 -7.658453 68.721117 -1.605870 1.213396
Car -1 -1 -1.696608 1101.352661 300.675201 1193.466553 388.937744 1.415296 1.683842 4.247901 5.250646 -4.705274 56.080786 -1.603254 1.486094
Car -1 -1 -1.597006 942.231995 297.965363 1023.957886 379.671967 1.346371 1.860842 4.240107 1.076230 -4.928722 56.580930 -1.577987 1.752737
Car -1 -1 -1.544398 818.151917 252.500549 886.151306 313.490967 1.271273 1.821491 4.251000 -2.763367 -7.810612 68.932747 -1.584465 1.392909
Car -1 -1 -1.533985 769.937012 370.406555 876.493774 468.635010 1.087153 1.842699 4.260004 -2.413301 -2.419938 45.751744 -1.586684 1.507174
Car -1 -1 1.856381 251.257645 227.334290 342.468933 285.976837 1.337079 1.629120 4.305541 -21.963114 -9.352054 74.893289 1.571120 0.699351
Car -1 -1 1.769910 430.734253 179.148544 490.701569 222.390839 1.430061 1.699714 4.248485 -22.002553 -15.103792 100.429737 1.554234 0.589879
Car -1 -1 1.811996 344.091553 186.603165 406.355957 228.700455 1.308662 1.541384 4.238415 -25.224067 -14.454079 97.699775 1.559334 0.536417
Car -1 -1 1.751487 448.994415 238.845383 530.836121 298.099365 1.286577 1.652532 4.260020 -14.569884 -8.483321 70.897959 1.548804 1.017432
Car -1 -1 -1.731827 1366.527710 256.842255 1444.532837 320.116547 1.207237 1.517571 4.235816 14.666657 -7.730853 69.309791 -1.523293 1.141202
Car -1 -1 -1.667162 991.060852 902.033997 1312.682129 1079.211914 0.800082 1.897133 4.274732 1.533031 4.153713 17.609683 -1.580325 3.179507
Car -1 -1 -1.551419 851.980896 169.772842 897.975037 223.992752 1.896511 1.707829 4.591837 -2.945409 -14.934873 99.517810 -1.581007 0.315566
Car -1 -1 -1.573422 935.095398 235.462631 995.609497 291.044434 1.264578 1.805161 4.247849 0.830059 -9.175407 74.842215 -1.562332 1.561736
Car -1 -1 -1.587508 939.200745 177.068558 983.947937 222.948502 1.581838 1.682453 4.274373 0.945678 -14.823808 98.956259 -1.577951 0.654715
Car -1 -1 -1.634994 1003.367615 166.063095 1045.848022 201.556274 1.307340 1.724969 4.257901 4.382622 -18.247472 114.683114 -1.596797 0.653592
Car -1 -1 1.722468 567.504395 159.183792 613.911560 195.910904 1.389922 1.640901 4.244516 -18.799006 -18.993977 117.534932 1.563867 0.565552
