Car -1 -1 1.817298 14.903753 274.167206 139.979492 356.610626 1.142199 1.517516 4.315935 -20.135184 -4.702351 63.418415 1.509867 1.163000
Car -1 -1 -1.598136 850.005127 266.631775 940.746399 358.825928 1.391422 1.773568 4.355688 -1.549847 -4.676167 63.939836 -1.622370 0.855491
Car -1 -1 1.861003 0.000000 243.947189 75.992065 316.236023 1.259955 1.656728 4.225114 -24.658632 -6.239414 72.351967 1.532534 0.915623
Car -1 -1 1.801243 125.041641 219.244522 234.754059 304.268829 1.580156 1.692697 4.382861 -21.119073 -6.835876 75.184336 1.527403 0.772422
Car -1 -1 1.713415 312.102905 202.186279 399.738922 266.048401 1.362466 1.787804 4.260540 -18.420129 -8.644720 84.550478 1.498908 1.242031
Car -1 -1 1.837650 119.656769 190.062378 206.888855 260.493408 1.617584 1.555376 4.258380 -25.358699 -9.197655 88.253871 1.557850 0.543736
Car -1 -1 1.760452 249.296219 157.158401 314.967010 205.368835 1.442687 1.590657 4.260071 -27.397473 -13.646693 112.068105 1.520683 0.742614
Car -1 -1 1.720233 312.645325 168.821350 379.510986 216.315659 1.290055 1.596956 4.253675 -23.323998 -12.451996 105.308795 1.502270 0.722542
Car -1 -1 1.816208 0.000000 204.840195 78.440567 266.876434 1.363258 1.831599 4.282651 -29.493613 -8.919707 87.482400 1.491038 0.719957
Car -1 -1 1.775118 230.571823 145.634003 287.900940 182.913071 1.228532 1.357190 4.256016 -30.920537 -15.835319 122.775898 1.528403 0.607043
Car -1 -1 -1.618793 893.023560 131.076935 934.308716 166.467529 1.277891 1.749089 4.271120 -2.449181 -18.686705 138.855625 -1.636430 0.452832
Car -1 -1 1.701053 376.987518 140.627884 433.839569 188.789902 1.590096 1.777877 4.263962 -23.956004 -15.209457 119.687277 1.503508 0.462240
