Car -1 -1 2.842472 1613.281006 408.532196 1907.631836 531.667419 1.646392 1.875798 4.251180 13.270925 -0.965305 47.927420 3.112600 4.501794
Car -1 -1 -3.140942 806.753723 389.599915 1056.044678 496.984467 1.552491 1.861959 4.373664 -1.131197 -1.589782 50.981863 3.120058 3.261589
Car -1 -1 -0.165468 141.708694 400.329651 392.201813 496.519623 1.250167 1.825206 4.105062 -13.740416 -1.720227 52.337348 -0.422210 3.378648
Car -1 -1 -1.523280 697.792603 794.479126 924.570679 1041.682617 0.764599 1.704067 4.237714 -1.536922 3.181079 24.705844 -1.585409 3.706714
Car -1 -1 -1.653136 1042.876709 851.528137 1296.194214 1078.288696 1.052129 1.648591 4.231753 1.390121 3.862579 23.303471 -1.593553 3.500841
Car -1 -1 -1.774180 1345.366577 816.660461 1695.178833 1079.191650 0.974573 1.920789 4.703053 4.427776 3.621201 24.059788 -1.592184 2.563266
Car -1 -1 1.674801 639.939819 304.071655 720.378174 378.446869 1.310115 1.526863 4.243567 -7.939783 -5.098793 70.584237 1.562785 1.068797
Car -1 -1 1.741175 412.015045 300.280823 506.464508 376.536011 1.303067 1.543445 4.241312 -13.738742 -5.231250 71.413068 1.551113 1.077839
Car -1 -1 1.793364 260.615906 314.213013 362.247711 382.232697 1.177457 1.408122 4.243995 -17.294902 -4.973587 70.206392 1.551830 1.205201
Car -1 -1 -1.568801 970.154541 135.636230 998.280945 161.127533 1.434247 1.772983 4.242396 -0.599572 -28.245088 196.383692 -1.571854 0.353989
Car -1 -1 1.661796 676.787598 279.747681 752.755615 348.161469 1.351088 1.632978 4.243638 -7.712318 -6.329804 77.030467 1.562009 0.682300
