Car -1 -1 -0.951892 596.256409 325.238373 786.547729 418.281708 1.092802 1.608882 4.011457 -5.211040 -2.929428 54.162779 -1.047807 1.578727
Car -1 -1 -0.081994 880.240845 424.011993 1203.474731 547.674805 1.329346 1.882001 4.475949 1.174758 -0.403292 42.252551 -0.054198 4.645914
Car -1 -1 -1.513438 845.737610 261.014099 930.383972 343.330719 1.284492 1.736864 4.248655 -1.720368 -5.156199 66.249156 -1.539400 1.044422
Car -1 -1 1.741629 155.264252 271.924133 279.938049 356.755371 1.223907 1.808882 4.321790 -16.895093 -4.662222 63.184138 1.480347 1.102898
Car -1 -1 1.793742 12.697211 271.776398 138.396301 353.628235 1.190820 1.706018 4.300353 -20.491534 -4.807788 64.396651 1.485666 1.151588
Car -1 -1 1.777088 129.375443 221.149384 234.268372 297.673096 1.495366 1.690148 4.251587 -21.622608 -7.111489 77.092756 1.503639 1.188524
Car -1 -1 1.747253 231.299469 215.734665 331.444641 304.086792 1.722475 1.673849 4.232255 -17.958783 -6.632555 73.424027 1.507372 1.029001
Car -1 -1 1.810223 59.328419 213.992477 156.307144 281.670807 1.285764 1.458288 4.248685 -25.117189 -8.028994 81.820396 1.512375 1.104392
Car -1 -1 1.718934 288.605774 214.378296 373.804291 277.895111 1.302273 1.680994 4.245492 -18.381282 -7.991242 81.198451 1.496311 1.031464
Car -1 -1 1.803820 0.439181 234.543991 63.170895 314.332550 1.426034 1.727871 4.244750 -25.062736 -6.358326 72.775416 1.472157 1.050152
Car -1 -1 1.736442 247.868744 158.283310 312.820801 206.685501 1.381098 1.634971 4.252778 -27.752565 -13.789953 113.174088 1.495968 0.621245
Car -1 -1 1.722053 332.261108 156.388672 396.329956 205.193176 1.483336 1.740394 4.257692 -23.605933 -13.369031 109.831198 1.510344 0.754387
Car -1 -1 1.770757 189.079956 145.483017 254.244370 191.841797 1.551444 1.792338 4.264263 -31.246903 -14.776036 117.434620 1.510703 0.688311
Car -1 -1 1.795436 97.648605 178.100479 171.784790 226.577255 1.324558 1.571820 4.259846 -29.958706 -11.510154 100.555925 1.505879 0.621026
Car -1 -1 1.754133 263.037231 191.017609 339.769379 246.268387 1.313457 1.589335 4.244699 -21.600668 -9.856854 90.897444 1.520823 0.646253
Car -1 -1 1.718919 272.031281 130.001862 324.479401 171.981140 1.545975 1.665143 4.266392 -31.652679 -17.532888 132.448109 1.484337 0.234848
