Car -1 -1 -1.605459 736.635681 487.555634 891.122437 632.459839 1.010721 1.734324 4.262561 -2.312251 0.477613 38.724372 -1.665099 2.623620
Car -1 -1 -2.176889 112.255493 318.707947 302.396637 407.692169 1.186187 1.604973 4.150558 -16.303234 -3.333287 58.561654 -2.448408 0.744860
Car -1 -1 1.580030 524.178772 291.571655 605.866028 369.543427 1.233230 1.491952 4.249046 -9.538376 -4.382246 64.145920 1.432413 1.251658
Car -1 -1 -1.577944 726.257690 269.704468 800.227417 334.406616 1.157110 1.789448 4.260734 -5.778519 -5.987157 75.074235 -1.654764 1.034165
Car -1 -1 1.679714 529.822754 228.173462 602.059204 287.869141 1.261738 1.633570 4.263482 -12.625799 -8.109722 85.384141 1.532907 1.017210
Car -1 -1 1.694647 447.422333 223.106171 520.237732 279.213623 1.290847 1.614465 4.243411 -15.891401 -8.719358 89.470654 1.518864 0.731181
Car -1 -1 -1.545838 699.505798 203.553421 750.844666 251.777695 1.301479 1.776335 4.264125 -9.199821 -10.831294 101.926723 -1.635853 0.824355
Car -1 -1 1.649491 558.450562 186.078690 625.947937 269.219452 2.138241 1.680190 4.648241 -13.309482 -9.803385 96.230777 1.512055 0.341505
Car -1 -1 -1.542335 747.629700 126.644753 779.559509 153.609741 1.419765 1.865419 4.233226 -14.038160 -25.380127 183.278765 -1.618780 0.247372
Car -1 -1 1.649934 598.372070 120.416473 632.254028 148.802124 1.617641 1.895857 4.287308 -25.781095 -27.810201 198.287596 1.520641 0.161774
