Car -1 -1 -1.646305 982.833557 547.198853 1131.662109 692.264954 0.936141 1.636406 4.237872 0.797539 0.965059 37.259770 -1.624904 2.804134
Car -1 -1 -1.681612 1165.092041 399.115265 1304.621826 560.042603 1.686857 1.718806 4.879025 4.010829 -0.792875 46.604599 -1.595763 1.626083
Car -1 -1 -1.527889 797.548950 328.499634 891.121277 419.803741 1.414175 1.816510 4.237367 -3.323532 -3.700850 62.635693 -1.580900 1.459730
Car -1 -1 -1.760269 1317.005737 667.626343 1561.085083 862.716736 0.822833 1.659106 4.472674 4.788328 2.291090 30.352604 -1.603802 2.090076
Car -1 -1 -1.532023 698.965881 653.422607 881.507690 854.329041 0.996240 1.678806 4.219597 -2.188173 2.275080 30.468264 -1.603718 3.297813
Car -1 -1 -1.391744 321.325317 803.766479 590.220886 1044.307983 0.695652 1.497662 4.222134 -4.645552 3.177288 24.523904 -1.578956 2.403380
Car -1 -1 -1.587838 962.279419 365.698883 1061.988159 460.254364 1.257303 1.775098 4.230435 0.380383 -2.639495 56.970720 -1.581161 1.763014
Car -1 -1 1.655628 647.557861 289.636292 732.282654 376.979584 1.608978 1.617437 4.241873 -7.673959 -5.138257 70.351149 1.546977 1.152237
Car -1 -1 -1.626740 1075.444092 278.476013 1147.939453 342.555206 1.261621 1.727239 4.244842 3.381785 -6.641274 78.953618 -1.583933 1.265362
Car -1 -1 -1.608353 934.936768 288.207520 1017.604980 367.526855 1.485287 1.890982 4.240589 -0.453649 -5.551561 73.118154 -1.614557 1.113081
Car -1 -1 -1.543776 861.961853 214.968124 909.770813 260.499939 1.333160 1.665007 4.237696 -4.085134 -11.840483 106.729819 -1.582033 0.704998
Car -1 -1 -1.567064 994.495422 228.610748 1052.498779 285.252045 1.508361 1.881949 4.223978 1.099290 -10.055308 97.858642 -1.555831 0.876924
Car -1 -1 -1.590847 1024.553101 203.758102 1074.298584 249.935455 1.482115 1.763843 4.234873 2.308695 -12.652218 111.124710 -1.570075 0.774609
Car -1 -1 -1.551894 865.761230 185.107178 905.966553 222.190216 1.265749 1.713574 4.234921 -5.035813 -16.168198 130.395353 -1.590495 0.667279
Car -1 -1 -1.569753 940.184631 179.927765 979.387329 214.709244 1.348265 1.710781 4.250864 -1.573510 -16.969980 134.836957 -1.581422 0.795395
Car -1 -1 -1.554630 913.910095 132.748840 941.398682 156.482452 1.394482 1.747913 4.224316 -4.747212 -29.118747 200.187141 -1.578339 0.363506
Car -1 -1 -1.597166 930.347046 263.777771 992.912231 320.751373 1.255764 1.758893 4.237393 -0.944843 -7.821658 85.664014 -1.608195 1.261379
Car -1 -1 1.644899 734.449280 216.922653 792.584412 276.085968 1.609153 1.668765 4.243028 -8.239826 -10.527650 99.517944 1.562290 0.655364
Car -1 -1 -1.595735 995.239929 152.414429 1028.022705 180.957230 1.366955 1.799198 4.254826 1.138432 -23.050683 167.731553 -1.588948 0.431946
Car -1 -1 1.652231 698.724609 246.669342 768.132141 317.622833 1.620915 1.647279 4.246903 -7.987616 -7.914401 85.599519 1.559186 0.874663
Car -1 -1 -1.615925 1095.159912 138.969620 1130.103027 168.802780 1.575011 1.966180 4.242558 7.841191 -25.723818 181.679096 -1.572792 0.080434
