Car -1 -1 -1.527549 552.096802 633.704407 783.380798 880.240173 0.715909 1.721018 4.258321 -2.628507 1.977763 24.691005 -1.633606 2.393571
Car -1 -1 -0.408776 1627.108887 253.306473 1889.349121 361.438599 1.423796 1.819421 3.765629 14.149837 -3.453415 49.917334 -0.132557 2.971905
Car -1 -1 -1.675863 953.496094 657.244324 1229.430054 915.091064 0.656657 1.814030 4.538230 0.944542 2.153428 24.329828 -1.637060 1.884747
Car -1 -1 -0.149029 1180.851440 290.964294 1516.961792 403.021698 1.267995 1.884280 4.864290 6.266909 -2.588636 46.161222 -0.014093 3.645750
Car -1 -1 -1.788513 1319.443726 629.396240 1626.174438 871.924438 0.657058 1.559800 4.431585 4.417806 1.920512 25.101248 -1.614298 2.323005
Car -1 -1 -1.388372 164.523819 620.597351 453.773224 849.779602 0.668450 1.642571 4.290680 -5.974333 1.828887 25.507114 -1.618447 2.472492
Car -1 -1 0.127302 126.911659 317.124023 453.700714 431.582062 1.318279 1.863764 4.591176 -10.913927 -2.056525 44.822036 -0.111545 3.585127
Car -1 -1 0.240882 78.216286 274.474182 342.273254 388.973328 1.347083 1.845372 3.861506 -13.005450 -2.918696 47.740362 -0.025085 2.217686
Car -1 -1 3.010260 1007.408142 182.698456 1220.615112 283.302612 1.564072 1.856779 4.191667 3.096156 -5.625618 59.312200 3.062413 2.021482
Car -1 -1 -3.060318 182.485184 226.335953 420.887817 331.908264 1.443213 1.863249 4.120893 -13.083132 -4.304153 54.119135 2.985671 2.092795
Car -1 -1 -0.212121 1024.784912 267.627380 1294.794800 373.828186 1.302447 1.863349 4.095968 3.263240 -3.173968 48.445801 -0.144864 2.211348
Car -1 -1 -0.028847 649.051331 229.877029 936.203125 350.792908 1.654531 1.965090 4.805986 -3.302916 -3.769754 51.624796 -0.092739 1.959659
Car -1 -1 2.823931 1674.637573 192.996262 1915.547119 277.785156 1.314510 1.845333 4.232771 18.000631 -5.814178 60.347049 3.113813 1.741714
Car -1 -1 2.945771 1317.200684 173.313629 1534.843750 261.841125 1.492542 1.840465 4.403172 10.351699 -6.400181 63.181587 3.108169 1.325416
Car -1 -1 -0.687623 1178.247559 139.868256 1333.350464 206.050262 1.225962 1.780661 3.894186 8.040254 -9.329422 77.387985 -0.584099 1.533944
Car -1 -1 -0.235517 1477.802002 237.141556 1734.190918 335.204071 1.326208 1.850246 4.027767 12.130568 -4.118565 52.911089 -0.010148 1.925575
Car -1 -1 -0.744275 656.274109 150.314926 816.453369 216.582626 1.183391 1.818049 3.978087 -6.270982 -8.813920 75.291504 -0.827373 1.181071
Car -1 -1 1.737031 379.286163 119.245781 458.021393 180.039246 1.263443 1.488295 4.252015 -16.990060 -11.019515 85.302511 1.540430 0.997119
Car -1 -1 3.066997 857.706665 182.243683 1049.925537 264.406738 1.404759 1.848509 4.114921 -0.416017 -6.330525 63.265013 3.060421 1.301465
Car -1 -1 1.773452 268.494781 114.171974 354.184082 177.818130 1.362120 1.620582 4.257868 -20.534806 -11.211579 86.325315 1.539915 1.117614
Car -1 -1 -2.876685 353.536621 189.393280 568.214722 269.652954 1.272083 1.848968 4.181820 -11.578398 -6.301175 63.392593 -3.057340 0.999534
Car -1 -1 1.821777 68.460831 101.945114 160.956055 168.212692 1.554379 1.595807 4.280976 -28.179483 -12.127261 91.310429 1.522439 0.848253
Car -1 -1 -3.119385 466.423279 200.057144 721.099060 301.460480 1.638742 1.911929 4.630896 -7.812005 -5.096302 58.354538 3.030721 1.329640
Car -1 -1 1.816706 143.467377 118.709900 234.438583 182.226578 1.387161 1.506119 4.244944 -23.965121 -10.873425 84.915138 1.541636 1.093141
Car -1 -1 2.934366 1095.248657 208.620316 1339.607422 313.300629 1.464530 1.805637 4.223337 5.070473 -4.819986 56.223035 3.024308 2.175176
Car -1 -1 1.846761 1.163743 130.907059 93.636459 199.761307 1.340511 1.525020 4.267556 -27.692459 -10.238846 83.055807 1.524933 0.813481
Car -1 -1 -2.254815 1402.292236 108.392151 1517.010986 171.997543 1.537171 1.764212 3.195749 15.007435 -11.133804 85.537301 -2.081134 0.402006
Car -1 -1 1.782803 193.015228 106.004234 270.063721 162.661285 1.269435 1.324016 4.236927 -24.499828 -12.383304 92.111654 1.522842 1.057135
Car -1 -1 2.777749 1779.237305 150.097351 1920.078491 240.024048 1.603968 1.887812 4.132598 21.916652 -7.247976 66.611980 3.095612 0.585386
Car -1 -1 1.772399 325.585968 96.261284 394.937012 152.202545 1.324980 1.275066 4.259018 -20.836231 -13.064965 94.702275 1.555831 0.973061
Car -1 -1 3.126470 730.820374 189.042633 927.358643 276.483765 1.297007 1.855453 3.927703 -3.082077 -5.735190 59.161616 3.074421 0.572267
Car -1 -1 1.777128 233.349396 86.943916 304.927155 140.378540 1.452740 1.489728 4.247412 -25.710019 -14.390174 101.691630 1.529494 0.662067
Car -1 -1 1.713924 411.946381 99.818726 480.606903 153.545715 1.254766 1.533929 4.258424 -17.778323 -12.916966 94.103905 1.527202 0.849483
Car -1 -1 -1.738037 1253.882690 84.067314 1324.937378 136.459885 1.238338 1.573242 4.280201 11.504908 -14.406094 100.256801 -1.623783 0.621786
Car -1 -1 1.732849 452.304291 82.994202 514.913513 136.170883 1.327219 1.542094 4.246325 -17.820093 -14.571534 101.659735 1.559321 0.832731
Car -1 -1 -1.297226 0.000000 898.713379 291.902344 1080.000000 0.890684 1.868228 4.275205 -6.258672 3.986520 19.152648 -1.613066 3.867576
Car -1 -1 2.657691 580.743835 227.237534 833.158813 328.522339 1.554056 1.920638 4.699620 -5.067599 -4.403948 56.018513 2.567473 0.708047
Car -1 -1 1.702214 502.030090 60.945389 549.891785 104.536980 1.246133 1.358484 4.249929 -18.633022 -17.841401 116.082638 1.543056 0.477804
Car -1 -1 1.817269 132.619583 95.194366 201.959335 145.915924 1.245402 1.151776 4.257331 -28.369075 -13.652765 97.814862 1.534986 0.521858
Car -1 -1 1.668783 524.803589 50.889111 570.276978 89.817726 1.421540 1.528034 4.234604 -18.797228 -19.335498 123.176135 1.517347 0.489558
Car -1 -1 1.862891 28.997414 81.496300 96.397469 127.518028 1.293994 1.270561 4.269773 -36.226082 -16.022263 110.166807 1.545200 0.295643
Car -1 -1 1.876313 72.450294 69.596611 138.080795 114.538811 1.429017 1.243428 4.282887 -36.627385 -17.504105 117.338217 1.573745 0.228060
