Car -1 -1 -1.684466 1085.008911 701.810730 1314.571777 926.129333 0.811087 1.574763 4.243353 1.649980 2.618783 26.703694 -1.622756 2.363103
Car -1 -1 2.784333 410.802002 358.755341 665.481567 468.547943 1.337771 1.848391 4.076807 -8.927628 -1.903198 51.614885 2.613061 3.831512
Car -1 -1 2.840332 0.000000 331.838226 225.213455 453.885162 1.645060 1.857466 4.662563 -17.734346 -2.126574 52.014526 2.511742 1.488460
Car -1 -1 -1.195411 1705.021240 537.453369 1920.180542 737.181885 1.377486 1.725756 4.173190 10.791850 1.547001 36.437001 -0.907464 3.357204
Car -1 -1 2.892025 925.206543 358.500244 1163.577515 454.228912 1.378414 1.839488 4.124682 0.461258 -2.132531 54.262623 2.900525 3.500390
Car -1 -1 2.935576 1173.819336 319.473846 1376.125366 400.775116 1.395135 1.819568 4.056237 5.881414 -3.645120 64.236796 3.026879 2.535126
Car -1 -1 -1.706122 1488.279297 752.683289 1745.616943 983.504639 0.722257 1.623328 4.237412 5.489009 2.975524 25.965623 -1.497794 2.421840
Car -1 -1 -1.001794 761.599304 255.535950 897.677917 318.458313 1.223180 1.590284 4.285228 -5.397887 -6.773724 80.138959 -1.069049 1.172207
Car -1 -1 2.870632 1364.827881 348.443787 1598.271973 451.653046 1.636027 1.833197 4.057281 9.346643 -2.228566 56.301349 3.035143 2.998346
Car -1 -1 -2.925649 302.612152 288.188782 517.042542 368.007660 1.368887 1.806273 4.218058 -14.085009 -4.368236 64.531574 -3.140544 2.685388
Car -1 -1 2.844954 717.506653 336.110077 966.932678 427.569000 1.323002 1.847496 4.715958 -3.679947 -2.822646 57.669062 2.781229 2.282492
Car -1 -1 -0.707944 471.238220 247.400543 646.415649 323.412140 1.444343 1.846198 4.086637 -12.364808 -6.253222 75.155416 -0.871007 1.631591
Car -1 -1 1.724726 312.828339 205.385178 393.024811 271.680695 1.586950 1.717191 4.255324 -21.462148 -8.940364 89.629036 1.489696 0.721030
Car -1 -1 1.767669 219.714920 211.689651 305.663147 271.775299 1.340030 1.684524 4.251449 -24.503733 -9.025303 90.153900 1.502282 0.850498
Car -1 -1 2.764543 1522.977295 345.502411 1742.936523 431.276093 1.372203 1.835627 4.044502 13.485517 -2.856159 61.181858 2.981491 2.014752
Car -1 -1 1.795748 165.382950 189.083450 242.288910 245.157303 1.525970 1.647054 4.261172 -29.498428 -10.912317 100.621032 1.510575 0.725290
Car -1 -1 -1.565242 843.556335 123.207474 873.466736 150.841690 1.432468 1.812080 4.241320 -11.001131 -26.556843 190.905188 -1.622805 0.119847
