Car -1 -1 2.977390 989.618774 432.090851 1287.287109 537.546387 1.329489 1.861846 4.613235 2.423303 -0.848462 46.887271 3.029027 3.846575
Car -1 -1 0.003525 750.180054 459.669495 1057.603760 575.433228 1.416570 1.836681 4.472811 -1.418439 -0.228195 44.403472 -0.028408 4.097890
Car -1 -1 0.225775 160.171722 407.027466 460.631439 532.632080 1.711183 1.909638 4.564258 -11.809602 -0.955356 48.435333 -0.013381 4.000906
Car -1 -1 -0.209657 1514.400269 443.590820 1826.620728 574.966125 1.582982 1.816405 4.175339 10.683123 -0.260649 43.955900 0.028762 4.139660
Car -1 -1 -1.524085 695.590942 674.304260 900.836975 896.893311 1.050199 1.773735 4.235234 -1.933025 2.507492 28.719395 -1.591291 3.887947
Car -1 -1 1.787368 284.074951 289.929291 385.750061 371.455658 1.538065 1.569530 4.249437 -17.124482 -5.380947 72.126617 1.554262 1.059586
Car -1 -1 -1.021614 670.380432 346.792114 828.321533 432.935974 1.203652 1.507794 4.104592 -5.381589 -3.394850 61.506955 -1.108887 0.845497
Car -1 -1 -1.644385 1029.221313 848.878784 1291.461304 1078.833740 0.942300 1.736694 4.261979 1.305608 3.739329 23.344546 -1.588516 3.566891
Car -1 -1 1.696002 522.027039 296.158966 613.474304 376.113281 1.469717 1.687376 4.242737 -10.907941 -5.212351 71.284319 1.544160 1.237593
Car -1 -1 -2.950202 407.953857 390.172424 649.516418 497.634430 1.511303 1.824546 3.987580 -8.595597 -1.622927 51.600703 -3.115266 2.785678
Car -1 -1 2.871065 1395.001709 423.133026 1643.402710 526.388123 1.394639 1.817769 3.783808 9.133081 -0.998576 47.816357 3.059795 2.011264
Car -1 -1 2.934330 1374.883057 386.283386 1612.393188 488.530151 1.473660 1.837629 3.992267 9.545164 -1.829470 52.793872 3.113198 2.024146
Car -1 -1 -3.081326 807.211304 395.911438 1090.605347 488.235016 1.281087 1.891255 4.820274 -0.838784 -1.767997 51.247561 -3.097692 2.031969
Car -1 -1 2.739100 1779.272217 413.023834 1919.349487 534.997131 1.727852 1.828613 3.585897 15.610202 -0.805665 47.039579 3.059518 0.469612
Car -1 -1 -1.782811 1387.767212 860.040405 1759.404175 1078.110596 1.344703 1.826987 4.250877 4.481345 4.107287 22.083723 -1.582604 4.222898
Car -1 -1 1.738467 398.934021 305.567108 497.413086 380.716217 1.261053 1.628189 4.242416 -13.829527 -5.071523 70.428449 1.544571 1.114522
Car -1 -1 1.638790 644.471069 299.713196 727.858582 383.346771 1.446944 1.700541 4.265056 -7.704796 -4.972365 69.817018 1.528878 1.031140
Car -1 -1 -1.511969 621.232178 911.477722 911.499268 1077.927856 1.108124 1.804115 4.264654 -1.578489 4.156185 20.747790 -1.587903 2.819734
Car -1 -1 1.728034 486.784821 239.651215 571.576721 312.154480 1.706918 1.764132 4.285588 -14.563585 -8.221199 87.210417 1.562567 0.724069
Car -1 -1 1.756971 347.559967 257.760803 435.943207 337.361969 1.668903 1.553669 4.301353 -17.547074 -6.975966 80.934789 1.543470 0.847855
Car -1 -1 1.687611 591.468689 246.814926 663.658386 314.467346 1.688143 1.603632 4.247895 -11.329719 -7.971205 86.020032 1.556655 1.100489
Car -1 -1 -0.431102 266.236755 382.850220 491.238220 468.545319 1.198088 1.834110 3.583389 -12.015277 -2.289998 54.417689 -0.648413 1.095583
Car -1 -1 1.661009 681.356628 190.829819 733.348145 236.392105 1.543617 1.745641 4.233111 -12.298680 -14.205386 119.553104 1.558498 0.568513
Car -1 -1 0.009018 1.314553 413.648468 101.661201 518.828735 1.349193 1.800848 3.759213 -18.889340 -1.355077 51.710012 -0.341216 0.715096
Car -1 -1 1.720256 449.446198 279.139008 530.029053 346.068604 1.294979 1.530131 4.258836 -14.223236 -6.499883 78.292891 1.540549 1.096798
Car -1 -1 -1.580893 990.902039 131.323990 1019.572205 166.727402 1.880997 1.748026 4.432704 0.862126 -26.773559 188.014301 -1.576308 0.228184
Car -1 -1 -1.572565 933.632263 142.290314 965.895996 174.404587 1.720069 1.813339 4.255343 -2.663464 -24.057018 173.012482 -1.587959 0.261271
Car -1 -1 1.700009 636.601624 237.846024 695.000427 288.366791 1.341346 1.418941 4.234410 -11.271846 -9.644124 95.351848 1.582342 0.898525
Car -1 -1 1.659617 706.391113 131.008774 739.528442 160.865311 1.789766 1.868888 4.292184 -19.036487 -28.124557 195.308761 1.562455 0.219615
Car -1 -1 1.684694 602.173706 176.789032 649.813904 211.670319 1.356478 1.732176 4.254617 -18.232694 -17.460890 137.564471 1.552922 0.449984
Car -1 -1 1.646538 705.738037 221.151932 775.426331 293.528625 1.904570 1.859748 4.579181 -8.530955 -9.439016 94.124197 1.556150 0.310658
Car -1 -1 1.681845 560.740479 275.912415 640.751099 342.856812 1.331392 1.558352 4.264978 -11.052991 -6.533432 78.101451 1.541258 0.975972
Car -1 -1 1.431956 669.157654 281.599121 750.247559 349.033142 1.268965 1.611651 4.217214 -7.865586 -6.276039 76.648893 1.329696 0.553097
