Car -1 -1 -1.648348 991.053101 661.252869 1190.629028 878.215576 0.833880 1.660019 4.235146 1.563284 2.428520 24.629480 -1.584961 2.406110
Car -1 -1 1.792350 382.637787 225.955444 459.570160 281.187286 1.342016 1.574822 4.254759 -18.099608 -9.649301 76.392892 1.559712 1.180428
Car -1 -1 1.947701 32.148777 323.551300 189.775742 442.135223 1.543169 1.192662 4.750626 -17.782557 -3.015191 47.005296 1.586031 1.574227
Car -1 -1 1.836746 219.904495 229.173584 318.234222 304.767365 1.693572 1.653857 4.518998 -21.487870 -8.243746 70.198640 1.539701 0.780427
Car -1 -1 1.751945 491.175690 178.875549 554.594666 228.201569 1.629847 1.799968 4.255013 -18.509392 -14.383544 97.128955 1.563638 0.634663
Car -1 -1 1.893748 109.612991 229.090012 216.555054 300.074493 1.543821 1.633743 4.525764 -25.318000 -8.542863 71.421088 1.553079 0.666705
Car -1 -1 1.931202 37.223244 298.325867 165.450821 379.517639 1.304381 1.208476 4.239203 -21.198781 -4.825992 55.509608 1.566401 1.451736
Car -1 -1 1.782473 334.581909 211.164368 409.475616 264.241364 1.408359 1.622576 4.240880 -21.602397 -11.096868 83.128772 1.528230 0.801347
Car -1 -1 -1.629734 931.869324 230.528000 992.718201 287.275208 1.310361 1.810265 4.243746 0.758657 -9.417034 75.894576 -1.619738 0.884805
Car -1 -1 1.736042 550.941406 164.748505 600.073975 204.364441 1.618427 1.623065 4.280047 -18.503011 -17.444867 110.859762 1.570662 0.560536
Car -1 -1 1.834084 272.163116 202.791260 343.441956 250.978287 1.357314 1.574477 4.235789 -25.626334 -12.319179 88.888340 1.553397 0.756626
Car -1 -1 1.720465 575.868286 142.433029 614.603455 172.674408 1.428229 1.708009 4.239872 -21.921547 -23.761453 138.933753 1.563971 0.434736
Car -1 -1 1.695598 627.627380 119.196617 659.814270 148.559174 1.908314 1.703880 4.420157 -23.383126 -31.074821 171.980794 1.560463 0.088615
