Car -1 -1 -1.529166 442.005005 446.947418 597.438660 637.182556 1.566137 1.830822 4.233965 -6.062329 0.342000 31.986213 -1.716473 3.190243
Car -1 -1 -1.966582 283.722961 394.736206 465.473083 525.268433 1.313097 1.374187 4.207963 -10.015952 -1.187014 38.518227 -2.220979 1.775891
Car -1 -1 -1.374344 277.227814 676.105774 525.915771 879.533386 0.675133 1.629636 4.228925 -5.689715 2.364034 23.651441 -1.610423 3.818079
Car -1 -1 1.204720 387.903595 330.843231 538.912842 443.175995 1.525801 1.417864 4.351363 -10.141155 -2.878805 46.379541 0.989452 1.009336
Car -1 -1 2.944595 1815.622070 310.381256 1918.948730 392.524200 1.404154 1.805899 4.000176 25.373768 -4.640716 57.295436 -2.921691 0.668913
Car -1 -1 1.766981 482.789001 216.348633 558.570007 280.032867 1.563358 1.652465 4.244374 -14.553120 -9.664584 76.035168 1.577869 1.012086
Car -1 -1 1.690164 345.081177 304.530945 440.865265 389.796356 1.266776 1.572729 4.243918 -13.234057 -4.407037 52.876790 1.444921 0.929945
Car -1 -1 1.751612 429.104614 249.601715 509.342041 313.309998 1.316787 1.514448 4.230606 -14.580296 -7.689286 67.766022 1.539686 1.129806
Car -1 -1 1.717366 381.094818 273.164001 470.671875 345.639343 1.296648 1.606310 4.258508 -14.387681 -6.162413 61.189920 1.486430 1.403278
Car -1 -1 1.648174 679.317322 108.851013 707.119019 132.374115 1.700392 1.960021 4.252656 -22.933340 -37.964480 202.182505 1.535228 0.142438
