Car -1 -1 -1.502597 861.888245 401.380829 967.217102 509.862885 1.088796 1.543903 4.207817 -0.838129 -1.507413 39.963536 -1.523567 2.108976
Car -1 -1 -1.721157 1289.136963 511.364410 1462.283936 661.377319 0.848056 1.647809 4.217509 5.768409 0.528518 30.975688 -1.537043 3.774694
Car -1 -1 -1.621098 1045.871094 698.157898 1262.082520 933.090027 0.741005 1.736181 4.309251 1.823169 2.571245 22.243721 -1.539317 1.952205
Car -1 -1 -1.612832 1061.611816 375.768738 1169.111206 481.025391 1.093061 1.741330 4.241161 2.976244 -2.196318 43.406909 -1.544373 1.942644
Car -1 -1 -1.585084 1046.184082 202.632416 1106.914917 258.918884 1.403482 1.879587 4.236692 4.087910 -10.955956 79.030602 -1.533404 0.830428
Car -1 -1 -1.652656 1165.793945 240.133728 1238.063477 308.232574 1.424517 1.796162 4.269240 7.356118 -7.971717 67.326867 -1.543828 1.086196
Car -1 -1 -1.669966 1211.456421 303.810059 1310.481689 395.890961 1.366792 1.791135 4.248090 6.902716 -4.229391 50.806509 -1.534930 1.271603
Car -1 -1 1.821567 455.859039 240.818008 548.315613 303.046051 1.204212 1.588162 4.294326 -14.265217 -8.184043 67.650380 1.613745 1.061723
Car -1 -1 1.868232 356.015656 241.525726 450.452728 304.098541 1.251444 1.482927 4.270336 -17.466954 -8.213596 68.221965 1.617585 1.394081
Car -1 -1 -1.520861 935.064270 169.542191 982.641907 221.145218 1.631483 1.740698 4.360078 -0.198454 -14.173611 92.099134 -1.523016 0.550034
Car -1 -1 1.903914 228.041107 251.188980 337.498322 317.162201 1.228996 1.526202 4.406912 -20.564707 -7.618617 66.047087 1.602064 0.986056
Car -1 -1 -1.455718 598.112671 885.240479 920.964478 1078.956787 0.922902 1.890824 4.247841 -1.450079 4.131191 17.322517 -1.539234 2.535973
Car -1 -1 1.870416 396.468719 203.290268 467.527771 253.056137 1.276753 1.244297 4.237538 -20.200400 -11.654124 82.648621 1.630702 0.950534
Car -1 -1 -1.586368 1084.592041 170.055679 1129.431885 210.982986 1.405100 1.764762 4.253820 6.533033 -15.615861 98.983061 -1.520462 0.744369
Car -1 -1 1.807823 525.534485 218.028625 600.932922 272.026123 1.244343 1.349281 4.244725 -13.951956 -10.113424 75.948231 1.626145 1.081997
Car -1 -1 1.894662 316.397797 228.534454 406.060791 285.748291 1.250539 1.387314 4.244618 -20.432183 -9.459670 73.903595 1.624929 0.774659
Car -1 -1 -1.564589 1024.851807 163.217087 1064.928711 200.819107 1.318652 1.699646 4.243211 4.003083 -17.422969 107.307453 -1.527301 0.686547
Car -1 -1 1.862152 428.932037 213.457016 509.423920 275.550629 1.435997 1.330965 4.289517 -16.867693 -9.857145 74.600902 1.639785 0.867076
Car -1 -1 -1.543632 969.663147 139.364868 1009.045532 183.735641 1.726824 1.705139 4.439146 1.368256 -19.652608 115.713575 -1.531808 0.406271
Car -1 -1 1.764591 623.452698 184.870407 682.415039 228.752274 1.256093 1.483611 4.255115 -12.978337 -13.782497 91.297099 1.623382 0.803935
Car -1 -1 -1.610469 1157.302368 146.758286 1195.992554 183.120438 1.546897 1.849299 4.264258 11.730399 -20.329235 119.995867 -1.513022 0.570139
Car -1 -1 -1.591399 1104.079224 135.933594 1137.505615 165.510513 1.358902 1.754319 4.246136 9.476765 -23.122846 131.031215 -1.519200 0.407937
Car -1 -1 1.745607 654.256897 168.528488 708.285034 209.061508 1.370050 1.636683 4.246931 -12.935544 -15.894432 100.146783 1.617153 0.645879
Car -1 -1 1.830967 496.923218 192.922333 567.410950 241.754608 1.309312 1.481297 4.248153 -17.169906 -12.671997 86.946498 1.635999 0.753498
Car -1 -1 1.787655 566.807739 201.601746 632.523865 251.776810 1.329337 1.355845 4.240943 -13.642770 -11.567923 82.064896 1.622918 0.721274
Car -1 -1 1.770031 596.209778 157.167450 647.009705 193.829803 1.342275 1.535888 4.241347 -17.128087 -17.914508 108.724176 1.613778 0.415417
Car -1 -1 -1.571033 1005.981567 103.390396 1033.062744 128.070419 1.496573 1.814209 4.247566 4.435220 -33.545396 174.298950 -1.545592 0.237390
Car -1 -1 1.805907 548.375427 180.988113 606.398743 221.552750 1.220124 1.297242 4.265093 -16.780914 -14.586049 94.614835 1.630372 0.534167
Car -1 -1 -1.592957 1092.537964 109.319801 1119.736084 135.240341 1.443741 1.840784 4.243706 10.895240 -31.537047 166.120476 -1.527464 0.206655
Car -1 -1 1.683760 757.788208 110.541016 789.137512 135.986481 1.507680 1.819797 4.260420 -14.573413 -31.687478 167.418130 1.596931 0.226507
Car -1 -1 1.833351 490.821381 175.767166 552.960449 218.770462 1.336873 1.461557 4.283058 -19.958492 -15.299498 98.264867 1.632967 0.276179
