Car -1 -1 -2.004260 415.611237 424.861542 590.562256 529.837769 1.124334 1.421918 4.086622 -8.844302 -1.372143 41.839421 -2.212580 0.418914
Car -1 -1 -2.677327 1654.734131 289.959991 1827.551758 359.108002 1.204283 1.860149 3.946320 21.654201 -6.154583 61.170202 -2.337094 2.008035
Car -1 -1 -1.636763 948.961426 312.056854 1026.716187 379.151764 1.142973 1.805432 4.272832 0.583396 -5.653065 61.173993 -1.627226 1.204826
Car -1 -1 1.183018 1813.577637 166.402283 1894.316895 213.768829 1.665726 1.742707 4.468950 42.320420 -16.748467 104.566633 1.567588 0.392280
Car -1 -1 -1.594048 969.678955 215.119019 1018.423767 258.716888 1.331261 1.857027 4.244270 1.267862 -13.835776 97.920473 -1.581101 0.747651
Car -1 -1 1.989664 1741.512451 206.734604 1835.175415 257.764465 1.417779 1.716996 4.240550 32.704447 -12.383087 87.155972 2.348646 0.413973
Car -1 -1 -1.923888 1756.240723 174.375458 1824.085327 212.007095 1.342517 1.488320 4.206164 39.602719 -16.907839 105.309114 -1.564187 0.590312
Car -1 -1 2.784507 1726.694458 165.887650 1824.207520 203.711502 1.519565 1.820998 3.794059 41.046961 -18.219232 111.384293 3.137581 0.167319
Car -1 -1 1.149459 1879.829102 170.880447 1920.133301 211.986542 1.473100 1.210915 4.250995 45.240718 -16.741621 104.399600 1.558374 0.427663
Car -1 -1 -1.716912 1183.583008 163.466217 1221.909424 192.834473 1.415997 1.660514 4.249701 15.370236 -23.975877 142.526808 -1.609486 0.322013
Car -1 -1 2.860203 1588.028687 147.212036 1669.078613 180.878479 1.514451 1.800444 3.817726 38.942232 -22.242319 128.343897 -3.128390 0.110117
Car -1 -1 -2.753118 0.126789 203.761337 61.608181 240.806473 1.422379 1.810550 3.758255 -50.020190 -16.915523 114.782954 3.119101 0.097302
Car -1 -1 2.906979 1561.918213 140.340012 1641.428955 175.696671 1.803663 1.846271 4.014382 39.911672 -23.992066 136.854104 -3.092440 0.063058
