Car -1 -1 2.797882 1625.136353 263.545929 1780.742432 326.834076 1.505467 1.823327 3.797473 22.574476 -7.305998 67.291315 3.121558 2.458462
Car -1 -1 0.424565 946.939270 304.396515 1127.584595 379.905792 1.255855 1.887287 3.938952 1.721030 -4.922156 55.520751 0.455553 2.897641
Car -1 -1 1.126448 746.750488 273.456970 865.568054 342.923035 1.273188 1.313904 4.331437 -4.685244 -6.458070 61.881056 1.050878 0.919727
Car -1 -1 -2.473588 0.000000 267.926971 170.792786 332.759277 1.370831 1.869384 4.651304 -26.778231 -7.001322 65.177439 -2.863414 0.511407
Car -1 -1 -1.598078 923.787537 243.685638 984.021790 297.739655 1.253089 1.729202 4.252280 -0.573619 -9.278035 75.802362 -1.605645 1.118298
Car -1 -1 -1.522922 720.267761 750.673706 975.918518 1073.397705 1.296983 1.850284 4.411613 -1.023968 3.411671 19.789624 -1.574618 3.170910
Car -1 -1 -1.568295 881.702820 201.269928 927.202148 242.504578 1.391421 1.825526 4.270901 -3.014276 -14.558544 100.671041 -1.598228 0.864888
Car -1 -1 1.417537 688.612305 248.718552 762.512695 305.587494 1.234539 1.522264 4.256047 -8.089611 -8.544603 71.835386 1.305396 0.784265
Car -1 -1 -1.581140 927.937622 184.285629 966.195557 217.742508 1.318190 1.759020 4.261156 -1.243043 -18.132671 117.337264 -1.591733 0.734015
Car -1 -1 1.618342 668.658569 226.334824 729.928955 278.919922 1.338704 1.731743 4.275676 -9.968231 -10.454741 80.606645 1.495302 0.952419
Car -1 -1 0.179483 1295.887573 157.584045 1365.191284 188.964218 1.571476 1.862226 3.907462 22.965823 -23.035995 138.335606 0.343997 0.177279
