Car -1 -1 2.805568 922.057190 433.032379 1205.753174 544.729004 1.207142 1.972327 4.263646 1.657281 -0.596890 38.060751 2.849084 5.524808
Car -1 -1 -1.517478 877.583435 686.838867 1061.206787 891.627197 0.566425 1.557732 4.240164 0.098329 2.431041 22.679008 -1.513143 3.811215
Car -1 -1 -1.381273 570.437927 636.867188 795.073120 830.229675 0.677256 1.562296 4.216871 -3.059361 2.061603 24.070054 -1.507698 3.614203
Car -1 -1 -1.629613 1162.804321 743.999634 1386.468140 987.987427 0.504374 1.685008 4.491394 2.820021 2.893721 20.890171 -1.495431 2.286520
Car -1 -1 -1.229082 178.332870 668.239380 491.367554 881.594177 0.617122 1.579887 4.473783 -6.514472 2.316592 22.838768 -1.506940 2.894654
Car -1 -1 1.880151 403.898132 245.631134 490.290192 300.599609 1.300820 1.466942 4.239005 -18.282314 -8.802964 76.167579 1.644580 1.246023
Car -1 -1 -3.086713 1599.279053 295.401703 1769.567017 359.958832 1.257919 1.878225 4.344713 20.947124 -5.747060 63.470498 -2.767939 2.391399
Car -1 -1 -0.692392 553.766296 280.067261 726.518127 379.894104 1.693867 1.850621 3.982200 -8.480176 -4.748293 56.052968 -0.842542 1.915848
Car -1 -1 1.821713 515.632324 233.644165 596.956299 295.228363 1.546322 1.627039 4.495320 -14.817476 -9.230339 78.168549 1.634378 0.713334
Car -1 -1 -1.104839 0.000000 879.718445 238.525330 1080.000000 0.971300 1.967477 4.308076 -7.430213 4.151821 16.724430 -1.522920 4.814389
Car -1 -1 1.751441 632.893982 233.909073 707.208923 291.373535 1.460611 1.770311 4.263360 -10.701115 -9.311292 78.002911 1.615103 0.898681
Car -1 -1 1.854389 474.629791 217.550949 540.738892 277.066437 1.727905 1.022020 4.511983 -17.997961 -10.609589 84.806912 1.645269 0.708090
Car -1 -1 -1.275504 222.578476 883.339661 659.027466 1077.916992 0.935040 1.921134 4.252842 -3.873660 4.123284 16.943660 -1.500262 2.916923
Car -1 -1 1.735706 721.698853 210.412064 780.469604 254.860504 1.381312 1.663518 4.240271 -9.384218 -12.645574 94.215717 1.636430 0.706080
Car -1 -1 1.783014 625.981934 196.007599 684.029541 251.096191 1.900014 1.430751 4.249317 -13.747138 -13.004360 95.932391 1.640682 0.718887
Car -1 -1 1.820318 577.340454 213.161682 640.862000 271.319794 1.648312 1.303135 4.492681 -14.188702 -10.997100 86.030323 1.656863 0.707964
Car -1 -1 1.755687 677.865601 222.161316 736.775391 270.422089 1.368321 1.398995 4.229074 -10.481963 -11.140430 87.237425 1.636106 0.778839
Car -1 -1 1.815133 531.926147 205.692383 597.803955 253.167175 1.467648 1.569841 4.399534 -17.222469 -12.517582 92.820492 1.631674 0.553817
Car -1 -1 -1.566250 1099.492554 150.625824 1124.401001 172.817947 1.421109 1.828276 4.245969 11.159531 -28.161996 167.908108 -1.499886 0.310768
