Car -1 -1 -1.314388 823.704041 300.698029 937.584961 381.936249 1.435288 1.752161 4.276595 -2.791391 -5.032353 70.396155 -1.354020 0.980699
Car -1 -1 -1.337761 1008.755981 314.368256 1121.542603 403.342407 1.451657 1.750990 4.263139 1.801591 -4.233231 65.682770 -1.310339 1.150626
Car -1 -1 1.734513 401.452667 292.962524 493.088745 372.734924 1.463647 1.540634 4.245077 -14.097908 -5.321705 71.645836 1.540223 1.077427
Car -1 -1 -1.657378 1020.177124 756.280884 1267.669800 1017.233215 0.934350 1.746882 4.273193 1.286306 3.053915 25.305510 -1.606590 2.268106
Car -1 -1 -1.780600 1356.988281 810.518555 1673.328857 1055.890991 0.610842 1.675613 4.524796 4.499337 3.220489 24.576238 -1.599529 3.602179
Car -1 -1 -0.577870 443.786652 361.112274 673.898865 451.743378 1.158246 1.843179 4.281668 -8.996158 -2.849919 57.641480 -0.732692 2.399603
Car -1 -1 -1.507639 611.740173 819.751526 847.591492 1077.820190 0.707206 1.650442 4.246658 -2.185670 3.313385 23.900398 -1.598835 2.755208
Car -1 -1 1.789146 262.684998 300.235199 370.663788 388.050629 1.521074 1.625053 4.246173 -16.921700 -4.832846 69.399305 1.549982 1.246607
Car -1 -1 1.669079 647.078857 301.278351 728.171997 383.205353 1.384286 1.531684 4.248668 -7.632797 -4.957539 69.539579 1.559754 1.264833
Car -1 -1 -1.566849 974.163025 193.805191 1016.976257 235.358932 1.429323 1.692286 4.239883 0.124302 -14.382713 120.855249 -1.565820 0.694746
Car -1 -1 1.775979 354.771088 271.797241 438.170074 338.861633 1.338297 1.430968 4.239015 -17.405633 -6.929661 80.784448 1.563765 1.199138
Car -1 -1 1.705138 516.380554 308.221954 604.461914 379.045990 1.200719 1.590025 4.236355 -10.988457 -5.100868 70.388130 1.550275 1.072307
Car -1 -1 1.734284 449.271637 242.512100 538.277771 336.399109 2.052300 1.593464 4.653667 -14.549895 -6.974531 80.626813 1.555746 0.445120
Car -1 -1 1.692461 556.129761 268.034393 634.130005 343.022766 1.492084 1.625364 4.235036 -11.349532 -6.680840 79.188451 1.550108 1.090981
Car -1 -1 -1.570644 927.084167 178.673798 966.785095 215.014847 1.356739 1.745066 4.236134 -2.195215 -16.858019 133.856889 -1.587043 0.677573
Car -1 -1 1.708876 586.007446 213.911652 643.577026 258.727509 1.297903 1.478401 4.240403 -14.631922 -11.925980 107.072175 1.573062 0.605180
Car -1 -1 -1.558097 893.428162 145.500397 925.768372 174.938110 1.412651 1.773202 4.265336 -5.235580 -24.583457 176.009733 -1.587834 0.448549
Car -1 -1 1.692806 600.142517 255.018280 669.645020 313.797333 1.303718 1.489068 4.268993 -11.100834 -8.024051 85.990872 1.564423 0.992280
Car -1 -1 1.714388 546.364380 224.305649 610.178406 279.106171 1.372647 1.487359 4.253453 -14.686504 -10.311089 98.025274 1.565671 0.592067
Car -1 -1 -1.399681 1077.463867 165.343933 1124.428711 199.807892 1.404993 1.653725 4.242980 5.823997 -19.262018 146.680990 -1.359997 0.220613
Car -1 -1 1.750077 509.157928 250.625229 576.582092 309.336090 1.331207 1.367391 4.268152 -14.235948 -8.347985 87.757350 1.589259 0.550390
