Car -1 -1 -1.530145 379.712463 737.308716 605.293945 964.924377 0.643832 1.654671 4.256327 -4.242818 2.716905 24.837229 -1.699337 3.230597
Car -1 -1 -0.073207 1051.534912 373.437012 1353.833130 502.940277 1.635574 1.905782 4.691988 3.876641 -1.162281 47.630145 0.008004 4.019554
Car -1 -1 -1.649052 747.473572 724.670410 999.131165 990.763916 0.902484 1.694583 4.261736 -1.007654 2.834691 24.399619 -1.690326 2.522470
Car -1 -1 2.888005 1512.109985 317.319794 1730.181274 397.841492 1.368709 1.844810 4.102505 14.616114 -3.592850 62.528994 3.117632 2.249603
Car -1 -1 2.911308 1315.887085 320.004547 1542.987427 414.835266 1.566226 1.843651 4.092558 9.631953 -3.058219 58.828046 3.073599 2.874296
Car -1 -1 -1.543890 677.349182 210.881622 729.170349 272.551392 1.483036 1.488276 4.445764 -9.264014 -9.454384 94.407275 -1.641705 0.411044
Car -1 -1 1.672060 448.685608 223.493927 518.614685 277.961456 1.279974 1.659799 4.262256 -15.883688 -8.732092 89.412841 1.496250 0.753162
Car -1 -1 1.652546 540.020142 205.838287 604.958374 280.742462 1.814206 1.668184 4.568050 -12.901879 -8.610406 88.619480 1.507974 0.360092
Car -1 -1 -1.574875 765.219849 128.061340 796.375854 154.882950 1.470075 1.808930 4.247169 -13.279924 -26.123995 189.116668 -1.644981 0.206129
Car -1 -1 1.663879 604.004517 119.270271 635.948730 146.596558 1.603869 1.817476 4.279045 -25.510929 -28.067289 199.118568 1.536454 0.203930
