Car -1 -1 -1.646019 955.358032 715.537292 1181.255737 973.666138 0.849745 1.772142 4.221476 1.141719 2.883574 21.849045 -1.593812 4.321539
Car -1 -1 1.826733 296.095947 249.028595 392.555328 319.613220 1.518055 1.570587 4.247108 -18.159356 -7.413588 66.912387 1.561726 1.359724
Car -1 -1 1.869515 197.206085 254.286667 291.817749 315.779236 1.245747 1.380784 4.234623 -21.511327 -7.624736 67.822000 1.562378 1.381725
Car -1 -1 1.926336 62.547363 250.698242 166.407715 321.346405 1.467732 1.317833 4.248835 -25.213902 -7.381833 66.987178 1.566339 1.376654
Car -1 -1 1.786630 376.908081 219.424042 459.368378 278.576111 1.471604 1.747852 4.236912 -18.469174 -9.899141 77.658828 1.553143 1.270686
Car -1 -1 1.883227 158.593735 211.879486 256.233551 288.715759 1.881960 1.448407 4.888503 -25.279670 -9.392514 75.695512 1.560908 0.677503
Car -1 -1 1.766070 447.727051 206.185074 512.521362 254.694519 1.340250 1.503230 4.239279 -17.893504 -11.674480 85.106967 1.558841 0.952654
Car -1 -1 1.801060 339.589905 213.030884 408.220184 261.333405 1.198034 1.332295 4.244101 -21.687940 -11.346402 83.943559 1.548226 0.936840
Car -1 -1 1.824277 305.458221 194.679504 372.884430 238.945892 1.342573 1.596717 4.230979 -25.567466 -13.375459 93.208375 1.556558 0.714683
Car -1 -1 1.842294 272.243378 229.864136 349.912750 287.561005 1.290399 1.285522 4.238008 -21.646204 -9.389021 75.527160 1.563174 1.020034
Car -1 -1 1.842941 242.515091 212.563019 314.161560 261.101166 1.257080 1.286822 4.219007 -25.283113 -11.293105 83.843198 1.550060 0.770678
Car -1 -1 1.733716 529.728943 177.406952 581.170105 217.182968 1.381619 1.576968 4.242532 -18.062936 -15.669343 102.930826 1.559999 0.621050
Car -1 -1 1.749364 484.001495 184.996307 547.223206 236.351547 1.629947 1.650213 4.248219 -18.341273 -13.677021 94.514516 1.557689 0.892673
Car -1 -1 1.713348 584.344543 158.509308 626.658325 192.269531 1.349508 1.488151 4.240072 -18.336691 -19.461692 119.696046 1.561336 0.485137
Car -1 -1 1.803747 353.434875 181.153961 409.347717 219.472260 1.175341 1.202304 4.249800 -25.769912 -15.283581 100.651243 1.553100 0.726124
Car -1 -1 1.708062 555.149658 168.709930 600.711609 203.608185 1.299740 1.514694 4.229728 -18.597734 -17.711256 112.237728 1.543854 0.560099
Car -1 -1 1.803583 396.176453 193.805725 454.050903 233.331879 1.171286 1.395137 4.246685 -22.273781 -13.736223 94.568917 1.572270 0.726003
