Car -1 -1 0.841804 911.123535 255.215332 1067.401367 331.714874 1.443065 1.812865 4.198895 1.349544 -6.696399 62.743355 0.863310 0.701049
Car -1 -1 1.875516 153.127853 262.556366 254.658936 329.967041 1.294154 1.410401 4.229111 -21.875228 -6.962051 65.150026 1.551577 1.715179
Car -1 -1 -1.644616 940.884705 776.287354 1183.680176 1055.091309 0.667423 1.785607 4.407149 0.988584 3.243260 20.473267 -1.596367 3.887925
Car -1 -1 1.804609 318.869019 250.777649 408.082489 315.980621 1.338743 1.528935 4.231270 -17.865753 -7.639992 67.912435 1.547367 1.036610
Car -1 -1 1.781000 379.957947 218.052048 462.979614 281.118805 1.585730 1.713012 4.222020 -18.336601 -9.806228 77.465014 1.548570 1.136196
Car -1 -1 -1.465809 471.889313 833.975830 785.133057 1079.087402 0.843397 1.924130 4.359892 -2.590794 3.879721 19.416368 -1.598459 2.345077
Car -1 -1 1.728798 511.145996 174.968857 569.014221 222.720688 1.637692 1.756593 4.237382 -17.974388 -14.760780 98.356116 1.548044 0.674186
Car -1 -1 1.913414 70.667961 256.397400 174.281097 321.671967 1.299326 1.428912 4.215291 -25.069619 -7.428700 67.191417 1.556304 1.154339
Car -1 -1 1.834448 263.743835 232.895828 346.700775 290.388184 1.332764 1.442661 4.231344 -21.652906 -9.157116 74.629206 1.552062 1.010391
Car -1 -1 1.814498 321.623810 202.176437 399.121399 260.275452 1.561368 1.696962 4.234810 -21.987871 -11.212067 82.995646 1.555520 0.991329
Car -1 -1 1.762260 440.184509 200.616074 508.426849 255.869797 1.536266 1.502423 4.273027 -18.080265 -11.636850 84.955266 1.552568 0.781775
Car -1 -1 1.760410 418.134644 168.876373 468.181061 207.405548 1.379403 1.496012 4.237586 -25.042697 -17.288811 110.277852 1.537110 0.585882
Car -1 -1 1.858188 170.546234 218.356934 263.927643 282.320648 1.536012 1.558899 4.579563 -25.061670 -9.612269 76.052987 1.539865 0.622578
Car -1 -1 1.761711 452.515839 169.923950 509.927216 213.557495 1.551739 1.742174 4.259075 -22.159475 -16.301549 105.719901 1.555097 0.583947
Car -1 -1 1.694532 609.781006 147.637161 651.788879 180.406342 1.402294 1.780059 4.244089 -18.252924 -21.677427 129.193629 1.554178 0.529867
Car -1 -1 1.711824 549.593506 148.557556 593.503906 179.924942 1.383182 1.762532 4.247109 -21.876314 -21.807454 129.876794 1.544951 0.587438
Car -1 -1 1.795592 348.385406 142.413605 392.498322 176.201065 1.531474 1.527104 4.257766 -34.642789 -22.555791 133.012785 1.540805 0.345542
Car -1 -1 1.870887 190.985397 191.316116 245.434509 228.794144 1.276969 1.354689 4.253155 -31.121122 -13.853106 94.312575 1.552159 0.352725
