Car -1 -1 -1.808899 1302.576904 689.650696 1604.995483 964.366272 0.808457 1.650949 5.062018 5.014527 2.717727 22.218241 -1.586924 2.616767
Car -1 -1 1.860483 175.534866 257.398071 278.527222 323.803162 1.328415 1.578719 4.290334 -21.559311 -7.251373 66.324241 1.546197 1.273679
Car -1 -1 1.926643 39.991215 261.543823 148.684647 331.017578 1.343156 1.401064 4.261981 -25.007126 -6.915031 64.779015 1.558231 1.266424
Car -1 -1 1.829791 303.760895 238.481201 392.625397 322.007050 1.777699 1.278803 4.477053 -18.045108 -7.388319 66.879844 1.566253 0.934912
Car -1 -1 1.745290 443.529327 177.570129 498.883301 217.537964 1.333337 1.579664 4.243983 -22.090538 -15.706730 103.084344 1.534187 0.746769
Car -1 -1 1.784657 383.612793 170.874451 441.403992 213.107269 1.490641 1.548357 4.252665 -25.367089 -16.230714 105.221316 1.548088 0.796916
Car -1 -1 1.790004 374.847473 226.976944 449.204803 287.803619 1.473723 1.357140 4.239084 -17.975219 -9.262469 74.706635 1.553881 1.286933
Car -1 -1 1.816440 296.512482 219.920441 379.557159 272.716431 1.326153 1.607109 4.245307 -21.883947 -10.387281 79.991529 1.549396 0.576624
Car -1 -1 1.758879 414.514191 206.872849 483.310852 259.038544 1.382463 1.470129 4.241986 -18.545902 -11.187735 82.675439 1.538210 0.760304
Car -1 -1 1.812012 270.043854 158.703278 328.972656 195.084396 1.507872 1.796493 4.240920 -34.852775 -19.184670 118.751556 1.526536 0.454308
Car -1 -1 1.694155 624.015503 118.302689 653.255615 141.215469 1.511839 1.753796 4.259221 -24.599813 -32.724356 178.250176 1.557014 0.221666
