Car -1 -1 -3.081456 732.575928 252.413116 886.348389 319.459778 1.566016 1.858650 4.294306 -4.991472 -7.661221 68.190234 3.128661 2.725611
Car -1 -1 -1.517781 778.856079 679.554871 975.390259 892.505310 0.601186 1.611828 4.245034 -0.861971 2.237649 22.208090 -1.556575 3.762050
Car -1 -1 2.932518 1301.249634 255.088562 1444.075195 315.556152 1.513855 1.852562 3.864734 13.120869 -8.084408 71.321174 3.114452 2.635911
Car -1 -1 2.792097 1583.302979 283.832520 1764.748901 349.090271 1.374338 1.842195 4.119294 19.812577 -6.121258 61.557884 3.103480 2.787181
Car -1 -1 -1.393570 455.424103 696.871155 710.863342 916.863708 0.571219 1.538624 4.252009 -3.644992 2.314832 21.214962 -1.563721 3.604755
Car -1 -1 1.664075 695.621948 213.724854 747.767578 257.858521 1.283909 1.638510 4.260672 -10.363108 -12.621379 91.280578 1.551029 0.786953
Car -1 -1 -2.754012 36.512657 254.594086 219.732086 329.125946 1.720811 1.862013 4.148823 -24.762475 -6.964213 64.358726 -3.121309 1.551012
Car -1 -1 2.654481 1846.305542 290.425446 1919.158325 352.738953 1.373445 1.856309 3.012756 28.051564 -6.345646 64.672580 3.063737 0.247915
Car -1 -1 1.655815 710.531921 198.749435 756.918335 242.095459 1.445957 1.625410 4.246867 -10.720687 -14.305062 99.153984 1.548112 0.784430
Car -1 -1 -1.582394 921.568359 150.616943 950.225586 176.733109 1.453858 1.824350 4.268250 -2.514493 -27.838361 161.761101 -1.597937 0.343667
Car -1 -1 0.178770 1297.665039 156.624161 1371.637817 188.015656 1.576182 1.851563 3.962395 23.276736 -23.231726 139.223919 0.344427 0.136442
