Car -1 -1 -1.613830 884.760132 676.568542 1105.731201 893.859924 0.791043 1.740324 4.215873 0.087978 2.223190 26.247469 -1.610478 2.474847
Car -1 -1 2.709133 1648.597412 316.480530 1917.365479 437.012695 1.850787 2.038864 4.858317 16.482774 -2.827618 55.766012 2.996521 1.711447
Car -1 -1 -1.477729 498.717987 768.367126 762.274902 1026.557495 0.678032 1.663770 4.242744 -2.738045 2.750815 22.693548 -1.597801 2.944838
Car -1 -1 -1.734135 1204.459229 744.850464 1488.408081 978.932373 0.646465 1.577879 4.223542 3.113512 2.602082 23.993556 -1.605091 3.290470
Car -1 -1 -2.352863 1190.779175 299.766632 1362.637573 368.519135 1.180138 1.826183 3.985941 7.470967 -5.038284 69.081930 -2.245135 1.550412
Car -1 -1 1.840450 162.522812 278.687317 270.372375 353.201721 1.324121 1.411517 4.231195 -19.557794 -5.575643 71.070258 1.571908 1.219201
Car -1 -1 1.880589 43.751003 276.330048 156.005951 347.719421 1.297673 1.416377 4.233929 -23.269790 -5.874060 73.299329 1.573190 1.326970
Car -1 -1 1.760262 367.761902 171.205032 426.124390 229.514816 1.995648 1.371324 4.658373 -24.921262 -14.061290 118.540572 1.553046 0.237451
Car -1 -1 1.696487 531.934753 153.631104 571.696045 184.178284 1.368860 1.562766 4.258749 -25.058821 -21.648945 162.393357 1.543385 0.303023
Car -1 -1 1.672898 592.199280 150.010956 627.582886 179.698883 1.393795 1.606992 4.232593 -21.287638 -21.581374 160.038796 1.540659 0.156408
Car -1 -1 1.737282 497.689209 141.649384 535.108521 170.483154 1.432470 1.547172 4.260309 -30.862718 -25.522814 184.725237 1.571737 0.267479
