Car -1 -1 0.208832 126.614967 451.471954 456.668823 584.154724 1.526299 1.888016 4.470403 -11.146813 -0.182938 44.172430 -0.038355 4.136912
Car -1 -1 2.920308 1362.518433 424.310059 1638.053955 527.880310 1.338458 1.843421 4.161244 8.736932 -1.012094 47.715597 3.101406 4.624024
Car -1 -1 -1.522130 696.064026 674.692749 900.740845 895.714661 1.030478 1.749771 4.234428 -1.919687 2.482104 28.548538 -1.589272 3.783805
Car -1 -1 -0.312683 1588.252563 450.229645 1899.026978 567.787781 1.414989 1.817837 4.069445 12.108385 -0.377399 44.914823 -0.049357 3.832526
Car -1 -1 -1.239846 825.768188 300.810822 942.409119 374.521149 1.248215 1.517616 4.282248 -2.772307 -5.329126 71.825268 -1.278425 0.949972
Car -1 -1 -3.002370 546.356323 394.219330 833.834534 495.675385 1.411849 1.870758 4.911549 -5.622786 -1.664710 51.747998 -3.110603 2.973441
Car -1 -1 2.994412 962.042969 432.270966 1266.433472 538.386902 1.335777 1.858217 4.702337 2.078399 -0.881457 47.942819 3.037737 3.418177
Car -1 -1 1.776127 284.899902 289.325500 385.488098 371.234161 1.526072 1.557150 4.244380 -17.111322 -5.392638 72.118386 1.543168 1.067630
Car -1 -1 -1.647138 1029.147827 847.976501 1291.921753 1079.195068 0.928893 1.736656 4.270485 1.306310 3.734997 23.400062 -1.591371 3.407456
Car -1 -1 1.686903 523.490601 294.494690 614.475403 376.703644 1.500356 1.675304 4.239803 -10.840434 -5.180945 71.005043 1.535402 1.237472
Car -1 -1 3.051669 1023.763123 389.241760 1272.192749 483.820251 1.387558 1.833325 4.430067 2.969434 -1.868871 53.162669 3.107467 2.084617
Car -1 -1 0.141508 156.439850 408.596344 464.779327 519.812866 1.436359 1.847905 4.463422 -12.018508 -1.220337 48.758178 -0.100166 1.621755
Car -1 -1 -0.411452 375.162018 367.642151 579.590759 457.675690 1.220665 1.814870 3.725572 -10.761983 -2.661928 57.606591 -0.596142 1.376603
Car -1 -1 -1.776966 1387.204712 862.801331 1758.071533 1078.422852 1.313965 1.861681 4.249625 4.490645 4.100457 22.138187 -1.576836 4.049173
Car -1 -1 -0.140946 0.070175 393.820343 196.789383 504.665985 1.521227 1.812982 3.563630 -17.239080 -1.587444 52.272595 -0.459506 0.973077
Car -1 -1 1.663108 644.793701 301.496643 726.684814 381.442261 1.421084 1.608021 4.260634 -7.682946 -4.957099 69.546935 1.553083 1.039865
Car -1 -1 -1.549301 868.725586 251.890549 930.808838 306.469147 1.231740 1.723933 4.251698 -3.036656 -8.690105 90.556448 -1.582821 1.001607
Car -1 -1 -1.535965 854.063171 218.495697 901.915710 262.886902 1.297554 1.610927 4.251060 -4.387851 -11.716255 106.570508 -1.577115 0.705380
Car -1 -1 -1.507624 621.025452 914.283203 910.320618 1078.520996 1.033778 1.812510 4.261080 -1.574419 4.122328 20.849974 -1.582993 2.777806
Car -1 -1 1.749056 402.387329 304.020721 498.538605 379.769287 1.265326 1.542228 4.240886 -13.824400 -5.112725 70.606337 1.555707 1.120393
Car -1 -1 1.751076 346.663116 259.230530 436.496765 335.909668 1.657618 1.616548 4.299156 -17.649902 -7.016088 81.359078 1.537448 0.766513
Car -1 -1 1.733353 488.047577 242.196365 571.081726 312.427856 1.709759 1.723556 4.294436 -14.481344 -8.156074 86.839927 1.568114 0.727429
Car -1 -1 2.762134 1783.443726 410.823242 1917.020874 524.463074 1.577827 1.808878 3.621967 16.050598 -1.036691 48.441678 3.082088 0.475063
Car -1 -1 1.686225 592.498535 246.334610 662.723328 315.531372 1.721790 1.575392 4.250607 -11.328675 -7.944020 86.018494 1.555278 1.022751
Car -1 -1 1.754101 430.801727 240.757339 506.164124 297.492035 1.416070 1.595793 4.256743 -17.756757 -9.260567 93.707349 1.566830 0.808913
Car -1 -1 1.722852 450.170929 280.219391 532.206848 346.370758 1.269630 1.514829 4.256121 -14.169485 -6.487637 78.189854 1.543578 1.026041
Car -1 -1 1.654538 692.251587 140.678253 726.820435 168.747711 1.475076 1.708717 4.266282 -18.543619 -25.637116 180.966904 1.552424 0.337784
Car -1 -1 1.462571 672.510132 281.061401 750.472412 351.265656 1.363656 1.594376 4.238268 -7.787552 -6.155595 76.108905 1.360605 0.734168
Car -1 -1 1.651667 705.349548 221.081970 776.267639 296.729279 1.929771 1.767907 4.578834 -8.439263 -9.291885 93.327755 1.561486 0.319943
Car -1 -1 1.730588 469.445099 173.859360 520.621094 214.619797 1.637940 1.773608 4.291699 -24.933926 -17.412388 138.219299 1.552114 0.213509
Car -1 -1 1.710504 564.356079 145.377716 598.100525 172.561249 1.462099 1.737791 4.262076 -26.618089 -25.069483 179.153610 1.563006 0.240264
Car -1 -1 1.691186 636.863220 235.408218 694.543518 287.803497 1.295407 1.459542 4.235242 -11.127770 -9.569468 94.336622 1.573770 0.464797
Car -1 -1 1.687843 560.701599 278.190704 641.243164 343.986938 1.308987 1.555925 4.275553 -11.072202 -6.505035 78.124137 1.547055 0.697462
Car -1 -1 1.684591 587.578491 160.362518 632.407471 192.480438 1.443777 1.869128 4.254068 -21.673779 -20.899406 156.810876 1.547245 0.184953
