Car -1 -1 -1.471102 1331.999023 596.779724 1576.782104 846.204834 1.035796 1.876573 4.452964 5.124786 2.268591 23.073044 -1.252539 2.112308
Car -1 -1 2.218319 885.667542 378.531769 1087.584961 493.002747 1.168544 1.317497 4.297387 0.236251 -1.273556 44.220776 2.223661 0.817556
Car -1 -1 -1.339843 1015.303345 631.108704 1263.044189 834.922424 0.716641 1.572286 4.234829 1.861807 2.310832 23.741287 -1.261582 3.689511
Car -1 -1 -1.275639 800.715271 525.493164 1041.718262 719.632385 0.942221 1.507110 4.753572 -0.637594 1.451242 27.972227 -1.298429 3.029739
Car -1 -1 -0.748371 1126.412109 228.139435 1270.823364 291.258545 1.314148 1.798226 4.011312 7.157661 -7.687859 71.488069 -0.648579 1.393214
Car -1 -1 -1.612646 1681.643677 604.808533 1913.969482 839.072754 0.756168 1.916369 4.438046 8.318954 2.095677 22.558830 -1.259351 1.947931
Car -1 -1 -1.107115 440.385712 730.894165 809.312134 1002.479126 0.758740 1.474668 4.263013 -3.202335 3.245691 20.955981 -1.258754 5.953071
Car -1 -1 0.609864 262.322571 329.800446 406.941620 386.488037 1.129091 1.848903 3.731548 -20.889429 -4.672952 70.624612 0.322282 0.920792
Car -1 -1 0.658358 147.267365 343.068176 308.755920 409.411652 1.290484 1.875938 3.768941 -22.780051 -3.770516 66.588756 0.328738 0.714182
Car -1 -1 0.709531 1.028238 389.037292 172.621552 458.951538 1.346440 1.856857 3.935665 -25.035917 -2.127860 61.009352 0.320124 0.536885
Car -1 -1 1.741066 1300.778320 168.206924 1350.547729 206.614182 1.243746 1.423424 4.235210 16.360756 -14.699420 103.924517 1.897214 0.501989
Car -1 -1 0.711193 56.899937 368.635376 222.591324 432.794617 1.180696 1.804188 3.658552 -24.919819 -3.065966 64.940742 0.344789 0.381523
Car -1 -1 1.775559 1211.048584 183.152435 1268.204590 224.348846 1.233888 1.538339 4.229182 11.883240 -13.506422 100.480659 1.893276 0.487578
Car -1 -1 1.702986 1361.382568 162.555557 1410.867920 204.534332 1.327707 1.430941 4.248115 19.160212 -14.757595 103.464146 1.886098 0.541746
Car -1 -1 1.676496 1425.433838 160.772568 1475.936523 203.863434 1.279626 1.585668 4.268938 21.144963 -14.119128 98.690765 1.887559 0.668109
Car -1 -1 0.727684 0.329827 349.603851 113.511391 418.241241 1.409624 1.870164 3.830281 -29.551007 -3.604391 67.623482 0.315699 0.213628
Car -1 -1 -1.484529 1583.286987 137.173080 1628.819214 175.626099 1.311854 1.777962 4.246807 31.317938 -16.995439 109.823952 -1.206738 0.500339
Car -1 -1 -1.642741 1852.118042 122.685913 1912.646240 165.039368 1.394292 2.060704 4.268540 42.442829 -16.357103 102.595546 -1.250488 0.359407
Car -1 -1 1.731291 1281.565552 156.995102 1326.642944 191.615265 1.335552 1.607392 4.248989 17.344035 -17.172276 116.738424 1.878784 0.411669
Car -1 -1 1.668588 1416.555664 137.474243 1455.182373 171.121277 1.336029 1.588564 4.259316 25.217544 -18.946266 121.619401 1.873038 0.525684
Car -1 -1 -1.536797 1615.877441 114.414055 1652.786377 144.881897 1.284506 1.779366 4.247909 39.350735 -22.059629 132.099584 -1.247280 0.328210
Car -1 -1 1.716238 1333.102661 156.637238 1373.498779 191.579742 1.181273 1.301841 4.254276 19.240149 -16.783894 113.576954 1.884047 0.387036
Car -1 -1 -1.557399 1645.384033 97.137665 1676.002319 125.119797 1.318259 1.648289 4.247787 46.903651 -26.555863 151.127310 -1.256467 0.216523
Car -1 -1 1.672019 1451.764771 146.471436 1496.557861 189.292496 1.420781 1.477183 4.316465 23.818154 -15.822367 105.696007 1.893662 0.217013
