Car -1 -1 -0.202612 1241.051514 344.774536 1465.070923 433.324982 1.418944 1.843994 4.144369 8.348953 -3.096151 47.847648 -0.029861 4.169441
Car -1 -1 -1.417269 532.070862 562.391418 754.516052 762.873535 0.988594 1.809492 4.324040 -3.765577 1.381365 25.918589 -1.561544 3.407818
Car -1 -1 0.008316 828.870789 327.524658 1038.349731 405.707947 1.341354 1.881553 4.418147 -0.869085 -3.849286 50.671142 -0.008834 3.183455
Car -1 -1 2.822305 1585.761841 275.725372 1751.095215 338.205902 1.392240 1.816305 3.837948 20.449176 -6.639923 63.937602 3.131854 2.133803
Car -1 -1 -0.266296 1469.231445 326.646973 1683.574585 405.591003 1.334065 1.862698 4.104364 14.253375 -3.920785 51.483772 0.003791 2.670799
Car -1 -1 2.736403 1812.927612 260.313354 1919.453125 327.793976 1.621805 1.880283 3.615480 28.135003 -7.202241 66.609302 3.136059 0.372580
Car -1 -1 1.688914 679.218628 218.249527 736.376221 265.249756 1.303746 1.603403 4.269543 -10.560290 -11.932285 88.014315 1.569501 0.870696
Car -1 -1 1.740139 541.558105 214.052048 605.677490 258.296906 1.293149 1.751711 4.254901 -16.526661 -12.572589 91.066586 1.560614 0.877036
Car -1 -1 1.661987 704.177124 199.219070 753.575439 244.320480 1.505227 1.720816 4.261208 -11.032004 -14.361587 99.802485 1.551896 0.755117
Car -1 -1 0.160680 1298.443604 156.570251 1373.979370 188.352081 1.598761 1.857481 4.082788 23.283339 -23.123534 138.707406 0.326989 0.141551
