Car -1 -1 1.841053 953.284485 301.384491 1061.023682 380.193878 1.161641 1.433005 4.336794 0.725447 -3.997153 55.635740 1.854091 1.277205
Car -1 -1 -1.155833 557.191528 683.362366 889.259766 920.259460 0.780926 1.491042 4.259059 -2.497896 2.914508 22.934960 -1.264317 5.970650
Car -1 -1 1.981557 790.811890 409.494659 974.777222 538.822205 1.102220 1.232492 4.597099 -1.676671 -0.445522 39.242961 1.938857 2.376894
Car -1 -1 0.581767 1557.582886 277.830688 1771.038940 364.258301 1.291581 1.899305 3.882524 15.277346 -3.818380 49.130723 0.883242 1.730685
Car -1 -1 2.107305 300.648376 598.760620 642.367676 833.613586 1.075826 1.341037 4.535248 -5.801623 2.388960 25.387769 1.882642 2.046559
Car -1 -1 -1.611648 1692.644287 689.158386 1918.993774 982.830017 0.834722 1.885148 4.289374 7.333197 2.755491 19.184897 -1.246547 2.786472
Car -1 -1 -1.457687 1285.447510 744.035461 1550.414307 1024.597046 0.569383 1.636824 4.402020 3.934240 3.032105 19.091719 -1.254461 3.133248
Car -1 -1 -1.295862 927.306763 730.238708 1230.224976 975.316956 0.581482 1.487160 4.232418 1.064159 2.995795 20.523333 -1.244058 4.879833
Car -1 -1 2.038477 802.587402 370.538544 964.800964 467.355438 1.245049 1.415831 4.240918 -2.005816 -1.611648 45.544478 1.994465 0.950207
Car -1 -1 0.605070 290.324493 325.742523 443.412811 384.428528 1.178735 1.829392 3.941767 -19.427880 -4.639164 69.263194 0.331604 1.145231
Car -1 -1 -0.478969 1576.041992 139.452316 1692.646729 185.984085 1.364525 1.828183 4.502379 29.320168 -14.830094 98.405797 -0.189392 0.834739
Car -1 -1 0.518426 1557.231323 242.124924 1718.305420 318.171753 1.296649 1.881480 3.469769 16.664953 -5.324875 55.439824 0.810429 1.279092
Car -1 -1 -2.172347 745.235901 248.842316 844.859497 306.928802 1.520494 1.897335 3.656703 -6.990652 -8.057295 81.308615 -2.258113 0.192016
Car -1 -1 0.703321 60.000263 374.136383 249.814682 452.904388 1.475435 1.893142 3.965842 -22.229533 -2.228694 59.127259 0.343709 1.742057
Car -1 -1 0.676825 141.035538 335.471832 286.422913 387.205933 1.090840 1.800076 3.819944 -25.201178 -4.707666 71.924277 0.339808 0.575436
Car -1 -1 1.704632 1439.077637 150.714355 1485.937012 188.940048 1.286834 1.535100 4.254481 23.291274 -15.778132 106.089738 1.920747 0.519137
Car -1 -1 -1.522285 811.541504 303.302948 900.637451 376.644836 1.138250 1.705601 4.298394 -3.351146 -4.286919 59.255736 -1.578779 1.161003
Car -1 -1 0.765085 1.164098 345.199463 99.014725 401.567505 1.256907 1.852232 3.431970 -31.307849 -4.341070 72.712460 0.358505 0.185332
Car -1 -1 -1.866473 851.592651 268.132050 931.662903 323.671173 1.163060 1.392514 4.233388 -2.966779 -6.666568 71.726385 -1.907812 0.502846
Car -1 -1 0.659557 118.623665 359.917908 276.825409 422.482697 1.194825 1.804705 3.469404 -23.045338 -3.270565 64.770479 0.317724 0.312275
Car -1 -1 0.732766 0.450424 373.369904 65.530838 434.311920 1.332866 1.862070 3.161598 -30.197906 -3.085514 67.714340 0.313276 0.256021
Car -1 -1 -1.590656 1688.359131 109.023514 1723.619385 137.218430 1.241607 1.725375 4.240912 45.041848 -23.217719 136.376011 -1.271659 0.350937
Car -1 -1 -2.141832 0.100386 310.598236 49.832542 347.512817 1.108693 1.860785 3.234087 -42.667977 -7.773762 96.377500 -2.558613 0.107729
Car -1 -1 -1.541931 1635.974609 97.904312 1670.486450 130.243134 1.512935 1.684130 4.236212 44.531988 -25.213376 145.309668 -1.244556 0.153005
Car -1 -1 -1.535341 1624.417480 75.681732 1647.240967 96.489250 1.320563 1.638639 4.266769 51.567595 -32.280864 172.865442 -1.245434 0.077197
Car -1 -1 -1.534002 1586.141235 116.635109 1620.064331 144.157318 1.212521 1.649655 4.243139 38.573659 -22.755998 136.034371 -1.257697 0.230675
Car -1 -1 1.696430 1471.710205 141.772568 1511.624023 177.221924 1.234023 1.488929 4.257453 26.635763 -17.568595 114.230837 1.925512 0.258697
Car -1 -1 -1.579188 1687.367554 90.164185 1720.729004 121.779900 1.420485 1.717098 4.270556 50.043823 -26.927109 151.583047 -1.260313 0.064385
