Car -1 -1 -1.540951 714.320618 523.427795 908.280334 742.857178 1.174757 1.865852 4.259473 -1.981532 1.568377 25.216247 -1.619371 4.277179
Car -1 -1 -1.601140 762.184937 336.909027 867.375732 445.568176 1.179736 1.565607 4.199999 -3.293148 -1.972605 41.032184 -1.681227 2.899433
Car -1 -1 2.901860 1288.424805 192.321808 1432.810913 253.744675 1.602329 1.893883 4.021956 12.154645 -8.790170 71.541909 3.070149 2.159932
Car -1 -1 -2.642794 1078.278076 155.853241 1199.544922 206.126404 1.614823 1.946220 4.590909 6.244175 -12.874945 89.948998 -2.573486 0.911844
Car -1 -1 -1.620503 905.194214 134.107910 945.311462 168.104767 1.273850 1.741744 4.238712 -3.414418 -18.436924 115.595827 -1.650032 0.609213
Car -1 -1 1.615939 726.427734 161.627747 789.198242 216.396851 1.613338 1.947063 4.287601 -8.974985 -11.875924 85.165584 1.510944 0.642318
Car -1 -1 -1.554813 846.330017 113.578262 883.426880 151.523331 1.763355 1.842974 4.379484 -7.264686 -21.071515 126.912781 -1.611992 0.317133
Car -1 -1 -2.908212 171.010345 177.735291 296.636902 219.418610 1.315932 1.853479 4.148039 -30.160593 -11.929793 86.982794 3.041204 0.963790
Car -1 -1 1.604556 767.044800 128.352386 807.406921 164.261276 1.457119 1.769386 4.269218 -10.483491 -18.158307 113.080751 1.512112 0.452107
Car -1 -1 2.909873 1358.937256 191.893753 1461.233276 242.729004 1.354771 1.847482 3.846478 14.668855 -9.732776 76.333759 3.099726 0.360655
Car -1 -1 1.607533 741.854248 149.057648 791.623962 194.743698 1.451016 1.845823 4.294241 -9.576167 -13.925673 93.928185 1.505932 0.370977
Car -1 -1 1.578839 781.620178 114.944931 817.755981 147.367889 1.484870 1.817168 4.269833 -11.135022 -21.525971 128.315746 1.492278 0.145430
