Car -1 -1 -1.679158 1138.419800 428.419464 1287.077148 563.907837 1.370442 1.830716 4.398997 3.597784 -0.660473 46.275378 -1.601567 1.512775
Car -1 -1 -1.717089 1251.517456 609.027832 1467.239380 798.101685 1.042016 1.709454 4.240239 4.161216 1.834887 32.021403 -1.587862 2.928550
Car -1 -1 -1.632797 972.505859 509.748413 1115.846436 642.711670 0.985431 1.717885 4.261725 0.689381 0.427465 39.830151 -1.615491 2.132951
Car -1 -1 -1.534539 783.204529 432.732422 901.779663 560.852905 1.269019 1.693550 4.225692 -2.470772 -0.693477 46.467277 -1.587661 2.062589
Car -1 -1 -1.655016 1099.453979 336.019318 1196.328613 426.292267 1.322841 1.793187 4.236642 3.494581 -3.627212 63.022868 -1.599623 1.487279
Car -1 -1 -1.588265 949.652527 358.623871 1043.515747 448.152710 1.159256 1.766772 4.235341 0.054409 -2.956067 58.519842 -1.587336 1.892651
Car -1 -1 -1.654336 1035.499878 871.292053 1335.645996 1080.000000 1.155851 1.847222 4.425976 1.409775 4.109622 22.280815 -1.591147 2.175569
Car -1 -1 -1.496121 625.392212 858.002380 896.497253 1080.000000 1.219055 1.755325 4.251398 -1.778645 4.024965 22.630253 -1.574555 2.452787
Car -1 -1 -1.538419 814.049500 313.651886 892.559875 389.276215 1.241645 1.719323 4.243138 -3.434111 -4.756291 68.946847 -1.588186 1.282482
Car -1 -1 -1.541038 840.952637 241.594589 899.581604 293.775940 1.302366 1.743206 4.241038 -4.102611 -9.289588 93.145035 -1.585055 1.167782
Car -1 -1 -1.571464 939.367554 231.362122 995.582581 290.776520 1.535884 1.777488 4.235126 -0.883624 -9.667886 95.705595 -1.580697 1.096826
Car -1 -1 -1.614018 1056.259399 271.935883 1126.035400 334.383759 1.259387 1.724844 4.270379 2.880506 -7.061518 81.378287 -1.578636 1.235159
Car -1 -1 -1.600021 1032.677246 227.859756 1092.066650 284.595642 1.488701 1.810459 4.243874 2.471754 -10.092085 97.812544 -1.574756 0.835976
Car -1 -1 -1.544998 873.346802 192.473877 917.421997 232.700027 1.400100 1.746937 4.239621 -4.316402 -14.750757 122.947121 -1.580092 0.721150
Car -1 -1 -1.589052 1000.274475 210.222900 1050.271240 253.053329 1.282017 1.739328 4.221392 1.342972 -12.759056 112.346588 -1.577099 0.747262
Car -1 -1 -1.571339 1013.129395 186.364471 1057.492920 227.248123 1.350291 1.765798 4.222340 1.962734 -15.558467 127.122751 -1.555901 0.598810
Car -1 -1 -1.590866 989.429199 143.870453 1020.889587 172.782379 1.480353 1.789456 4.272600 0.847539 -25.217753 179.804122 -1.586153 0.343817
Car -1 -1 -1.569615 934.560242 141.554688 965.874634 173.215790 1.633375 1.811767 4.272549 -2.671916 -24.609005 176.035048 -1.584793 0.233200
Car -1 -1 -1.439937 1061.489380 172.472260 1106.330688 206.983566 1.411629 1.684340 4.243956 4.786143 -18.402228 143.051574 -1.406492 0.320388
Car -1 -1 -1.555733 886.537842 150.150040 919.726929 179.930939 1.395310 1.834704 4.249105 -5.436023 -23.175731 168.053765 -1.588069 0.380387
Car -1 -1 -1.654184 1142.248413 161.145630 1190.191162 196.371445 1.471617 1.974014 4.240487 9.507401 -19.917533 150.402483 -1.591055 0.242391
