Car -1 -1 -0.299652 126.627998 395.181824 365.971466 495.017822 1.211879 1.817694 3.909181 -14.292300 -1.834951 53.047781 -0.562826 3.550596
Car -1 -1 -0.939284 726.214966 339.819275 917.929810 424.308075 1.171675 1.644536 4.454619 -3.734822 -3.593525 61.658836 -0.999782 0.796065
Car -1 -1 -1.750450 1327.459839 746.658447 1601.401978 1006.317200 1.001140 1.599567 4.223660 4.249070 3.028901 25.512501 -1.585417 3.591831
Car -1 -1 1.788743 277.852386 302.368652 384.881531 376.687164 1.303462 1.614653 4.246935 -17.099771 -5.240951 71.656055 1.554488 1.155074
Car -1 -1 -1.390587 269.623291 808.622375 531.400208 1052.338623 0.651196 1.412851 4.238999 -5.084593 3.191022 24.274106 -1.597068 2.096915
Car -1 -1 -1.514546 647.701355 815.123840 927.663696 1078.836670 1.257274 1.906929 4.433597 -1.595717 3.738795 23.009991 -1.583784 2.156211
Car -1 -1 -1.650939 1037.060059 876.647766 1318.205444 1078.530518 0.937739 1.798825 4.403349 1.380240 3.902525 22.440555 -1.589510 2.297318
Car -1 -1 1.696919 527.168274 296.904114 619.099670 370.050079 1.287739 1.711632 4.250483 -11.029872 -5.507624 72.965559 1.546890 1.105351
Car -1 -1 1.728231 408.570343 303.311249 498.145782 377.743500 1.299680 1.515581 4.237006 -13.822539 -5.164248 71.083833 1.536173 1.149637
Car -1 -1 -1.481177 934.978882 278.909607 1014.630310 351.624786 1.428497 1.768619 4.252941 -0.461138 -6.307198 77.564995 -1.487123 0.931144
Car -1 -1 1.646439 672.117920 297.324493 751.482727 369.538452 1.271751 1.677254 4.242785 -7.272386 -5.429027 71.950923 1.545707 1.097138
Car -1 -1 -1.563673 945.737976 205.665741 995.337158 256.267853 1.533803 1.763528 4.249983 -0.867328 -12.344899 109.938062 -1.571562 0.851272
Car -1 -1 1.757620 352.030365 273.831177 435.859680 341.569550 1.415547 1.390932 4.259946 -17.210669 -6.708725 79.531461 1.544506 1.051244
Car -1 -1 1.744320 393.710449 255.967667 465.823700 313.774200 1.285105 1.367660 4.236135 -17.719176 -8.135979 87.128945 1.543689 0.758355
Car -1 -1 1.720292 491.389099 262.046570 561.158142 320.026978 1.303289 1.403688 4.250797 -14.143338 -7.649679 84.006475 1.553496 0.892735
Car -1 -1 1.674449 611.329590 240.422333 679.517700 307.497986 1.588130 1.631459 4.246808 -11.124013 -8.454597 88.531636 1.549454 0.942387
Car -1 -1 1.752468 435.305176 234.785950 505.204742 291.074493 1.459338 1.492900 4.240324 -18.118630 -9.688818 96.090572 1.566098 0.565596
Car -1 -1 1.717663 452.550598 282.500580 530.514648 346.889557 1.276423 1.452632 4.241093 -14.158812 -6.438756 78.199961 1.538544 0.995279
Car -1 -1 1.735928 418.893799 179.516388 474.175415 222.819092 1.566536 1.729641 4.268610 -25.493810 -15.917308 129.107619 1.540974 0.396965
Car -1 -1 1.681006 576.685974 274.521667 649.568848 336.479523 1.265371 1.570096 4.249697 -11.053200 -6.934963 80.644435 1.544794 0.979206
Car -1 -1 1.727170 478.519104 223.212540 539.901123 271.645325 1.350514 1.384826 4.238545 -18.041994 -11.026670 103.068209 1.553877 0.579991
Car -1 -1 -1.560936 923.840881 147.192154 956.414917 177.614548 1.498175 1.781604 4.257677 -3.212177 -23.631431 170.564012 -1.579766 0.364867
Car -1 -1 1.693662 554.709900 231.863205 613.127014 280.707855 1.295051 1.431526 4.267884 -14.552229 -10.272372 98.902517 1.547573 0.512039
Car -1 -1 1.709072 530.330750 245.747635 590.273987 297.314728 1.307245 1.368371 4.244643 -14.431716 -9.104926 92.440331 1.554203 0.690690
Car -1 -1 -1.593064 992.997925 144.739624 1024.826416 173.285767 1.408703 1.826200 4.247349 1.063536 -24.722286 176.637507 -1.587043 0.402315
Car -1 -1 1.736029 507.692291 212.795135 561.631042 257.349060 1.305784 1.306700 4.242482 -18.536358 -12.571952 111.902526 1.571873 0.497958
Car -1 -1 1.645882 728.103516 137.078354 758.418457 165.340866 1.577386 1.717058 4.257125 -17.512536 -27.688341 194.086181 1.555895 0.254798
Car -1 -1 1.691208 584.988953 217.301270 638.909607 259.671326 1.247228 1.447125 4.238943 -14.949662 -12.097504 108.647294 1.554468 0.420590
Car -1 -1 1.677574 642.263977 230.319763 698.539978 284.720306 1.397230 1.399936 4.242300 -11.226260 -9.983327 97.064992 1.562428 0.466176
Car -1 -1 1.664145 621.478638 188.426666 671.114319 232.628555 1.541296 1.640255 4.264610 -15.178411 -14.546049 121.249143 1.539609 0.263682
Car -1 -1 1.666197 661.866943 209.814835 717.161560 261.498962 1.622432 1.648846 4.293316 -11.787539 -11.913358 107.852170 1.557335 0.265453
Car -1 -1 1.648250 698.092285 254.267319 765.266541 314.085510 1.290236 1.608291 4.267303 -7.983802 -7.909749 84.861952 1.554446 0.461487
