Car -1 -1 -1.659686 1020.617981 756.430359 1267.641235 1015.515869 0.926848 1.755042 4.273417 1.290111 3.047653 25.323353 -1.608784 2.224273
Car -1 -1 -1.787115 1357.257935 812.017761 1673.965698 1055.329102 0.607632 1.671063 4.507682 4.504078 3.223168 24.595516 -1.605996 3.493750
Car -1 -1 -1.004725 876.764282 344.057617 1056.261475 443.617584 1.382476 1.681469 4.025792 -0.523540 -3.021173 58.301692 -1.013705 0.991899
Car -1 -1 -0.290933 224.377335 379.369537 490.174622 473.662994 1.169271 1.846856 4.518981 -12.680818 -2.319441 55.351972 -0.516141 3.284815
Car -1 -1 -1.506876 610.913269 818.953857 846.955078 1077.140381 0.700289 1.644770 4.247509 -2.180345 3.300845 23.848829 -1.598046 2.671725
Car -1 -1 1.738718 401.353546 291.692322 495.169800 372.604828 1.482268 1.596294 4.246452 -14.198534 -5.381317 72.292233 1.544782 1.074687
Car -1 -1 -0.990718 693.888611 326.075745 855.966492 414.396759 1.332129 1.574750 4.194437 -4.886098 -3.852263 62.963260 -1.068165 0.732322
Car -1 -1 1.781968 277.813538 293.215210 384.507690 374.956696 1.486151 1.651463 4.251896 -17.122115 -5.290234 71.781504 1.547813 1.086775
Car -1 -1 1.707199 516.264832 302.630493 608.791504 376.698273 1.295867 1.640623 4.244724 -11.054404 -5.221984 71.425878 1.553650 1.295538
Car -1 -1 -1.564918 948.945496 218.103867 999.074585 265.745697 1.362882 1.704835 4.243857 -0.712323 -11.521875 105.630767 -1.571661 0.761848
Car -1 -1 1.785309 358.179993 270.104614 438.999603 334.154938 1.291386 1.331314 4.231749 -17.483269 -7.086351 81.442927 1.573850 1.139599
Car -1 -1 1.738376 449.398590 239.786438 538.179688 336.799713 2.164784 1.609220 4.714659 -14.508103 -6.961002 80.557238 1.560189 0.466303
Car -1 -1 -1.562256 925.512329 189.104935 966.504639 226.441635 1.316075 1.713691 4.251554 -2.116363 -15.441146 126.493002 -1.578985 0.616221
Car -1 -1 -1.546851 1039.087036 179.999527 1081.259766 216.961227 1.338748 1.726527 4.256450 3.328363 -16.877826 134.578001 -1.522124 0.498760
Car -1 -1 1.697540 558.743896 268.323120 636.311829 339.099762 1.476897 1.541140 4.240502 -11.363854 -6.792423 79.736481 1.555976 1.138334
Car -1 -1 1.659018 649.377319 297.800598 731.005249 381.390564 1.433054 1.603173 4.232355 -7.609312 -5.004055 69.765859 1.550378 1.144646
Car -1 -1 -1.577001 940.984802 135.450317 971.188110 164.849777 1.658359 1.882482 4.241300 -2.462945 -26.707131 187.205002 -1.590157 0.364438
Car -1 -1 1.697148 586.644226 213.284103 645.087463 257.403534 1.284041 1.493105 4.248066 -14.634021 -11.968302 107.103759 1.561354 0.567308
Car -1 -1 1.695723 600.761658 254.558258 668.452454 314.020416 1.355902 1.474381 4.260118 -11.186020 -8.070968 86.676771 1.567378 1.053201
Car -1 -1 1.711501 544.821594 222.010635 611.931152 277.345551 1.422759 1.605208 4.247587 -14.894712 -10.522536 99.565863 1.563006 0.580532
Car -1 -1 -1.557305 886.564636 160.450134 923.103638 191.501007 1.407242 1.828866 4.248220 -4.903134 -20.659825 154.623002 -1.589004 0.540933
Car -1 -1 1.731854 501.026978 215.542908 562.899902 261.640381 1.282303 1.471110 4.233747 -17.757181 -11.782505 106.500131 1.566640 0.334553
