Car -1 -1 -1.508407 675.241638 443.272034 818.963562 589.317810 1.280809 1.868876 4.264077 -3.657982 -0.048882 42.039617 -1.595201 2.373700
Car -1 -1 -1.700219 1179.943604 487.533752 1337.170654 617.710388 0.945698 1.588267 4.279401 3.892017 0.299944 41.093395 -1.605789 2.089706
Car -1 -1 -1.607596 897.578552 387.816925 1008.706055 485.913666 1.058141 1.736366 4.254739 -0.740799 -1.680491 51.677175 -1.621930 2.152877
Car -1 -1 -1.368103 243.355530 577.110291 505.392975 806.585693 1.250166 1.741616 4.351394 -6.545420 1.867023 30.020699 -1.582773 2.541034
Car -1 -1 -1.325728 0.000000 811.545410 338.920776 1079.465088 1.074803 1.910962 4.237914 -6.680782 3.563639 22.393653 -1.615655 2.887850
Car -1 -1 -1.465949 503.531677 708.624634 765.869995 937.650696 0.757251 1.804541 4.435626 -3.290735 2.645597 26.621116 -1.588939 1.732909
Car -1 -1 -1.648019 1088.571411 333.202545 1201.037720 440.412292 1.498044 1.897721 4.277210 3.113091 -2.656665 57.108584 -1.593561 1.316863
Car -1 -1 1.844823 154.536163 293.026611 271.180450 367.703247 1.175250 1.426720 4.325897 -19.259820 -4.818870 68.807934 1.571901 0.940282
Car -1 -1 -1.532121 765.779114 271.627655 837.201477 362.608215 1.611401 1.519245 4.568158 -4.758544 -5.008998 70.055666 -1.599942 0.803410
Car -1 -1 -1.618082 1054.603149 246.162811 1117.178467 296.241547 1.162019 1.624656 4.240042 3.142641 -8.636975 93.664663 -1.584543 0.823673
Car -1 -1 -1.713319 1326.511719 246.465652 1409.473877 310.780212 1.381192 1.697345 4.369882 11.749752 -7.624299 86.721990 -1.578651 0.619217
Car -1 -1 -1.606348 1013.232544 257.698883 1085.973022 325.386139 1.388618 1.715732 4.249865 1.724862 -6.896434 82.874537 -1.585538 0.916382
Car -1 -1 -1.547636 825.619995 219.909622 882.255005 272.268616 1.411318 1.911003 4.275534 -4.880836 -9.917519 99.493385 -1.596654 0.710919
Car -1 -1 -1.540721 852.927185 191.202560 899.536682 233.272995 1.418972 1.814926 4.244833 -4.953642 -13.574083 120.694947 -1.581741 0.565106
Car -1 -1 -1.633667 1053.117920 304.470978 1140.099609 379.678101 1.263053 1.764561 4.257026 2.550587 -4.463918 68.393241 -1.596392 1.045233
Car -1 -1 -1.588797 1024.057617 188.465652 1067.776245 226.423492 1.372320 1.812658 4.263884 2.550775 -14.718651 128.546607 -1.568957 0.607232
Car -1 -1 1.838715 141.500992 234.116974 224.738907 292.720154 1.407212 1.514340 4.248662 -26.889091 -8.629717 92.424701 1.555601 0.743617
Car -1 -1 -1.588932 979.620605 208.307800 1027.887451 253.409882 1.322572 1.753751 4.258765 0.520338 -12.059367 113.820706 -1.584361 0.481696
Car -1 -1 -2.115714 1265.380005 188.025665 1341.037598 224.764862 1.354159 1.471954 4.286066 14.789766 -15.147997 131.781739 -2.003952 0.195858
Car -1 -1 1.711356 460.884613 172.883514 518.151733 220.577545 1.765467 1.871199 4.294226 -23.582139 -15.235679 130.551914 1.532649 0.401916
Car -1 -1 -1.565021 902.070312 248.126511 990.479553 367.346954 2.377960 2.021552 4.839904 -1.139378 -4.935363 70.582193 -1.581162 0.487983
Car -1 -1 -1.562577 890.790344 138.621063 919.212036 164.739227 1.492213 1.759563 4.274533 -6.153904 -26.857616 198.549709 -1.593561 0.274003
Car -1 -1 -1.574960 939.499329 183.162918 979.666443 220.821808 1.348316 1.774450 4.251321 -1.503412 -15.354373 131.756884 -1.586370 0.406377
Car -1 -1 -1.567712 939.359375 152.917358 972.539062 183.800766 1.438662 1.749307 4.238856 -2.132261 -21.541192 167.418420 -1.580448 0.287071
Car -1 -1 -1.590475 963.886108 170.842712 1003.350342 204.329712 1.333380 1.753161 4.248691 -0.377435 -17.254998 141.679846 -1.593139 0.376289
Car -1 -1 -1.602038 990.128906 150.310791 1025.575195 187.800308 1.832753 1.710688 4.476977 1.025071 -20.805621 163.631774 -1.595774 0.182792
Car -1 -1 1.673553 580.054382 140.398651 612.228943 165.277847 1.380295 1.627538 4.244715 -28.292676 -26.809872 198.811972 1.532194 0.213226
