Car -1 -1 -1.528771 610.100220 805.022522 854.102661 1064.792358 0.612818 1.688830 4.239382 -2.378849 3.183818 23.502834 -1.629643 4.047895
Car -1 -1 -1.681394 1040.298584 744.062744 1282.950073 970.940552 0.669702 1.592722 4.232997 1.206683 2.819036 25.434372 -1.633986 3.473505
Car -1 -1 -1.383368 120.309822 804.492065 454.165283 1075.753174 0.770559 1.773136 4.240804 -5.944483 3.267637 23.071774 -1.635535 3.339290
Car -1 -1 1.787733 214.703934 215.439331 302.973236 271.790833 1.288334 1.601543 4.264976 -24.927815 -9.112489 91.282521 1.521149 0.955584
Car -1 -1 1.770521 276.337616 194.850159 349.460419 247.885223 1.412859 1.492986 4.252577 -25.260279 -10.648000 99.333390 1.521501 0.760145
Car -1 -1 1.806643 162.282959 175.440460 250.002243 250.390656 2.049834 1.782159 4.633455 -28.923163 -10.606003 99.092717 1.522653 0.485647
Car -1 -1 1.774589 264.363525 165.820663 325.495758 206.494141 1.293553 1.483419 4.254861 -30.844128 -14.267585 118.490200 1.519931 0.522063
Car -1 -1 1.716716 394.525665 167.257996 449.047699 207.187485 1.315914 1.620616 4.260100 -26.348949 -14.785665 122.705142 1.505194 0.533588
Car -1 -1 -1.565464 834.034180 146.290421 867.272827 176.201797 1.234128 1.585464 4.257147 -9.142112 -19.851716 151.967766 -1.625550 0.301458
Car -1 -1 -1.596239 859.093689 162.084061 900.001831 197.353882 1.331029 1.739264 4.268101 -7.196334 -17.879184 144.401890 -1.646033 0.274152
Car -1 -1 1.756479 319.191254 180.286514 385.722778 235.303040 1.653074 1.615308 4.264889 -25.210886 -11.715096 105.529162 1.521974 0.365060
