Car -1 -1 -1.521901 736.272461 630.360657 902.130554 807.661072 0.895186 1.651063 4.241712 -1.965596 1.947348 32.146604 -1.582969 2.261178
Car -1 -1 -1.688354 1137.381470 443.583649 1266.984497 555.411621 1.069688 1.592133 4.256014 3.506710 -0.762558 46.908147 -1.613736 2.049706
Car -1 -1 -1.617182 986.156921 457.107056 1113.086182 587.641968 1.213369 1.724155 4.268096 0.849066 -0.285422 44.185959 -1.597969 1.921127
Car -1 -1 1.867885 1.318424 637.168091 222.538635 879.037781 1.386631 1.690125 4.363126 -9.728577 2.448686 29.860997 1.552934 2.825442
Car -1 -1 -1.544676 823.665527 440.310852 950.376465 568.315430 1.272927 1.824848 4.248274 -1.720410 -0.549339 45.475903 -1.582489 2.228439
Car -1 -1 -1.649677 1077.087036 334.061646 1178.501587 417.069885 1.196640 1.864686 4.282124 3.062958 -3.831323 63.452069 -1.601442 0.965662
Car -1 -1 -1.729611 1260.885986 786.860474 1548.747437 1023.755371 0.688597 1.626036 4.409925 3.660286 3.108545 25.290166 -1.585878 1.843447
Car -1 -1 1.713689 408.435699 341.586395 531.895508 452.850220 1.565090 1.681438 4.358012 -10.755415 -2.803843 57.230883 1.527926 1.154673
Car -1 -1 -1.576040 907.341736 308.473877 983.504272 381.274506 1.213207 1.730411 4.248608 -1.199422 -5.026474 70.208994 -1.593122 1.647383
Car -1 -1 -1.619789 1048.707397 265.089386 1117.603027 324.661591 1.251635 1.828328 4.255804 2.742416 -7.552319 83.985762 -1.587147 1.068665
Car -1 -1 1.710490 520.432251 248.910995 592.921265 303.806915 1.287843 1.618821 4.247713 -14.087845 -8.659195 89.649463 1.554621 1.224832
Car -1 -1 -1.536901 854.585266 245.757126 915.890137 301.480225 1.309763 1.730514 4.246720 -3.523627 -8.923456 91.440526 -1.575417 1.167881
Car -1 -1 -1.487962 563.814636 915.996277 867.470520 1078.790649 0.903865 1.832412 4.366738 -1.991353 4.077677 21.245223 -1.581421 2.816311
Car -1 -1 -1.571835 941.422058 216.325211 988.616577 263.123810 1.333833 1.662109 4.247228 -1.070956 -11.723632 106.566737 -1.581884 0.855468
