Car -1 -1 0.944070 1176.103516 246.768936 1349.908813 328.556610 1.164139 1.312418 4.754555 7.513658 -6.402926 53.857760 1.082685 0.667380
Car -1 -1 -2.221417 261.668701 194.128952 397.849609 262.603363 1.515244 1.740310 3.864726 -18.905836 -9.450344 65.889430 -2.500843 1.174206
Car -1 -1 1.678672 670.232056 104.803085 719.893494 163.345032 2.197007 1.713693 4.921784 -12.887475 -20.088560 108.392157 1.560331 0.207300
Car -1 -1 2.764517 1590.203613 173.324188 1729.636841 230.827698 1.579785 1.875391 4.056689 24.587232 -11.866853 76.209226 3.076602 0.861974
Car -1 -1 2.782746 1671.719849 163.217575 1836.558838 241.907349 2.049001 1.866184 4.250892 26.422964 -10.959317 72.168908 3.133715 0.751015
Car -1 -1 2.722569 1693.216553 197.193298 1865.822510 251.127136 1.290086 1.849391 4.216658 25.578352 -9.968207 68.025482 3.082226 1.369012
Car -1 -1 -1.652127 1085.542725 111.389275 1128.123413 143.024994 1.345156 1.979514 4.272850 8.944855 -24.715774 128.244127 -1.582491 0.401597
Car -1 -1 -1.591757 1020.471863 69.311424 1047.384277 92.250267 1.652391 1.994368 4.298917 7.069661 -40.975538 191.768767 -1.554908 0.229449
Car -1 -1 2.387766 497.790833 97.127640 558.155396 128.283707 1.624957 1.778232 4.199720 -29.119776 -29.524605 148.506526 2.194139 0.125058
Car -1 -1 2.578995 1814.677246 168.286957 1920.494141 212.512985 1.321752 1.836939 3.630987 34.699411 -13.354204 82.118772 2.978790 0.172393
