Car -1 -1 -1.658117 1090.924805 363.702148 1194.407959 449.645325 1.148501 1.719715 4.248071 3.134939 -2.873303 58.318459 -1.604413 1.411777
Car -1 -1 -1.749960 1310.918335 797.584167 1586.785400 1042.860840 0.752365 1.547401 4.245718 3.978796 3.207721 24.801185 -1.590888 3.009639
Car -1 -1 -1.544914 838.611267 267.162811 912.760071 334.735870 1.405931 1.853336 4.245487 -3.386875 -6.986155 80.724844 -1.586845 1.022400
Car -1 -1 -1.573433 931.957153 220.568008 987.735352 278.037750 1.593457 1.884846 4.229725 -1.185779 -10.634024 101.077866 -1.585164 0.763421
Car -1 -1 1.648769 645.078735 300.847412 726.491638 381.601379 1.408985 1.600286 4.255948 -7.685685 -4.979536 69.609112 1.538803 1.165834
Car -1 -1 1.719497 532.972961 237.238861 603.994934 291.335999 1.330332 1.639284 4.250405 -14.332557 -9.438188 93.606701 1.567562 1.041974
Car -1 -1 -1.586225 960.370605 275.938751 1027.391357 342.523865 1.317048 1.714401 4.255392 0.024656 -6.666800 79.212672 -1.585914 1.034103
Car -1 -1 -1.560905 892.491333 135.960403 920.986450 162.877136 1.515401 1.727055 4.255961 -6.006524 -27.722677 193.072792 -1.592006 0.303922
Car -1 -1 -1.559372 925.770935 132.803925 953.000488 156.327530 1.419795 1.759898 4.254045 -3.829443 -29.333511 201.577200 -1.578367 0.373604
Car -1 -1 -1.563975 945.521179 164.314041 981.294312 197.489746 1.428897 1.784816 4.255339 -1.578764 -19.752795 149.924219 -1.574505 0.508959
Car -1 -1 -1.601248 1088.745605 133.182571 1121.445312 162.583969 1.666840 1.993958 4.268658 7.856977 -27.599067 192.723320 -1.560502 0.225262
Car -1 -1 -1.553789 882.270691 161.424149 917.853516 193.902328 1.392993 1.772585 4.247053 -5.181434 -20.688579 155.394117 -1.587121 0.522617
Car -1 -1 1.658066 704.662781 221.621185 776.529358 296.697540 1.930177 1.873395 4.530561 -8.493546 -9.332435 93.579218 1.567550 0.463378
Car -1 -1 1.414110 666.386230 282.291168 751.743591 353.567810 1.328447 1.614239 4.233144 -7.904624 -6.202539 76.671912 1.311376 0.666744
