Car -1 -1 2.709421 229.296768 362.938751 502.320282 473.652740 1.285850 1.825850 4.101232 -11.691295 -1.754185 49.755112 2.478631 4.745926
Car -1 -1 -3.054459 2.089814 295.274841 248.412064 395.092621 1.594195 1.850049 4.916801 -19.206711 -3.521964 59.200280 2.915005 1.655209
Car -1 -1 2.983793 648.105103 329.175720 851.828430 418.574127 1.406462 1.810478 3.921120 -5.632714 -2.960971 58.243680 2.887383 2.618621
Car -1 -1 2.841018 819.800293 341.663391 1078.500610 441.197418 1.469643 1.836191 4.548951 -1.403702 -2.445065 55.634188 2.815792 3.126266
Car -1 -1 2.815301 1438.964844 343.859680 1705.008667 453.927429 1.688443 1.903287 4.560465 11.034495 -2.200132 55.837849 3.010404 2.206082
Car -1 -1 2.868889 1370.328613 334.636963 1611.505981 420.472198 1.427618 1.872472 4.446768 10.521038 -3.073797 61.720639 3.037728 0.821579
Car -1 -1 -3.035337 178.414581 288.669373 399.264496 373.917847 1.417374 1.839786 3.922681 -16.261717 -4.097121 62.179149 2.992047 1.848139
Car -1 -1 1.774166 207.543915 217.757111 294.979492 274.843384 1.252903 1.698928 4.264985 -24.709638 -8.868864 89.604546 1.505090 0.859929
Car -1 -1 -1.585717 885.985168 181.228241 932.596863 225.347229 1.395602 1.837831 4.254032 -4.830842 -14.144456 123.024809 -1.624964 0.609544
Car -1 -1 1.744978 306.102539 207.306244 392.098145 273.679474 1.535365 1.746678 4.275079 -21.750757 -8.985781 90.349199 1.508733 0.740430
Car -1 -1 2.753656 1831.689331 362.991913 1918.259399 442.065735 1.255677 1.842996 3.437392 20.222956 -2.691757 61.765896 3.070069 0.228409
Car -1 -1 1.696986 214.610321 180.348343 280.968018 227.367325 1.298920 1.481296 4.247747 -29.788242 -12.264339 107.587462 1.426878 0.437587
Car -1 -1 1.746557 344.595703 176.795212 407.543640 222.681076 1.336574 1.577159 4.259799 -26.298152 -13.177550 113.838103 1.519526 0.404543
Car -1 -1 1.808706 167.673218 170.521194 236.125809 218.168015 1.491782 1.544230 4.259624 -32.846223 -13.061507 111.777512 1.522898 0.237021
