Car -1 -1 2.721141 1714.455444 363.604370 1918.534668 455.064819 1.399016 1.842677 4.064392 18.877059 -2.458284 46.333012 3.108029 1.354766
Car -1 -1 0.287304 79.363823 411.276276 374.454376 519.962280 1.240837 1.867950 4.159138 -12.738342 -1.126019 39.196792 -0.026914 4.182131
Car -1 -1 2.918293 1136.199219 344.038239 1410.113403 459.930206 1.746692 1.966338 4.779255 6.700190 -2.331117 44.665779 3.067190 4.125919
Car -1 -1 3.078292 520.520081 373.825287 779.313538 471.545074 1.253729 1.890057 4.642202 -5.785454 -2.120211 43.717762 2.946720 4.255062
Car -1 -1 1.765382 425.040924 251.190521 507.912964 314.415009 1.280256 1.591957 4.252637 -14.632303 -7.657076 67.663082 1.552409 1.299910
Car -1 -1 -1.812410 1325.854370 727.788086 1626.785889 997.472900 0.900457 1.719184 4.234211 5.083865 3.019996 21.448332 -1.579677 4.600803
Car -1 -1 -2.975420 170.221466 326.555298 436.197784 424.636810 1.512372 1.942768 4.911520 -13.853155 -3.209863 47.706071 3.025152 3.395207
Car -1 -1 1.828065 283.905457 257.296265 382.591217 323.089386 1.278996 1.523787 4.257945 -18.167822 -7.215273 65.711954 1.558326 1.502867
Car -1 -1 1.914297 62.631851 257.913818 174.046036 326.786194 1.321637 1.507370 4.306514 -24.894709 -7.209585 66.400340 1.555598 1.079648
Car -1 -1 -1.841153 1331.929565 236.932434 1423.203369 291.302521 1.260753 1.599846 4.261894 15.162840 -9.314121 76.069958 -1.644404 1.208605
Car -1 -1 3.033275 955.348633 341.578888 1205.976929 424.715088 1.363440 1.919061 5.027414 3.209800 -3.296229 50.076690 3.097285 2.558755
Car -1 -1 1.891775 148.266937 226.159546 249.750015 286.689728 1.437258 1.712468 4.253813 -25.317286 -9.273918 74.859624 1.565653 1.148707
Car -1 -1 1.844444 225.798065 207.517532 309.746094 262.083496 1.518309 1.663295 4.239665 -25.484455 -11.125491 83.072982 1.546786 0.701360
Car -1 -1 1.798599 371.029053 232.094955 451.704285 289.440216 1.314303 1.615338 4.249765 -17.947880 -9.157935 74.314145 1.561624 1.184367
Car -1 -1 1.841335 253.705521 230.715652 341.290405 293.007355 1.419532 1.459317 4.237814 -21.632734 -9.012927 73.783564 1.556136 1.224705
Car -1 -1 1.710839 587.204651 157.450577 631.316833 192.497498 1.434190 1.632367 4.242513 -18.014857 -19.357770 119.100791 1.560720 0.495090
Car -1 -1 1.866184 166.806213 257.568359 267.003784 325.484131 1.402550 1.408822 4.239840 -21.387606 -7.039638 64.963039 1.548133 1.436548
Car -1 -1 1.753083 465.802612 183.867401 533.466980 243.178757 1.861789 1.745232 4.437829 -18.209839 -12.902988 90.760158 1.555075 0.385420
Car -1 -1 1.716311 516.733948 178.879120 570.372375 222.384979 1.467432 1.531626 4.236541 -18.035865 -14.976211 99.674963 1.537302 0.838937
Car -1 -1 1.813227 331.465027 217.257080 404.179260 268.929718 1.268041 1.465908 4.242665 -21.418290 -10.818813 81.879123 1.557375 0.782395
Car -1 -1 1.831891 300.922058 195.747955 362.999878 239.051514 1.256764 1.339930 4.234455 -25.664801 -13.231102 92.187851 1.560370 0.752687
Car -1 -1 1.807634 348.669647 184.705643 407.218903 224.422867 1.215791 1.361561 4.258498 -25.317717 -14.772428 98.592544 1.556274 0.729675
Car -1 -1 1.703253 643.972778 157.089310 685.676575 191.683884 1.417893 1.649906 4.255232 -14.631067 -18.999604 116.620791 1.578447 0.510528
Car -1 -1 1.790876 372.185059 201.174026 436.463715 246.505829 1.217719 1.405283 4.231355 -21.719670 -12.441168 88.422642 1.550010 0.806573
Car -1 -1 1.779698 428.416748 211.638519 497.690155 261.873352 1.245762 1.493789 4.230998 -17.829608 -10.965388 81.563558 1.564486 0.987289
Car -1 -1 1.903407 65.990723 185.197571 158.425705 257.114655 2.115615 1.449123 4.943481 -31.723467 -11.450005 83.879860 1.541833 0.418438
Car -1 -1 1.728885 548.319885 150.340851 591.284668 181.678177 1.364609 1.622493 4.239470 -21.901620 -21.617574 129.186351 1.560946 0.561522
Car -1 -1 1.772231 427.944214 157.502243 475.913513 190.973648 1.419177 1.668946 4.225772 -26.142759 -19.067674 117.350482 1.553035 0.350928
Car -1 -1 1.788196 416.095093 188.135498 472.558380 228.524750 1.274821 1.292056 4.232574 -21.753905 -14.220529 96.173464 1.565745 0.672177
Car -1 -1 1.738448 480.134735 168.306137 527.761902 204.056076 1.394581 1.586163 4.219005 -21.217780 -16.730442 106.682088 1.542122 0.264360
Car -1 -1 1.667316 669.427246 113.678398 697.598572 136.108261 1.511157 1.804531 4.217782 -21.869377 -34.624356 186.190702 1.550394 0.139516
