Car -1 -1 1.883940 145.340240 254.474869 251.108063 331.020569 1.535923 1.436095 4.249050 -21.877141 -6.899568 64.679770 1.557782 1.344285
Car -1 -1 1.811312 274.525360 263.880859 381.208435 332.473083 1.294863 1.749055 4.311068 -17.862153 -6.779063 64.014506 1.539200 1.276970
Car -1 -1 1.844269 237.656296 232.035599 328.896545 298.648651 1.530525 1.515164 4.256691 -21.354275 -8.512923 71.306024 1.553295 1.363567
Car -1 -1 1.797539 354.837006 237.545807 438.652679 297.319427 1.298313 1.564748 4.239732 -17.683157 -8.560820 71.311600 1.554472 1.167278
Car -1 -1 1.728329 527.795532 176.827301 580.341553 217.009171 1.389527 1.662468 4.248820 -18.157036 -15.675843 102.816699 1.553535 0.690145
Car -1 -1 1.785125 375.273315 197.535324 443.527710 247.089584 1.455247 1.643927 4.241953 -21.637394 -12.503278 89.149884 1.547021 0.805627
Car -1 -1 1.796633 332.017700 181.066864 399.125549 229.040985 1.577126 1.686570 4.268554 -25.207053 -14.173118 96.078873 1.540058 0.601497
Car -1 -1 1.734278 499.564606 140.546021 545.488525 175.433365 1.705933 1.802413 4.255880 -25.495173 -22.656985 133.664841 1.545802 0.356018
Car -1 -1 1.648711 672.194763 111.337471 698.446716 135.051636 1.701067 1.877142 4.266634 -22.157890 -35.455968 190.415271 1.532866 0.210062
Car -1 -1 1.696981 616.096436 117.604889 647.144592 141.626205 1.514276 1.763029 4.235643 -25.292332 -32.865801 178.914406 1.556546 0.141550
