Car -1 -1 1.776287 303.733459 422.402985 460.088318 555.191467 1.352586 1.534289 4.262420 -10.025865 -0.761662 45.663916 1.560158 2.724077
Car -1 -1 0.558986 943.645081 391.927185 1200.551880 515.656433 1.507214 1.858370 3.932278 1.422920 -1.385492 49.646350 0.587640 3.721350
Car -1 -1 1.719138 484.705780 307.675781 595.142456 400.758392 1.505529 1.754235 4.285029 -10.662975 -4.301285 65.424540 1.557577 0.955674
Car -1 -1 -1.516378 686.456543 781.616150 908.333496 1011.266113 0.710711 1.720876 4.248754 -1.702750 3.070104 25.405316 -1.583302 1.846980
Car -1 -1 -1.648810 1039.177368 767.866699 1273.127319 1021.840698 0.892636 1.681314 4.245065 1.396965 3.105756 25.276891 -1.593600 1.806667
Car -1 -1 -1.781741 1385.979492 817.493225 1688.409058 1077.017212 0.787730 1.603835 4.236271 4.578341 3.353286 23.920750 -1.592632 2.630988
Car -1 -1 -1.367225 183.903381 850.042603 511.022064 1078.213379 1.051050 1.706188 4.245930 -5.255759 3.838622 23.144414 -1.590523 2.592999
Car -1 -1 -0.153634 837.734863 297.298401 1039.884033 367.484558 1.382507 1.858897 4.704401 -1.424736 -5.372071 71.838972 -0.173464 1.508999
Car -1 -1 -1.567916 920.746277 195.005951 966.388794 236.334045 1.357586 1.765607 4.269861 -2.133750 -14.271995 120.101310 -1.585680 0.721632
Car -1 -1 1.656157 666.023865 279.275787 741.219360 346.648987 1.302603 1.568514 4.250345 -8.107999 -6.475324 78.002301 1.552583 1.176072
Car -1 -1 -1.571484 929.346741 224.047424 982.698608 273.515686 1.319082 1.752727 4.258465 -1.309760 -10.792383 101.164411 -1.584430 0.891472
Car -1 -1 -1.597035 1053.881226 226.369766 1112.833740 282.930786 1.483334 1.724077 4.242550 3.222290 -10.132352 97.858277 -1.564119 1.059685
Car -1 -1 -1.572848 951.663086 171.647217 992.247314 212.429779 1.698143 1.799582 4.278467 -1.023044 -17.370397 137.201584 -1.580305 0.434195
Car -1 -1 1.655324 755.195068 202.890488 805.630188 248.118942 1.352040 1.609086 4.248539 -8.435128 -12.727484 110.464149 1.579111 0.711891
Car -1 -1 1.649588 692.596375 258.993835 760.407043 318.515594 1.296072 1.582563 4.245714 -8.231005 -7.857829 85.348037 1.553445 0.646479
Car -1 -1 -1.646272 1169.565430 175.826752 1212.789307 211.424072 1.346591 1.728234 4.238827 10.005608 -17.666110 138.804170 -1.574312 0.496194
Car -1 -1 1.640235 718.733459 231.234467 779.434998 284.295166 1.354454 1.704258 4.262632 -8.614352 -10.109717 98.035610 1.552590 0.612694
Car -1 -1 -1.605078 1090.486328 134.911133 1121.697754 162.143234 1.491941 1.883570 4.243594 7.942900 -27.590259 191.826203 -1.563695 0.174037
Car -1 -1 1.639499 813.027161 128.080978 840.884094 153.993958 1.579371 1.737426 4.268179 -12.291068 -30.031682 205.331364 1.579711 0.168628
