Car -1 -1 -1.680277 1110.396484 530.778809 1298.876221 720.738708 0.878539 1.621876 4.240109 2.848257 0.763911 25.682922 -1.569828 3.382006
Car -1 -1 -1.574908 848.296692 585.657288 1054.027344 810.829346 0.894757 1.796937 4.240315 -0.055378 1.436349 23.160271 -1.577299 3.746015
Car -1 -1 -1.442501 524.572571 567.085327 777.375427 811.160034 1.038033 1.833197 4.579740 -3.094481 1.408409 23.229272 -1.574936 2.006751
Car -1 -1 2.224911 839.913635 247.453583 1009.665283 327.552399 1.224112 1.512784 4.688944 -0.647589 -6.323691 53.335152 2.212770 0.760333
Car -1 -1 -2.955260 403.379974 177.996872 558.450317 227.818207 1.396938 1.874273 4.706724 -16.956882 -12.268716 78.362786 3.114821 1.499880
Car -1 -1 -2.850503 41.054230 184.195480 181.367905 242.018555 1.495366 1.865647 3.671286 -28.819210 -11.288372 74.602516 3.064039 1.781436
Car -1 -1 -1.739736 1160.357666 741.170654 1448.733765 1020.463440 0.650460 1.566792 4.239758 2.929453 2.618650 19.227433 -1.588541 2.972308
Car -1 -1 1.673780 715.059875 135.031311 762.161316 173.719559 1.335655 1.613418 4.255383 -10.214232 -18.582386 103.088612 1.575020 0.631176
Car -1 -1 2.819243 1331.382812 188.666122 1501.881226 257.601013 1.581154 1.901018 4.323571 14.173603 -9.802161 67.473749 3.026294 1.303633
Car -1 -1 1.702972 592.935669 137.148376 640.923584 174.868774 1.282658 1.615281 4.240345 -16.163677 -18.792099 104.521305 1.549543 0.645622
Car -1 -1 2.876050 1273.676147 186.260742 1418.399536 240.811554 1.325699 1.898469 4.091302 13.105822 -11.092783 73.159105 3.053311 0.436309
Car -1 -1 1.688172 655.168640 132.365952 705.059143 171.536041 1.375301 1.738645 4.261073 -13.275211 -19.130247 105.664105 1.563191 0.608118
Car -1 -1 -1.672424 1108.918335 114.603447 1151.786865 146.744659 1.338877 1.945988 4.278259 9.908853 -23.568622 123.324525 -1.592248 0.435742
Car -1 -1 2.789709 1699.220093 157.768326 1823.498901 200.273117 1.331299 1.857602 3.996119 32.616437 -14.853368 88.324590 -3.139730 0.992695
Car -1 -1 1.717492 620.282227 118.451363 664.606567 159.467606 1.766770 1.571476 4.425894 -16.378397 -21.180554 114.254694 1.575112 0.391875
Car -1 -1 1.691714 687.203857 125.419304 729.312805 160.805725 1.358725 1.499265 4.248590 -12.711421 -20.913654 112.675524 1.579375 0.640173
Car -1 -1 1.674948 747.817017 124.620872 786.595459 158.190582 1.243192 1.586138 4.249087 -9.539610 -20.864213 111.886736 1.589892 0.423588
Car -1 -1 1.967954 533.443970 92.569511 594.907959 125.854492 1.681630 1.972977 4.411057 -27.598440 -31.024906 154.655854 1.791362 0.123281
Car -1 -1 2.907128 1352.034424 173.537186 1489.177368 217.723953 1.373902 1.829163 3.962651 16.607608 -12.526370 78.312102 3.116101 0.346996
