Car -1 -1 -1.533531 441.822784 447.640320 594.665039 637.750793 1.568448 1.825502 4.231596 -6.105395 0.347964 32.071112 -1.721651 3.150087
Car -1 -1 -1.372083 278.452576 676.656311 525.067444 879.469849 0.674078 1.622472 4.226151 -5.698614 2.367510 23.695080 -1.608099 3.845877
Car -1 -1 -1.965340 284.896759 394.528351 465.110107 525.404602 1.317768 1.340569 4.186636 -9.989761 -1.183905 38.449470 -2.219536 1.434246
Car -1 -1 1.886860 190.342499 284.054443 311.375793 360.061401 1.259370 1.494457 4.518621 -18.574459 -5.635056 59.134011 1.582511 0.792597
Car -1 -1 1.191820 387.789429 329.654480 535.802673 441.730286 1.546052 1.423423 4.324551 -10.257591 -2.921341 46.760999 0.975878 0.809628
Car -1 -1 1.884857 199.752930 243.422165 286.268219 303.688446 1.383904 1.312267 4.248811 -22.158718 -8.126872 69.636487 1.576783 0.855504
Car -1 -1 1.742606 428.572235 250.469360 509.506073 313.312225 1.278476 1.524182 4.245903 -14.628821 -7.710171 67.946931 1.530545 1.206032
Car -1 -1 1.737982 524.181702 153.942001 568.187622 186.717361 1.364309 1.587851 4.247133 -22.135708 -20.289661 122.973023 1.559885 0.560159
Car -1 -1 1.700804 344.863800 303.963348 439.905670 389.219025 1.252671 1.541988 4.236435 -13.284734 -4.442615 53.001269 1.455215 0.871756
Car -1 -1 1.725814 382.024170 272.710754 470.818451 343.968842 1.265797 1.539564 4.257965 -14.380172 -6.205390 61.223399 1.495116 1.444461
