Car -1 -1 -1.547619 684.322449 746.188171 898.698608 983.974121 0.657042 1.626310 4.257815 -2.007693 2.802267 24.802312 -1.628391 4.234889
Car -1 -1 -1.679217 1030.059082 757.652100 1324.828491 1049.328735 0.927801 1.777449 4.338385 1.221089 3.073213 23.463991 -1.627223 3.391806
Car -1 -1 -1.358502 161.804352 758.151489 488.748657 1010.929871 0.698560 1.689286 4.302897 -5.858695 2.901764 24.030563 -1.597639 3.756570
Car -1 -1 -1.807950 1477.311646 849.203186 1889.546997 1078.018188 1.041236 1.933527 4.251746 5.182905 3.890689 22.450530 -1.581066 4.116088
Car -1 -1 0.546112 417.512604 252.568985 600.991699 327.185608 1.409990 1.829477 4.350070 -13.838879 -6.169024 75.231205 0.364195 1.291440
Car -1 -1 1.793891 104.657837 232.992538 211.492233 311.283264 1.541855 1.736239 4.274477 -23.977449 -6.792313 77.550276 1.494029 1.060557
Car -1 -1 1.735967 292.369995 234.693466 373.324188 297.903717 1.237220 1.525745 4.272498 -20.073359 -7.467232 81.455460 1.494348 1.020569
Car -1 -1 -1.656365 891.913513 201.735733 954.982056 248.188599 1.252612 1.826885 4.260279 -3.676308 -11.689058 108.702562 -1.690172 0.677594
Car -1 -1 1.769363 227.053299 200.904907 309.899292 263.770020 1.574659 1.723019 4.262331 -24.691382 -9.373210 91.552107 1.505933 0.671066
Car -1 -1 1.724547 401.170166 184.080795 465.580139 234.574982 1.365921 1.634300 4.261938 -21.922930 -11.669379 104.263006 1.517300 0.669280
Car -1 -1 -1.296791 0.000000 695.907410 146.081436 993.494202 1.115017 1.837570 4.286047 -9.468104 2.850466 25.449152 -1.652964 4.457051
Car -1 -1 1.728280 335.982941 206.483688 408.970459 262.032440 1.264673 1.638664 4.243501 -21.964200 -9.755561 94.547885 1.500021 0.795607
Car -1 -1 -1.572991 863.603882 166.845718 906.112183 203.635895 1.284657 1.733990 4.244370 -6.470328 -16.311357 133.874708 -1.621285 0.482585
Car -1 -1 1.795298 180.965866 197.286728 243.688995 243.236404 1.225041 1.423897 4.277157 -29.659686 -11.150239 102.462788 1.513531 0.555397
