Car -1 -1 -1.639935 956.385132 798.479370 1225.975708 1078.767090 0.866499 1.903674 4.277767 1.200102 3.531067 19.694240 -1.579073 4.507785
Car -1 -1 1.899037 49.649487 256.339386 163.838104 326.711060 1.386178 1.565116 4.345835 -25.360181 -7.240595 66.686904 1.535639 1.169111
Car -1 -1 1.818479 279.771881 254.539566 379.246094 326.278534 1.467117 1.573638 4.262636 -18.084949 -7.041416 65.005287 1.547133 1.484473
Car -1 -1 1.744735 484.217560 184.641144 547.404724 234.102112 1.601033 1.760024 4.240163 -18.099263 -13.568294 93.356295 1.553237 0.853038
Car -1 -1 1.868798 176.118652 257.219177 273.234467 321.364502 1.268083 1.436063 4.227960 -21.661368 -7.319328 66.358405 1.553273 1.579697
Car -1 -1 1.809057 368.292755 230.095139 449.611633 288.176819 1.296571 1.505223 4.242183 -17.921675 -9.150044 73.809931 1.570858 1.144227
Car -1 -1 1.773385 429.833038 208.281052 499.608154 260.264008 1.351770 1.585398 4.236888 -18.172503 -11.298515 83.602029 1.559346 0.959600
Car -1 -1 1.735164 534.107422 176.778564 584.410034 215.980240 1.302242 1.490870 4.245992 -18.125664 -15.960250 104.202780 1.562941 0.702621
Car -1 -1 1.887396 170.143860 228.234787 252.519104 281.257751 1.329050 1.401105 4.224249 -25.628641 -9.695626 77.118017 1.566548 1.079561
Car -1 -1 1.841074 243.016937 203.629257 323.626953 261.267273 1.591004 1.700291 4.227466 -25.602775 -11.508706 85.452405 1.549971 0.800973
Car -1 -1 1.826260 267.309631 226.898331 357.207703 287.272186 1.411861 1.682001 4.237267 -21.592358 -9.322735 75.230294 1.546757 1.348006
Car -1 -1 1.939182 21.851501 177.259705 135.813019 259.932678 2.292306 1.784254 5.141086 -33.008506 -11.476338 84.033119 1.564895 0.358292
Car -1 -1 1.827903 338.898743 212.111725 406.249786 260.628784 1.217234 1.360032 4.221505 -22.111672 -11.554045 85.233570 1.574075 0.857762
Car -1 -1 1.814634 308.675262 182.957809 375.224579 234.939590 1.637700 1.517327 4.448917 -25.741459 -13.722903 94.228835 1.547960 0.518678
Car -1 -1 1.680923 624.115295 140.026733 663.137268 171.618073 1.490808 1.782987 4.238855 -18.129357 -22.905871 133.900233 1.546347 0.362403
Car -1 -1 1.804800 374.054565 195.081116 436.565735 239.078201 1.235797 1.394900 4.228214 -22.571077 -13.297219 92.414673 1.565252 0.783108
Car -1 -1 1.716571 559.286377 164.496811 605.520630 201.200699 1.424356 1.685521 4.231397 -18.384210 -17.897953 112.498973 1.554586 0.492198
Car -1 -1 1.677899 590.315002 154.974365 634.692688 186.286499 1.400420 1.696664 4.237376 -18.457798 -20.342170 123.461780 1.529496 0.340647
Car -1 -1 1.704082 587.611267 130.192337 624.396606 162.691208 1.622344 1.755061 4.354789 -22.821488 -26.126808 149.031059 1.552130 0.158723
Car -1 -1 1.654086 666.475464 123.930679 697.472473 150.100632 1.583584 1.817766 4.255799 -18.779460 -28.406708 158.331990 1.536029 0.143018
