Car -1 -1 0.366996 1030.053223 364.878021 1276.031860 476.165497 1.481591 1.890293 3.920105 3.336696 -1.283037 41.963699 0.446342 4.132564
Car -1 -1 -1.618181 1701.553711 657.574402 1919.077881 911.310608 0.783565 1.765352 4.234323 7.882072 2.529390 20.855014 -1.256829 4.264811
Car -1 -1 -0.013246 1419.683472 322.536957 1667.203369 422.969299 1.279031 1.888832 4.384976 11.301901 -2.365644 43.866508 0.238913 4.136362
Car -1 -1 0.071312 1192.326538 282.020050 1395.533936 368.584320 1.385042 1.880768 4.389020 7.747629 -4.066762 53.715314 0.214559 3.337462
Car -1 -1 -0.055697 1766.814331 256.266174 1919.637329 353.604889 1.386382 1.906144 4.860168 20.231005 -4.055012 48.746217 0.337696 0.786396
Car -1 -1 -1.451677 1308.113281 719.132751 1553.269897 966.629456 0.517825 1.563244 4.260720 4.228723 2.812535 20.030021 -1.243613 4.282327
Car -1 -1 0.687932 106.500488 335.821991 249.217987 395.656464 1.284967 1.818130 3.762961 -26.664663 -4.515095 72.749313 0.336610 1.078095
Car -1 -1 0.478261 344.746765 398.183777 572.671875 481.252594 1.198354 1.919182 4.201996 -11.836255 -1.382832 49.857243 0.245173 2.538201
Car -1 -1 -1.163097 587.685120 659.310791 910.429749 896.560364 0.841283 1.448622 4.346220 -2.242782 2.715914 22.935687 -1.260572 5.347386
Car -1 -1 -1.298450 929.683105 735.667297 1242.352173 990.453125 0.525687 1.501260 4.401981 1.118194 2.996505 20.122863 -1.242938 4.351132
Car -1 -1 0.692783 0.362923 337.084229 114.191780 399.165161 1.390365 1.841646 3.539313 -31.547139 -4.447996 73.920724 0.289414 0.210633
Car -1 -1 0.560278 235.710175 362.015900 418.846588 439.554535 1.396743 1.903894 3.894101 -17.887807 -2.672815 60.101235 0.270999 1.859552
Car -1 -1 0.590714 257.410675 324.299316 411.485931 383.663269 1.163003 1.832540 3.832092 -20.429210 -4.682878 69.510745 0.304863 1.280907
Car -1 -1 1.700487 1371.073608 157.724991 1422.567139 201.228378 1.424826 1.670163 4.265363 19.566438 -14.847413 103.243499 1.887783 0.689533
Car -1 -1 -0.978601 28.133293 894.699219 670.484741 1078.588623 1.074123 2.527693 4.195713 -4.618062 4.542049 17.257070 -1.240079 3.800998
Car -1 -1 1.658433 1429.672119 157.254517 1481.335815 201.376450 1.336883 1.768583 4.274737 21.647748 -14.422502 100.022608 1.871575 0.577052
Car -1 -1 1.747033 1278.881226 152.267654 1326.148804 191.218460 1.442032 1.524569 4.240912 16.855520 -16.984370 114.978972 1.892593 0.388939
Car -1 -1 1.773641 1238.551392 171.441681 1291.270630 211.248596 1.281221 1.586626 4.258311 13.637946 -14.718749 105.472618 1.902230 0.350049
Car -1 -1 2.494724 814.376282 215.654984 905.327637 258.179657 1.318460 1.872570 3.686232 -5.538730 -12.089126 100.957320 2.439917 0.207873
Car -1 -1 1.674891 1421.903931 135.414886 1458.173950 167.860886 1.304731 1.416452 4.248983 25.609025 -19.230361 122.446111 1.881064 0.416261
Car -1 -1 0.722612 4.234188 360.885956 68.210457 413.112152 1.302063 1.913144 3.024875 -31.506986 -3.809571 71.317116 0.306609 0.078144
Car -1 -1 1.654046 1443.462158 146.160873 1491.087402 188.892349 1.362839 1.699431 4.262879 23.045044 -15.510367 103.901599 1.872309 0.216505
