Car -1 -1 1.811152 64.180618 247.518982 175.281921 328.437164 1.383855 1.533167 4.249497 -21.033194 -5.730507 69.610386 1.517718 1.143438
Car -1 -1 -1.535414 675.069153 304.506775 769.085327 391.266144 1.065970 1.703661 4.257894 -4.999863 -3.681138 58.285153 -1.620987 1.433917
Car -1 -1 1.820040 0.000000 224.794540 74.163040 319.441162 1.704668 1.859793 4.280787 -25.273276 -6.382434 73.739816 1.489851 0.809925
Car -1 -1 1.764531 206.903412 206.458130 292.758820 265.352875 1.273969 1.549100 4.236652 -22.062747 -8.828682 86.209868 1.513989 1.126596
Car -1 -1 -1.619901 896.099182 160.908112 948.503479 203.285904 1.203097 1.699038 4.266964 -1.556850 -13.559593 110.786646 -1.633953 0.823276
Car -1 -1 1.794716 60.898636 206.094589 163.964874 277.422516 1.516934 1.750124 4.262944 -25.244279 -8.185814 82.783078 1.498729 1.135223
Car -1 -1 1.833483 35.765327 181.987076 121.936951 240.571152 1.494249 1.459007 4.243080 -30.657157 -10.652700 96.592455 1.526153 0.807091
Car -1 -1 1.724021 346.738007 152.398346 410.662231 202.530273 1.628744 1.789163 4.282731 -23.644391 -13.786417 112.691766 1.517206 0.786450
Car -1 -1 1.738030 229.251572 167.301788 297.626526 215.599899 1.276607 1.551151 4.269287 -26.026462 -12.272873 103.518473 1.491716 0.691891
Car -1 -1 1.762363 170.763107 157.121033 238.070572 203.482056 1.440596 1.675042 4.255520 -31.030555 -13.936739 113.895298 1.496371 0.652768
Car -1 -1 1.744051 297.764221 143.409958 353.673981 187.143784 1.362447 1.592450 4.244374 -27.045070 -15.109746 118.420171 1.519520 0.467247
Car -1 -1 -1.557788 765.482056 134.859695 805.758972 171.400803 1.281357 1.727073 4.252667 -8.154982 -17.079528 128.694093 -1.621070 0.282522
