Car -1 -1 -1.391347 36.707794 631.155396 345.758026 983.731567 1.202307 1.429673 5.489707 -6.557380 2.488520 24.398953 -1.653899 0.718883
Car -1 -1 1.825206 0.000000 262.431335 108.263710 366.269928 1.572835 1.831865 4.328447 -20.845346 -4.473657 63.065614 1.505977 1.032789
Car -1 -1 -1.569831 849.867310 270.794556 934.915771 350.797546 1.222506 1.807394 4.261764 -1.643552 -4.995053 66.163909 -1.594667 1.365911
Car -1 -1 1.756751 175.287262 260.007660 284.661163 340.735352 1.252822 1.559893 4.246746 -17.412471 -5.201555 66.199060 1.499545 1.214395
Car -1 -1 1.803743 91.042725 203.319077 176.042648 266.414642 1.364219 1.365256 4.245032 -25.431623 -8.732325 85.423344 1.514386 0.812495
Car -1 -1 1.747037 227.289398 221.878922 332.209839 303.905212 1.587772 1.754254 4.255314 -18.149674 -6.668921 74.048906 1.506672 0.992981
Car -1 -1 1.744679 170.633224 216.647858 265.193604 281.889893 1.377715 1.632027 4.257465 -21.357050 -7.717699 79.980256 1.483738 0.951314
Car -1 -1 1.848573 0.000000 230.640030 77.101875 306.407928 1.394467 1.812741 4.254216 -24.996685 -6.517350 73.184807 1.519441 1.004521
Car -1 -1 -1.726150 1255.445435 213.289795 1343.735840 274.143646 1.211657 1.705951 4.244310 10.728769 -8.800402 87.983618 -1.604809 0.769329
Car -1 -1 1.735514 303.119812 211.747498 389.215637 277.503632 1.303431 1.564479 4.243704 -17.845075 -7.970062 80.746496 1.518009 1.099519
Car -1 -1 -1.590455 822.325195 144.485367 867.429565 188.280518 1.352925 1.814630 4.268551 -4.974546 -15.081153 118.382858 -1.632451 0.546446
Car -1 -1 1.829181 13.046214 187.074783 102.513527 250.452103 1.477749 1.533125 4.254950 -29.386222 -9.689203 90.267562 1.514456 0.999397
Car -1 -1 1.775665 191.877319 177.069489 260.272675 225.994431 1.214146 1.462786 4.250688 -26.759661 -11.664598 101.037773 1.516761 0.679575
Car -1 -1 1.721633 343.037903 194.785217 420.176270 250.784851 1.249471 1.663959 4.242796 -18.718390 -9.627951 89.740014 1.515996 0.950336
Car -1 -1 1.775413 189.820007 149.823898 258.066833 198.733261 1.572526 1.576627 4.287070 -29.844846 -13.863051 112.306797 1.515672 0.352565
Car -1 -1 1.698038 395.502991 144.046829 448.545013 186.529633 1.373745 1.634045 4.248089 -24.027300 -15.847899 123.750067 1.506264 0.483944
