Car -1 -1 -1.656298 1078.313110 565.313965 1269.987915 786.296143 1.299181 1.711916 4.402876 2.350055 1.697363 26.473501 -1.567760 4.263169
Car -1 -1 1.091220 765.387451 310.325409 920.906860 393.194427 1.191287 1.522607 4.852026 -3.250497 -4.616097 53.990373 1.031087 0.872096
Car -1 -1 1.747150 390.094788 317.517670 493.524200 407.545563 1.223059 1.322359 4.283367 -11.933750 -3.910076 49.461258 1.510400 1.272289
Car -1 -1 2.816242 1603.729248 269.539032 1769.774292 326.162964 1.340946 1.828042 4.154164 22.119422 -7.318752 67.356482 3.133540 2.574251
Car -1 -1 1.480613 691.569946 235.667221 753.041016 288.978821 1.269407 1.604797 4.270928 -8.781492 -9.665219 76.824694 1.366802 0.903381
Car -1 -1 1.646649 716.968323 190.970535 762.304932 233.114624 1.495938 1.671085 4.247880 -10.838195 -15.226073 102.723214 1.541530 0.538462
Car -1 -1 1.288414 734.024414 279.303406 828.420349 347.797546 1.197022 1.485105 4.256475 -5.277294 -6.152782 60.202562 1.200979 1.197475
Car -1 -1 1.298271 741.231201 253.336731 826.514282 313.875488 1.249399 1.517908 4.296164 -6.076336 -8.206399 70.942295 1.212828 1.002331
Car -1 -1 1.223743 745.374512 195.508575 814.471008 245.505081 1.555306 1.471753 4.540742 -8.707536 -14.363967 99.570441 1.136514 0.221990
Car -1 -1 1.842659 436.834625 207.972366 509.790680 254.981796 1.357578 1.648172 4.307565 -20.868025 -12.837182 91.728232 1.618968 0.631624
Car -1 -1 -1.574249 925.073853 167.353943 957.540039 198.957489 1.411961 1.705742 4.271954 -1.702166 -21.639312 132.990985 -1.587048 0.437609
Car -1 -1 -1.563706 892.898499 141.143784 919.338318 166.269669 1.593278 1.744734 4.335316 -5.074802 -30.401013 172.906121 -1.593048 0.315304
Car -1 -1 -1.566750 904.806396 205.959702 950.020996 244.120148 1.250265 1.706772 4.245879 -2.008156 -14.408390 100.348613 -1.586759 0.628047
Car -1 -1 -1.583667 925.450684 129.801788 948.987915 153.702972 1.683219 1.789424 4.305545 -3.015763 -36.524585 201.065573 -1.598665 0.305132
Car -1 -1 0.197588 1297.954224 157.784439 1373.052490 189.133423 1.565830 1.851550 4.032257 23.441894 -23.338526 140.083709 0.363394 0.139328
Car -1 -1 1.630602 768.223450 132.570312 795.542969 157.248459 1.659560 1.929322 4.290470 -15.858541 -33.141683 184.182912 1.544712 0.212347
