Car -1 -1 -1.684573 1220.698853 366.246704 1343.071899 479.939056 1.284135 1.794941 4.378884 6.148234 -2.158320 42.667502 -1.541461 1.384854
Car -1 -1 -2.145248 0.000000 350.214630 159.458130 484.231232 1.689398 1.962840 4.431704 -17.500526 -1.943158 40.879811 -2.549739 2.313208
Car -1 -1 -1.593362 1041.605591 343.629303 1130.758667 430.890747 1.041267 1.684946 4.276793 2.661108 -3.325745 47.811370 -1.537761 1.655028
Car -1 -1 -1.535335 906.738098 258.636230 983.760193 353.913910 1.610264 1.625481 4.621184 -0.454928 -5.800184 57.163961 -1.543293 0.761618
Car -1 -1 -1.532012 953.570862 184.142944 1001.798218 228.971924 1.287708 1.779466 4.246312 0.622173 -13.884944 92.005374 -1.525250 0.752302
Car -1 -1 -1.645307 1080.005737 238.740921 1154.017456 305.790100 1.403112 1.928424 4.274363 4.737485 -8.112558 67.903333 -1.575652 0.969706
Car -1 -1 1.879990 332.138123 246.001862 426.528870 310.484070 1.222449 1.328420 4.261249 -17.717033 -7.822664 66.343855 1.619031 1.224813
Car -1 -1 -1.606839 1115.853638 181.537476 1165.231323 229.813507 1.416561 1.850880 4.229485 7.501628 -13.884551 92.173267 -1.525632 0.705402
Car -1 -1 1.838048 440.470764 234.872421 531.402100 304.762054 1.430409 1.464410 4.248275 -14.569402 -8.020356 66.687029 1.622953 0.988814
Car -1 -1 1.832022 395.877808 226.428619 471.585175 282.363586 1.274134 1.218264 4.250486 -17.695248 -9.451788 73.370540 1.595365 0.760855
Car -1 -1 1.873374 273.474091 237.065475 364.146393 296.666260 1.230186 1.287586 4.252477 -20.582798 -8.618782 69.897092 1.586995 0.989557
Car -1 -1 -1.570220 1040.584106 195.705551 1087.606201 248.146545 1.422017 1.679890 4.253851 3.890140 -12.098226 84.585595 -1.524262 0.732090
Car -1 -1 -1.614589 1110.300781 146.317825 1148.273682 178.371399 1.289669 1.748197 4.264421 9.107613 -20.551388 119.741431 -1.538675 0.594610
Car -1 -1 -1.577956 1042.770264 161.502853 1084.257446 199.176453 1.402951 1.833996 4.313285 4.839278 -17.080863 105.225968 -1.531999 0.526612
Car -1 -1 1.882334 342.865936 213.347687 423.257690 265.135559 1.185942 1.285134 4.232504 -20.375371 -10.452502 76.868048 1.623224 0.770520
Car -1 -1 1.806260 555.518311 206.472000 626.450500 255.403992 1.248068 1.458154 4.243171 -13.657669 -11.208877 80.222584 1.637630 0.821860
Car -1 -1 1.817684 507.423798 220.595779 580.645935 276.682526 1.261539 1.241842 4.249382 -14.192487 -9.672110 73.988955 1.628167 0.989748
Car -1 -1 -1.535398 993.038818 116.217896 1021.804932 143.451096 1.479683 1.739078 4.283310 3.163127 -29.148788 156.587358 -1.515200 0.411419
Car -1 -1 1.772763 600.213501 182.436279 663.713135 233.467453 1.507360 1.611332 4.239670 -13.405928 -13.140361 88.434613 1.622317 0.851414
Car -1 -1 1.726591 723.804871 139.956757 763.587280 172.149353 1.392113 1.590230 4.243372 -12.591195 -21.751737 124.997162 1.626198 0.471034
Car -1 -1 1.855391 422.924530 199.957916 483.938507 241.893173 1.206498 1.124749 4.239662 -19.760785 -12.171866 84.688418 1.626157 0.777969
Car -1 -1 1.741887 708.395813 131.073090 746.131836 159.884293 1.305063 1.554787 4.242550 -14.620633 -24.249963 135.298942 1.634243 0.376468
Car -1 -1 1.833747 469.972961 202.849762 542.059021 256.814392 1.378238 1.448285 4.231660 -16.888054 -11.214571 80.324619 1.626517 0.629819
Car -1 -1 -1.578210 1042.562744 124.397652 1074.301270 151.700562 1.385224 1.855583 4.249018 5.877696 -24.930015 136.712266 -1.535243 0.235476
Car -1 -1 1.805998 506.403992 196.354309 573.466370 242.229553 1.285929 1.365169 4.232353 -16.952604 -12.668608 87.320269 1.614241 0.338018
Car -1 -1 -1.603934 1094.425293 105.964241 1119.546631 132.939789 1.508057 1.725791 4.322694 10.863393 -31.492378 165.232873 -1.538282 0.199376
Car -1 -1 -1.578897 1069.278931 79.115997 1090.824585 100.481033 1.556761 1.757100 4.251196 10.391954 -39.439462 193.440314 -1.525227 0.121030
Car -1 -1 -1.572720 1033.322632 139.614456 1069.520874 173.438232 1.430907 1.734791 4.252349 4.855060 -21.160469 121.995302 -1.532944 0.239926
Car -1 -1 -1.578292 1036.963013 96.798767 1060.051758 119.528816 1.577054 1.687538 4.345965 7.351436 -36.975399 188.143450 -1.539238 0.080033
Car -1 -1 1.645061 797.416504 134.473160 832.338745 161.877335 1.287344 1.512146 4.250272 -8.749582 -22.764758 127.991270 1.576806 0.163799
Car -1 -1 -1.561848 998.189087 96.882019 1024.488770 121.404358 1.650780 1.833504 4.281708 3.929414 -34.109097 174.975170 -1.539395 0.074132
Car -1 -1 1.849555 492.722046 180.652847 550.606445 220.480789 1.320860 1.440140 4.226651 -19.761404 -15.246646 98.142603 1.650858 0.221278
