Car -1 -1 -1.286978 259.491211 641.095703 520.769653 832.453796 0.654349 1.433501 4.256351 -6.223692 2.082350 23.928049 -1.541440 2.823287
Car -1 -1 2.802347 1043.344116 402.708496 1321.353638 530.638672 1.516067 1.930922 4.176469 3.842828 -0.860313 39.328207 2.899749 5.637236
Car -1 -1 2.762151 612.535217 442.553345 908.796204 596.455017 1.368094 1.924950 3.984106 -3.214387 0.033093 34.367412 2.668893 5.370225
Car -1 -1 -1.374899 524.326721 663.703186 773.714905 873.231079 0.716601 1.661801 4.241777 -3.264453 2.340571 23.038926 -1.515655 2.814077
Car -1 -1 -1.774941 1439.841064 700.565857 1670.262939 907.737671 0.558589 1.380121 4.224519 5.973963 2.561523 22.556776 -1.516044 4.082502
Car -1 -1 -1.653707 1159.821899 669.711548 1387.531128 928.251648 0.869751 1.740306 4.722891 3.009801 2.608253 22.427760 -1.520305 1.852467
Car -1 -1 -1.502426 868.796631 580.163757 1062.130127 845.772644 1.221244 1.676775 5.189336 0.085417 2.067888 24.039163 -1.498873 1.409860
Car -1 -1 -2.918601 520.432861 286.964111 726.598206 368.268829 1.655971 1.990111 4.825345 -9.263297 -5.068033 58.774504 -3.074922 2.152115
Car -1 -1 2.514160 154.994644 491.225800 497.523010 677.110107 1.331626 1.911649 3.814097 -8.591672 0.872425 29.172509 2.227745 2.453786
Car -1 -1 2.748492 415.643372 427.037903 702.812317 562.209778 1.307053 1.925305 3.933663 -6.909180 -0.430440 36.384459 2.560833 4.019149
Car -1 -1 -1.651483 1137.387817 921.248169 1464.818115 1078.533813 0.639433 1.870995 4.231553 2.330587 4.009736 16.279587 -1.509289 3.934194
Car -1 -1 -1.112516 0.000000 900.633484 194.675735 1080.000000 0.996507 1.931774 4.290198 -7.706634 4.226336 17.052577 -1.536977 2.317746
