Car -1 -1 -1.523154 695.733765 675.076355 899.656433 896.595398 1.043575 1.777956 4.234680 -1.927828 2.495027 28.657020 -1.590325 3.592555
Car -1 -1 1.783969 285.319214 288.643829 386.194427 370.788605 1.529895 1.530929 4.246495 -17.029750 -5.383556 71.874285 1.551322 1.110857
Car -1 -1 -1.647766 1029.820312 848.479614 1292.247314 1078.877075 0.949707 1.747251 4.270278 1.314700 3.750107 23.419231 -1.591687 3.307957
Car -1 -1 1.736482 397.757599 304.993530 497.605042 380.581757 1.304090 1.629173 4.239932 -13.800985 -5.043268 70.231380 1.542447 1.294700
Car -1 -1 1.700246 523.386780 294.827911 615.229492 375.496490 1.470389 1.701656 4.246597 -10.922483 -5.257670 71.584845 1.548833 1.120555
Car -1 -1 -1.807937 1401.203247 902.635315 1806.097168 1079.429565 1.069495 1.899837 4.235184 4.590267 4.103873 21.531359 -1.597892 4.470615
Car -1 -1 1.651138 644.964294 300.315826 725.633179 381.977264 1.437774 1.611403 4.259312 -7.690133 -4.954850 69.439120 1.540841 1.116730
Car -1 -1 -1.511037 621.174927 912.924988 910.571289 1078.019897 1.066983 1.816310 4.264692 -1.581144 4.145167 20.824202 -1.586820 2.806630
Car -1 -1 -1.562815 929.962830 202.440231 981.107422 258.197205 1.685618 1.827794 4.264864 -1.470685 -12.366702 110.388675 -1.576137 0.575638
Car -1 -1 -1.569471 997.634155 191.856552 1042.298340 231.095261 1.342380 1.759448 4.255006 1.232430 -14.944594 123.752779 -1.559513 0.603941
Car -1 -1 -1.591510 1038.125854 209.815948 1089.004517 254.391403 1.348162 1.818120 4.260940 2.885540 -12.637382 112.038660 -1.565761 0.712615
Car -1 -1 -1.546946 871.281311 176.663605 913.326416 214.261047 1.448301 1.855909 4.261666 -4.844359 -16.851900 133.709096 -1.583161 0.593636
Car -1 -1 -1.507432 1045.203125 173.507965 1093.350220 213.174774 1.586023 1.905984 4.238045 3.860606 -17.334452 136.885684 -1.479236 0.327469
Car -1 -1 -1.570291 1001.434998 154.199554 1037.909546 192.605057 1.739139 1.846805 4.351543 1.551777 -20.903662 156.268335 -1.560362 0.185227
Car -1 -1 -1.546926 881.078979 136.974655 912.859802 171.621735 1.836195 1.748876 4.491892 -6.231742 -25.352041 180.577174 -1.581422 0.148997
Car -1 -1 1.409144 667.355896 281.486359 751.922485 352.648224 1.351193 1.620319 4.228563 -7.935558 -6.230620 76.888572 1.306300 0.642760
Car -1 -1 -1.569175 937.399292 148.249283 970.536072 179.339615 1.516714 1.826979 4.267095 -2.342359 -23.282738 168.821951 -1.583049 0.291905
Car -1 -1 -1.547405 881.212219 157.128906 916.187988 186.582687 1.375963 1.792510 4.250233 -5.342549 -21.283706 157.284912 -1.581360 0.302387
Car -1 -1 1.680959 564.831421 274.317169 643.380798 338.648163 1.286949 1.663622 4.243311 -11.109969 -6.757011 79.186806 1.541568 0.765541
Car -1 -1 1.652266 705.976196 223.014267 775.387390 293.994690 1.855118 1.890918 4.463188 -8.466965 -9.347412 93.346565 1.561809 0.431268
