Car -1 -1 -1.688887 1107.207642 611.300171 1286.237793 786.521545 0.807015 1.533332 4.247611 2.657375 1.750416 26.568873 -1.589200 2.922128
Car -1 -1 1.987974 2.777607 377.194214 249.850601 583.541321 2.019085 1.473970 5.541467 -13.666116 -0.519938 35.423844 1.619778 2.402359
Car -1 -1 0.351098 1240.713989 309.254211 1438.683105 392.131470 1.299422 1.878240 4.102798 9.010629 -4.445133 52.922345 0.519742 2.960886
Car -1 -1 -1.526382 747.930786 558.500427 985.009399 913.262817 1.836257 2.014971 5.019241 -0.967932 2.295273 22.838058 -1.568739 1.775334
Car -1 -1 1.826458 274.869415 333.519440 401.230408 428.260040 1.189457 1.388970 4.300282 -13.659941 -3.365653 47.352885 1.545612 1.771230
Car -1 -1 1.744581 466.160217 287.377167 559.889465 366.337708 1.263081 1.472538 4.255562 -11.883911 -5.435249 56.911113 1.538723 1.255011
Car -1 -1 -1.732643 844.801208 364.594971 964.296204 466.483429 1.163804 1.537704 4.258557 -1.373057 -2.445417 44.143804 -1.763737 2.028270
Car -1 -1 1.706658 576.159851 225.030502 644.460266 280.030945 1.394215 1.694411 4.271553 -13.262799 -10.446911 80.592045 1.543553 0.852257
Car -1 -1 -1.689957 970.537109 310.464081 1062.407715 394.437958 1.163600 1.505480 4.269511 1.102711 -4.531664 53.436950 -1.669324 1.374168
Car -1 -1 1.656377 657.520630 221.340500 721.333557 286.562714 1.678616 1.731062 4.299928 -10.001394 -9.901004 78.048208 1.528928 0.660814
Car -1 -1 -1.635923 1013.208069 183.658020 1058.349731 233.711578 1.926686 1.825407 4.238736 3.307721 -16.298386 109.811296 -1.605810 0.597093
Car -1 -1 0.169420 1298.933716 156.152237 1374.473633 188.411545 1.600683 1.866074 4.081351 23.446354 -23.275095 139.535493 0.335896 0.142476
