Car -1 -1 -0.090023 1388.606323 402.565399 1689.430420 512.821228 1.372729 1.871580 4.521233 9.466698 -1.011906 48.069196 0.104427 4.604637
Car -1 -1 -1.740491 1255.004761 641.780151 1487.026245 852.771851 0.978527 1.562195 4.260903 3.868827 2.227560 28.990046 -1.607821 2.800922
Car -1 -1 -1.606667 926.178406 654.088318 1140.969360 865.166016 0.887947 1.839534 4.609749 0.355232 2.266176 28.424720 -1.594170 1.295112
Car -1 -1 2.794326 1189.197021 330.153900 1413.534912 413.696747 1.297243 1.865688 4.248962 6.689305 -3.230430 60.232733 2.904930 2.659620
Car -1 -1 2.897533 867.120728 332.759583 1089.335815 421.699280 1.377077 1.866648 4.171834 -0.310548 -3.022082 59.331227 2.892299 2.808726
Car -1 -1 0.351381 25.563620 379.034210 264.666382 476.947388 1.303693 1.815322 3.536824 -15.796868 -1.714277 51.826443 0.055524 2.475323
Car -1 -1 -1.478818 542.625854 644.219849 764.149231 839.426514 0.840624 1.790581 4.259530 -3.438763 2.125916 28.975808 -1.596942 3.180868
Car -1 -1 3.033812 485.021423 333.669067 720.064270 420.953461 1.322205 1.865447 4.443310 -8.331859 -3.062002 59.454789 2.894581 2.949163
Car -1 -1 -1.345189 152.648331 668.958557 451.203217 887.419312 0.879141 1.721029 4.345750 -6.673417 2.368937 27.412348 -1.583990 1.920841
Car -1 -1 3.052404 1032.985962 307.178131 1212.528442 383.795471 1.401508 1.848580 3.860788 3.134844 -4.159288 66.552119 3.099473 1.380937
Car -1 -1 -1.436695 367.576996 851.072327 712.581909 1078.704224 1.222587 1.766783 4.272260 -3.214250 3.890934 20.792788 -1.590066 3.265079
Car -1 -1 -1.821398 1390.674683 887.588074 1819.642212 1078.963623 1.039806 1.912529 4.222306 4.491607 4.037769 21.262890 -1.613217 3.286147
Car -1 -1 2.978903 1324.277466 292.738922 1500.051880 367.669525 1.462951 1.854374 3.860607 10.741423 -4.829605 71.210802 3.128614 1.517897
Car -1 -1 -2.938433 243.059158 285.965271 446.287537 367.244385 1.438909 1.853820 4.252264 -15.614840 -4.622869 67.329035 3.116863 1.918639
Car -1 -1 1.751632 300.066071 218.311935 377.883789 277.305786 1.662337 1.771213 4.268211 -23.543074 -9.820215 100.151068 1.520749 0.616025
Car -1 -1 0.073533 184.946030 325.841736 414.713684 408.628387 1.281434 1.861498 4.420021 -15.091596 -3.343699 60.630093 -0.170422 2.257617
Car -1 -1 1.712370 416.883423 210.665878 488.105347 269.345123 1.620186 1.733488 4.271642 -19.400943 -10.071040 99.996243 1.520734 0.743421
Car -1 -1 1.701226 477.605682 225.173447 548.991211 283.456940 1.486075 1.723147 4.232266 -16.216323 -9.062731 94.174617 1.530704 0.526871
Car -1 -1 1.359054 1.316497 355.118073 126.848976 443.432434 1.261729 1.865323 3.822934 -18.789612 -2.317033 54.196505 1.025327 0.399700
Car -1 -1 1.721723 412.070251 169.766769 469.811554 214.758743 1.704072 1.859647 4.355342 -27.086369 -16.212153 136.475012 1.525798 0.328341
Car -1 -1 1.784725 266.346130 213.020905 335.010651 257.884064 1.313524 1.546079 4.255660 -27.796217 -11.644011 111.311320 1.540013 0.462486
