Car -1 -1 -0.009277 1564.304565 291.763275 1805.169678 390.699890 1.372554 1.854981 4.255683 14.753357 -3.091438 46.060648 0.300701 3.558701
Car -1 -1 -1.622343 1702.826782 656.002930 1919.128296 911.283691 0.771976 1.745411 4.235452 7.801464 2.500848 20.672179 -1.261479 4.032838
Car -1 -1 0.452558 524.607361 359.740021 726.434570 433.772003 1.213202 1.887595 4.008924 -8.673915 -2.504936 53.833469 0.292806 2.954373
Car -1 -1 -1.448439 1308.990967 719.842957 1554.165894 966.298035 0.523235 1.548706 4.255511 4.238800 2.814305 20.038630 -1.239981 4.421761
Car -1 -1 0.250617 920.802612 341.118835 1152.660522 436.564819 1.449866 1.877032 4.289185 1.300781 -2.188362 47.473216 0.278011 3.582647
Car -1 -1 -1.168726 586.912903 659.205261 910.198669 895.524109 0.819263 1.475957 4.345332 -2.271208 2.703308 22.934008 -1.267437 4.925418
Car -1 -1 0.542980 263.899231 325.772614 411.180786 385.235413 1.279619 1.814480 3.653144 -20.396595 -4.580280 69.424197 0.257224 1.187596
Car -1 -1 -2.933903 1242.167725 209.859375 1405.982910 286.413971 1.813435 1.967674 4.657233 11.184361 -7.688992 70.770692 -2.777163 1.669041
Car -1 -1 -1.300793 929.661621 734.130005 1242.815430 990.367798 0.542856 1.512210 4.441814 1.127413 3.019505 20.288973 -1.245282 4.153873
Car -1 -1 -3.134374 1543.930176 204.140030 1717.950562 266.816437 1.291167 1.911041 4.826497 20.313647 -8.045000 68.434786 -2.845826 1.779378
Car -1 -1 -2.813663 793.476501 253.486237 937.404541 309.765320 1.342449 1.878119 4.189061 -4.089023 -7.784628 78.870447 -2.865462 1.252384
Car -1 -1 0.359703 741.666626 298.073792 928.253784 377.003204 1.510600 1.934415 4.243750 -4.010303 -4.354198 61.499751 0.294587 2.330998
Car -1 -1 0.652460 203.966278 356.099701 371.155457 425.779999 1.286806 1.848006 3.715127 -19.803666 -3.125571 62.690540 0.346485 1.210387
Car -1 -1 0.604220 0.028477 336.652863 112.586838 401.108734 1.514136 1.846669 4.112896 -32.422359 -4.455969 75.410501 0.198168 0.302810
Car -1 -1 0.611579 23.766575 402.673828 237.806473 496.156006 1.623957 1.936013 3.772657 -20.081648 -1.023931 52.063476 0.243448 2.443787
Car -1 -1 -2.928093 1053.844604 233.426666 1199.913208 287.488708 1.273971 1.863834 4.264238 5.150031 -8.195621 76.133337 -2.860551 1.546933
Car -1 -1 0.128861 1377.888062 274.938080 1606.811890 369.277191 1.489952 1.909024 4.566777 12.054448 -3.861030 51.252151 0.359861 2.099948
Car -1 -1 -2.832531 905.913086 233.697556 1033.823853 285.183655 1.336105 1.863861 3.952868 -0.445722 -8.961294 82.860765 -2.837910 0.687359
Car -1 -1 -2.687132 394.349792 279.334259 534.618408 331.653870 1.284103 1.857165 4.161373 -19.614985 -7.380769 82.886013 -2.919507 0.790593
Car -1 -1 0.102967 1319.526978 271.858185 1510.590454 346.315491 1.286312 1.888550 4.187120 11.248721 -4.723674 56.456288 0.299638 0.565187
Car -1 -1 -0.979839 31.796312 893.901855 672.873108 1078.772461 1.089463 2.515277 4.194598 -4.659031 4.576716 17.420435 -1.241169 3.711776
Car -1 -1 -2.592389 551.284363 266.978058 682.461609 318.597809 1.392566 1.882710 4.324205 -14.561134 -8.333597 87.835173 -2.756672 0.582855
Car -1 -1 1.780520 1257.226929 166.555054 1310.256104 205.130402 1.274921 1.634384 4.262806 15.606637 -16.013491 112.703196 1.918121 0.466672
Car -1 -1 2.503356 976.625061 191.358307 1069.075562 234.401520 1.470070 1.771645 3.906618 1.958959 -13.719260 106.093282 2.521819 0.204285
Car -1 -1 0.632225 107.559586 340.170410 272.541748 402.187195 1.341316 1.811597 3.877879 -24.956017 -4.087153 69.433037 0.287178 0.592776
Car -1 -1 -2.542077 277.384888 271.615601 396.091217 326.310333 1.665123 1.923495 3.757582 -26.957171 -8.230027 91.125879 -2.829698 0.448941
Car -1 -1 1.723528 1401.237549 145.534042 1451.504395 184.548904 1.403436 1.702801 4.241811 21.934741 -16.271680 108.135966 1.923656 0.433682
Car -1 -1 -2.789342 1358.642334 181.793289 1526.496338 261.101044 1.930009 1.985226 5.072524 15.628281 -8.916388 74.291540 -2.582001 0.664497
Car -1 -1 -2.612823 615.690918 257.122284 717.012878 302.640411 1.270771 1.855371 4.004643 -13.215929 -9.112731 90.240345 -2.758242 0.250600
Car -1 -1 2.006221 748.713684 234.914734 816.356201 279.514618 1.385136 1.551289 4.299434 -8.520140 -10.403055 94.456132 1.916262 0.469063
Car -1 -1 -2.463550 989.842285 216.307358 1106.706543 267.162018 1.317979 1.864459 3.822528 2.669197 -10.055947 86.133762 -2.432571 0.412698
Car -1 -1 1.805886 1245.627441 141.916199 1281.555542 169.868240 1.263470 1.385319 4.218987 18.647688 -22.734152 145.473386 1.933377 0.216708
Car -1 -1 -2.113316 1856.769897 170.232452 1916.542603 226.885727 1.262088 1.699817 3.993103 32.437516 -10.145973 76.036395 -1.710087 0.150250
