Car -1 -1 -1.696561 1177.564453 508.949951 1341.606689 660.921631 1.194948 1.719228 4.228887 3.743592 0.646416 39.434427 -1.601913 2.717978
Car -1 -1 -1.910604 148.247513 542.317078 367.000671 687.885803 0.990951 1.396240 4.139778 -9.998251 0.925434 37.425057 -2.171661 0.959171
Car -1 -1 -1.744868 1323.437500 765.114563 1595.911011 988.144653 0.719277 1.625262 4.292070 4.306705 2.957541 26.105482 -1.581367 2.732034
Car -1 -1 -1.616130 981.822021 408.191376 1094.898926 510.941315 1.117508 1.791458 4.240060 0.785647 -1.515838 50.226170 -1.600489 2.212195
Car -1 -1 -1.521188 771.584839 475.529785 912.786133 622.846130 1.285677 1.810548 4.243118 -2.240344 0.188665 42.047326 -1.574420 2.722418
Car -1 -1 1.745248 391.910309 305.371948 495.851868 379.326172 1.279161 1.683043 4.252136 -14.017319 -5.112217 70.808403 1.549813 1.176556
Car -1 -1 1.652847 648.200928 311.635651 731.323608 388.707336 1.278200 1.562045 4.255436 -7.380284 -4.677286 67.721205 1.544295 1.133865
Car -1 -1 -1.625742 1086.147583 291.892273 1167.695923 366.899780 1.348969 1.785006 4.259427 3.549779 -5.651135 73.801768 -1.577681 1.303262
Car -1 -1 1.682552 630.404602 231.714951 691.330139 285.471008 1.394619 1.534218 4.248401 -11.568563 -9.922127 96.698853 1.563483 0.893562
Car -1 -1 -1.549106 864.715027 238.245514 927.644775 296.191711 1.449147 1.837704 4.243561 -3.161485 -9.057048 91.434080 -1.583669 1.101001
Car -1 -1 -1.571478 935.581360 267.046875 999.162598 330.715515 1.304474 1.696508 4.231653 -0.734692 -7.196834 81.822625 -1.580457 0.975954
Car -1 -1 -1.552061 881.513916 180.417267 923.590820 221.528137 1.527890 1.770366 4.233826 -4.238031 -16.028229 129.440040 -1.584791 0.611180
Car -1 -1 -1.623322 1068.469727 257.404694 1133.491333 320.097473 1.381712 1.800807 4.249955 3.345007 -7.845116 85.691923 -1.584306 1.270542
Car -1 -1 1.198097 671.773071 288.809723 794.937683 361.031952 1.348747 1.781885 4.240835 -6.907708 -5.729181 73.479431 1.104364 0.394120
Car -1 -1 1.629051 760.052429 186.611755 808.920044 232.651215 1.584427 1.712354 4.258657 -8.989200 -14.395534 119.938684 1.554243 0.526655
Car -1 -1 -1.673926 1204.983398 213.665298 1264.575317 259.466125 1.342233 1.831636 4.251157 9.544628 -12.069579 108.773044 -1.586402 0.583071
Car -1 -1 -1.562756 939.937927 135.836884 967.893311 161.981216 1.491913 1.785205 4.245119 -2.715527 -28.053574 195.123612 -1.576672 0.387380
Car -1 -1 1.684938 665.310364 267.112274 746.010864 330.209595 1.238117 1.718902 4.257659 -8.502367 -7.290916 81.970912 1.581583 0.673235
Car -1 -1 -1.547810 884.978516 120.543922 913.976746 153.835388 2.220982 1.852583 4.639773 -6.859248 -29.762051 203.622192 -1.581484 0.146651
Car -1 -1 1.648674 706.135925 243.185547 771.799133 301.872101 1.320195 1.679368 4.259249 -8.126373 -8.656764 88.734091 1.557347 0.833445
Car -1 -1 -1.560669 1088.427246 158.781525 1130.430298 194.582031 1.622468 1.924315 4.265307 6.731549 -21.102119 158.767865 -1.518296 0.110946
Car -1 -1 -1.685905 1181.192627 191.598190 1233.955322 232.789139 1.427580 1.789269 4.275455 9.643776 -15.040073 124.955058 -1.608880 0.328081
Car -1 -1 -1.659461 1135.571899 167.799316 1180.534912 204.703461 1.574458 1.855261 4.253485 8.532419 -18.266454 141.303195 -1.599150 0.212457
Car -1 -1 1.611339 784.028687 154.603271 820.868958 187.483307 1.570754 1.728444 4.256699 -10.839759 -21.255637 157.535623 1.542639 0.260090
Car -1 -1 -1.720971 1194.491211 202.977158 1246.102661 245.371964 1.355397 1.695892 4.247582 9.753620 -13.527841 116.970852 -1.637779 0.197945
Car -1 -1 -1.657995 1167.938721 189.579636 1216.950806 228.040070 1.418244 1.786945 4.262074 9.352868 -15.237067 126.178024 -1.584006 0.212899
