Car -1 -1 -1.529066 740.678711 664.820251 957.410278 901.493164 0.705132 1.728453 4.263660 -1.020211 2.035400 21.535395 -1.576404 4.292705
Car -1 -1 2.761895 1673.953857 198.737991 1859.200684 286.385773 2.117624 2.042615 4.501094 25.070940 -9.109948 68.197997 3.114179 2.528136
Car -1 -1 2.852150 1476.771729 217.127609 1629.334473 272.221344 1.341477 1.853620 4.079105 19.619941 -10.049732 72.354938 3.116945 0.469121
Car -1 -1 2.876596 1416.025391 225.579407 1590.455078 283.064301 1.304218 1.875075 4.497481 16.831040 -9.128977 67.900719 3.119576 1.877141
Car -1 -1 0.385380 0.000000 262.350922 97.430252 337.899780 1.365780 1.844611 3.840487 -24.297226 -6.150865 54.964257 -0.030847 0.632234
Car -1 -1 -1.918835 1728.121948 157.070587 1805.191650 196.013718 1.171336 1.602032 4.283124 36.143717 -16.802835 97.969555 -1.565398 0.571924
Car -1 -1 -1.959070 1793.176147 148.429382 1872.338501 192.393646 1.384776 1.464397 4.242914 39.323423 -17.040848 98.480625 -1.579167 0.504322
Car -1 -1 -1.901506 1657.478638 152.928787 1737.521606 196.429688 1.447222 1.920050 4.286174 33.156069 -16.734369 98.066539 -1.575474 0.559063
Car -1 -1 -1.553255 916.989075 130.141830 956.544373 174.803223 1.829404 1.723759 4.243364 -1.336682 -20.743452 115.275407 -1.564850 0.502627
Car -1 -1 -0.366473 1038.381592 99.734840 1096.883301 129.355331 1.639186 1.917838 4.203264 7.625695 -31.195710 157.155464 -0.317988 0.080264
Car -1 -1 2.724189 1884.042236 139.021896 1918.145752 165.424561 1.059221 1.831757 2.619363 52.486786 -21.898817 119.448010 3.138202 0.064136
