Car -1 -1 2.835728 1138.318848 358.491089 1371.484131 468.427460 1.610669 1.857470 3.979032 6.398250 -2.203861 44.927447 2.977189 4.192416
Car -1 -1 2.901590 370.316650 378.211273 655.520264 498.770142 1.366587 1.942835 4.495204 -7.949143 -1.635225 40.727207 2.708834 5.018424
Car -1 -1 -1.825764 1339.000854 689.472229 1603.239502 907.463989 0.726681 1.517466 4.224611 5.534831 2.560785 23.410599 -1.593603 3.377566
Car -1 -1 -0.985952 1305.057739 285.132324 1457.965332 355.431519 1.249553 1.670284 4.153547 12.431150 -5.917149 61.444523 -0.786331 1.399066
Car -1 -1 -1.654383 966.246338 718.805786 1210.872070 1018.301636 0.971974 1.789286 4.595086 1.278686 3.029202 20.999323 -1.593567 2.322698
Car -1 -1 1.836869 296.817780 244.661316 396.825439 323.983276 1.669907 1.544778 4.578665 -17.773207 -7.193350 65.724403 1.572766 0.930588
Car -1 -1 -1.473276 564.307190 632.258667 800.237793 958.246582 1.470474 1.707496 4.544555 -2.449080 2.708691 21.909430 -1.584596 2.961593
Car -1 -1 1.777550 380.641174 210.271378 465.337585 285.621796 1.835640 1.698243 4.397420 -17.562149 -9.318670 74.422538 1.545810 1.135284
Car -1 -1 -1.620518 1022.906921 186.573990 1072.531982 234.371078 1.565461 1.798070 4.260754 4.701899 -14.000216 96.394607 -1.571779 0.933261
Car -1 -1 1.944818 37.390472 258.493988 135.991440 325.856720 1.369921 1.291528 3.766907 -25.633042 -7.110748 65.805374 1.573372 0.259995
Car -1 -1 1.810716 347.280396 175.387039 427.370972 245.788300 2.208957 1.768650 4.955683 -22.496654 -12.602468 89.261548 1.563827 0.363797
Car -1 -1 1.882917 159.051544 257.238525 265.613800 323.173279 1.290122 1.494746 4.260278 -21.991927 -7.294395 66.306619 1.562664 1.386892
Car -1 -1 1.888097 133.574615 238.523575 227.218948 297.749542 1.352341 1.406322 4.221075 -25.339033 -8.726821 72.953143 1.553800 1.049169
Car -1 -1 -1.718542 1377.726562 233.239822 1458.710327 306.204285 1.627870 1.498818 4.552477 15.620610 -8.387075 71.651764 -1.503893 0.963876
Car -1 -1 1.722658 579.027466 181.187317 635.484253 227.826599 1.477556 1.719262 4.237967 -14.738470 -14.395184 96.935047 1.571768 0.727517
Car -1 -1 1.842868 251.064728 227.533646 333.365417 287.098480 1.392621 1.452454 4.241972 -22.384506 -9.409683 75.710440 1.555398 1.084174
Car -1 -1 1.773044 428.768707 193.895477 502.486511 259.140961 1.840228 1.651379 4.470934 -17.954637 -11.253974 83.018074 1.560050 0.568257
Car -1 -1 1.749857 486.966705 181.635712 545.838257 228.628265 1.500405 1.585005 4.234397 -18.547841 -14.165569 95.814879 1.558642 0.779202
Car -1 -1 1.869629 252.265976 205.582291 320.583008 249.527985 1.346370 1.305576 4.244356 -26.091053 -12.134215 87.573078 1.580068 0.508060
Car -1 -1 1.661258 667.376709 112.795166 693.847168 136.372925 1.519116 1.737690 4.232297 -22.088836 -34.692587 186.358413 1.543280 0.135255
