Car -1 -1 -1.713662 1191.273071 515.278076 1353.798462 655.334290 1.088847 1.628723 4.251883 3.997855 0.609614 40.003210 -1.614054 2.621465
Car -1 -1 -1.528507 731.633423 582.773987 899.547729 747.074158 0.916747 1.813670 4.283481 -2.207908 1.452521 35.268471 -1.591028 2.036250
Car -1 -1 -1.617450 993.488464 613.908752 1171.249390 781.681396 0.875684 1.761214 4.233539 1.007606 1.740110 33.042696 -1.586965 2.499862
Car -1 -1 -1.771879 1372.764404 854.184998 1719.865967 1079.503174 1.084190 1.845924 4.388437 4.467817 3.974375 23.095922 -1.580793 2.103334
Car -1 -1 1.650880 642.259277 297.762238 728.977173 389.453827 1.601955 1.651346 4.295206 -7.459462 -4.655792 67.526591 1.540859 0.769339
Car -1 -1 -1.650979 1064.366089 926.283813 1381.407104 1079.114014 0.738683 1.867523 4.248207 1.644542 4.004096 21.135473 -1.573325 4.200367
Car -1 -1 1.632573 763.069702 181.568069 809.752747 225.572235 1.555379 1.737064 4.248608 -9.356512 -15.335216 125.202359 1.557980 0.496163
Car -1 -1 -1.476458 1043.939453 177.328537 1089.398438 213.226578 1.324353 1.819580 4.259391 3.709453 -17.300300 136.476196 -1.449285 0.416974
Car -1 -1 1.501773 669.674744 274.621796 756.983765 352.558411 1.498125 1.677569 4.238473 -7.713562 -6.154475 76.036152 1.400672 0.701266
Car -1 -1 1.644774 720.836975 232.430481 787.266663 294.346436 1.539901 1.814546 4.244289 -7.837921 -9.082742 91.152995 1.558998 0.828855
Car -1 -1 -1.610255 1154.748169 159.048157 1198.069702 196.691727 1.732743 1.948663 4.243384 10.105283 -20.171571 152.595493 -1.544129 0.205360
