Car -1 -1 -1.940115 206.558426 420.411926 385.890717 534.535645 1.046621 1.315618 4.263717 -12.004480 -0.896334 38.532475 -2.242127 1.683206
Car -1 -1 -2.210533 106.806465 318.488800 307.733276 428.105408 1.726789 1.869717 4.154935 -17.396162 -3.146268 49.247518 -2.550090 1.563443
Car -1 -1 -1.615532 1140.467041 397.090515 1258.586060 525.987000 1.382050 1.835437 4.375784 4.409239 -1.146851 41.965835 -1.510849 1.498498
Car -1 -1 -1.147364 0.000000 788.584106 395.969666 1068.712524 0.838284 2.121910 4.347323 -7.119012 3.494345 19.870506 -1.491387 3.749912
Car -1 -1 -1.487193 759.158630 785.584473 1030.199219 1080.000000 1.030141 1.960636 4.636335 -0.517145 3.827046 20.521373 -1.512388 2.212473
Car -1 -1 1.841488 434.011627 227.636108 516.171936 291.903595 1.617298 1.511416 4.258037 -18.099118 -9.549211 79.696804 1.618176 0.900618
Car -1 -1 -1.556995 1008.627380 238.502869 1067.582520 296.795013 1.514096 1.929769 4.256356 2.582130 -9.233269 79.250572 -1.524424 0.866882
Car -1 -1 1.776027 644.358398 193.717743 704.836731 248.972412 1.851351 1.539984 4.833181 -13.313367 -13.521763 98.558965 1.641759 0.326769
Car -1 -1 -1.550641 1023.448242 282.775421 1096.139038 355.290985 1.423863 1.894820 4.263142 2.704385 -5.918241 63.580203 -1.508132 1.323794
Car -1 -1 -1.540492 1016.669250 192.700150 1060.238647 234.832642 1.573326 1.945667 4.253231 3.539383 -15.427878 108.501941 -1.507883 0.716383
Car -1 -1 1.705542 742.375732 203.404373 796.535583 245.519165 1.353996 1.702885 4.247563 -9.107217 -13.727129 99.388512 1.614165 0.679204
Car -1 -1 -1.573169 1043.274292 173.786331 1078.189331 204.546722 1.389178 1.842937 4.255216 5.655374 -20.488771 132.204305 -1.530417 0.506262
Car -1 -1 1.760902 618.819092 184.630203 673.346130 233.651505 1.985481 1.671990 4.599870 -15.915236 -15.247723 106.922248 1.613138 0.194126
Car -1 -1 1.672645 844.674011 165.358643 880.706299 195.952148 1.453665 1.682847 4.245811 -6.497423 -21.205947 133.869418 1.624148 0.517944
Car -1 -1 -1.575785 1102.954590 154.633636 1131.262207 185.798874 1.838941 1.777026 4.414799 10.779474 -25.448836 156.393712 -1.506968 0.223314
Car -1 -1 -1.596808 1148.054443 141.168777 1170.946777 164.465012 1.601761 1.795881 4.311528 16.846985 -32.756120 190.838912 -1.508758 0.264464
Car -1 -1 1.771476 531.772461 207.567123 616.620178 282.966400 2.081707 1.711427 5.231198 -14.869222 -10.147200 82.050445 1.592201 0.311494
Car -1 -1 1.737214 736.093628 153.059784 777.455566 185.361786 1.723605 1.850714 4.400806 -14.579961 -24.382597 149.508194 1.640002 0.239452
