Car -1 -1 -1.621268 940.111450 545.155334 1100.827881 717.994446 1.060951 1.816638 4.217702 1.019897 1.257541 30.066665 -1.587360 3.444167
Car -1 -1 -1.742414 1143.470581 426.739166 1279.102905 542.806885 1.038998 1.547688 4.233364 4.824269 -0.943390 39.539874 -1.621003 2.343479
Car -1 -1 1.941627 49.742695 258.112213 160.231033 324.172516 1.324436 1.404976 4.248730 -25.205223 -7.230308 66.191490 1.577787 1.262788
Car -1 -1 -1.509073 753.785522 375.573120 866.617249 486.555603 1.380030 1.911290 4.284049 -2.588068 -1.958510 44.306227 -1.567420 1.908230
Car -1 -1 1.198152 370.610382 327.218048 525.299866 438.624756 1.483849 1.546223 4.361749 -10.608101 -3.027387 46.950875 0.975942 0.687623
Car -1 -1 -1.713669 1096.109009 320.453400 1190.773071 409.627533 1.336383 1.535516 4.243283 4.892916 -4.013935 53.224260 -1.621997 1.669647
Car -1 -1 1.782373 326.532379 288.791199 436.413147 367.592407 1.262143 1.583338 4.254154 -14.589506 -5.300239 57.321983 1.533146 1.082588
Car -1 -1 -1.794757 1187.415039 268.674286 1274.134277 337.047302 1.332455 1.470981 4.232559 8.660465 -6.851000 65.856161 -1.664002 0.917088
Car -1 -1 1.861213 210.158112 280.974518 317.510040 357.194092 1.322197 1.404171 4.270036 -18.238818 -5.691529 59.169599 1.562208 1.355815
Car -1 -1 -1.560139 853.440857 206.393265 907.426636 255.692856 1.326670 1.880811 4.259538 -2.365007 -11.815695 86.320731 -1.587530 0.971934
Car -1 -1 1.889572 145.432877 264.362671 250.570068 334.754944 1.318603 1.369887 4.220783 -21.521531 -6.684462 63.542582 1.563004 1.478276
Car -1 -1 -1.630591 1012.500671 183.567398 1060.339355 226.686249 1.433957 1.840211 4.245389 4.395440 -15.041239 101.095594 -1.587140 0.741588
Car -1 -1 -1.588705 947.059204 221.437683 1004.350647 276.361786 1.328465 1.781159 4.242864 1.236966 -9.941210 77.504487 -1.572746 1.178327
Car -1 -1 -1.604069 949.466858 288.911713 1027.875854 362.133942 1.248077 1.862798 4.251267 1.283906 -5.622035 59.754705 -1.582586 1.576910
Car -1 -1 -1.545615 806.428406 292.444611 880.484924 362.633728 1.222896 1.722604 4.241149 -2.603539 -5.540887 59.421055 -1.589403 1.624514
Car -1 -1 -1.594217 929.909180 170.736069 973.123657 211.125702 1.474275 1.882922 4.240681 0.541439 -16.852977 108.844697 -1.589243 0.690768
Car -1 -1 -1.568744 861.175659 166.072998 901.670410 203.117233 1.356527 1.798476 4.228934 -3.010849 -17.644326 111.355685 -1.595776 0.736802
Car -1 -1 -1.642407 997.658508 163.667465 1039.840454 198.566299 1.354751 1.765047 4.261484 4.085829 -18.424028 115.226408 -1.606963 0.699330
Car -1 -1 -1.591211 934.239441 125.626884 963.615662 153.638306 1.628931 1.888187 4.238478 0.642244 -28.815958 161.251355 -1.587228 0.276056
Car -1 -1 -1.559154 876.920959 121.745232 907.660278 155.558868 1.928969 1.832584 4.421920 -3.509926 -28.185896 158.202910 -1.581337 0.260320
Car -1 -1 -1.610157 978.752930 121.905357 1006.525513 145.937454 1.482351 1.830667 4.247135 4.143473 -31.683146 174.034705 -1.586353 0.296532
Car -1 -1 -1.585460 927.039856 151.484543 963.838074 182.700668 1.325334 1.795725 4.242282 0.290545 -22.212658 132.683587 -1.583270 0.366519
