Car -1 -1 -1.525141 744.105286 475.718170 880.451050 618.492249 1.270437 1.793591 4.237031 -2.708879 0.150344 42.224111 -1.589208 2.088737
Car -1 -1 1.790114 274.622345 285.696625 373.195892 382.825989 1.798065 1.252317 4.615750 -17.002274 -5.024741 70.537566 1.553587 0.609414
Car -1 -1 -1.612774 978.740234 446.347351 1101.702271 563.037903 1.114052 1.713554 4.250781 0.760423 -0.644787 46.599773 -1.596457 2.909751
Car -1 -1 1.710498 520.742493 290.540161 615.751770 371.846436 1.481158 1.739676 4.244111 -11.010995 -5.387861 71.965466 1.558672 0.945103
Car -1 -1 -1.538912 861.487366 331.753479 949.725281 410.591187 1.223546 1.834101 4.250229 -2.002344 -3.988779 64.549798 -1.569922 1.517834
Car -1 -1 1.661150 646.170776 291.392120 732.676086 378.081085 1.561310 1.694467 4.245491 -7.663156 -5.110652 70.207442 1.552431 1.090814
Car -1 -1 1.687309 574.618408 257.562256 654.955139 332.536621 1.612361 1.726024 4.246180 -11.025888 -7.073327 80.844627 1.551762 1.001832
Car -1 -1 -1.620831 992.220642 276.385590 1065.374390 338.723389 1.227186 1.777943 4.255932 1.017479 -6.787865 79.472424 -1.608029 1.061069
Car -1 -1 -1.551652 875.514954 175.968231 916.962524 215.321030 1.525389 1.804702 4.242891 -4.651837 -16.801766 133.547239 -1.586470 0.566619
Car -1 -1 -1.565081 954.408936 178.717392 995.577515 214.365234 1.366404 1.818928 4.235841 -0.851821 -17.068899 135.424755 -1.571371 0.629322
Car -1 -1 -1.556695 908.307251 140.077301 936.943970 165.031723 1.386709 1.772287 4.243723 -4.754824 -26.885099 188.204986 -1.581953 0.358711
Car -1 -1 -1.579412 989.558777 129.161957 1016.239563 154.733353 1.666013 1.802665 4.281072 0.777256 -29.724041 203.786121 -1.575598 0.288210
Car -1 -1 -1.377815 1082.385132 166.610748 1128.466187 200.380920 1.376599 1.651911 4.207883 5.967924 -19.237469 147.063228 -1.337256 0.188374
Car -1 -1 1.659387 689.467346 258.773407 752.758362 320.459961 1.328301 1.476708 4.253942 -8.263897 -7.724230 84.436796 1.561827 0.858520
Car -1 -1 -1.554622 959.501343 158.469971 995.989258 191.552200 1.420407 1.829835 4.252177 -0.799085 -20.936128 156.131574 -1.559740 0.253811
Car -1 -1 1.657489 711.640747 242.506012 772.006958 297.448364 1.294464 1.485395 4.242289 -8.345367 -9.131856 92.315866 1.567334 0.633757
Car -1 -1 -1.570682 944.656250 139.989227 974.519043 174.692917 1.917372 1.758169 4.479936 -2.084072 -24.448294 175.478330 -1.582558 0.113469
