Car -1 -1 -1.683012 1110.079590 530.364685 1298.617310 720.769897 0.889054 1.613947 4.236129 2.844019 0.769575 25.665523 -1.572651 3.321195
Car -1 -1 -1.575196 847.939270 586.001770 1054.359741 811.356873 0.888325 1.808742 4.240760 -0.053581 1.437042 23.158948 -1.577510 3.712904
Car -1 -1 3.132177 760.042908 188.730545 911.168823 244.799667 1.371515 1.859492 4.696531 -3.905092 -10.777589 71.743021 3.077799 2.261367
Car -1 -1 -2.914368 230.479645 178.405396 387.830994 238.613129 1.574391 1.915096 4.395090 -21.782947 -11.261516 73.869500 3.082060 2.208207
Car -1 -1 -1.437864 524.651855 566.917725 777.954285 810.861084 1.030782 1.825698 4.585468 -3.085672 1.400475 23.174691 -1.570234 2.003356
Car -1 -1 -1.738351 1161.090942 742.364685 1448.476807 1021.698547 0.642741 1.562665 4.234318 2.929159 2.618213 19.210283 -1.587037 2.962266
Car -1 -1 2.742685 1663.860352 197.618759 1840.983154 252.679672 1.303090 1.862792 4.382227 24.983536 -10.048612 68.561100 3.092129 2.509662
Car -1 -1 2.973039 1309.898315 164.979858 1479.333008 235.645523 1.972481 1.992931 4.813421 15.033008 -11.535699 74.939583 -3.112172 1.670384
Car -1 -1 1.714545 590.325928 136.747269 640.521667 174.345871 1.233288 1.584785 4.249187 -16.062498 -18.657174 103.619245 1.560754 0.657394
Car -1 -1 1.685907 713.686279 134.745605 761.117737 173.522430 1.345280 1.588856 4.251005 -10.293069 -18.658780 103.517311 1.586799 0.648633
Car -1 -1 1.698417 655.270508 131.886795 704.919495 172.102097 1.392589 1.653410 4.257610 -13.153323 -18.946517 104.733250 1.573482 0.612648
Car -1 -1 1.732023 620.946716 117.683578 666.460754 159.833679 1.801327 1.491372 4.485249 -16.157270 -20.979694 113.249382 1.590309 0.390333
Car -1 -1 -1.647903 1047.377441 104.738235 1083.514038 134.667740 1.427712 1.898172 4.264925 6.899932 -26.706003 136.167116 -1.597274 0.287133
Car -1 -1 1.706567 686.868469 125.969902 728.334106 160.364532 1.309965 1.427055 4.251668 -12.744382 -20.908053 112.555367 1.593819 0.654486
Car -1 -1 1.673625 744.915039 125.603096 785.754700 160.411987 1.364871 1.707350 4.250325 -9.734586 -20.827919 112.419651 1.587249 0.511578
Car -1 -1 1.679432 727.870056 98.873512 765.759399 130.465759 1.548544 1.824130 4.288048 -13.606379 -28.366082 142.782261 1.584425 0.131004
