Car -1 -1 2.813664 1618.056152 364.898071 1893.762939 454.769684 1.376948 1.891775 4.694443 17.208164 -2.481119 46.404216 -3.114410 3.881856
Car -1 -1 2.840075 241.392166 394.799164 509.102692 505.139862 1.167572 1.885876 4.132820 -10.418754 -1.502025 40.521980 2.588413 4.537451
Car -1 -1 -1.807977 1302.885620 690.405518 1605.228516 964.798340 0.789031 1.629042 5.032875 4.964970 2.689912 21.991140 -1.585928 2.683913
Car -1 -1 2.925894 761.409302 374.622345 1019.856934 471.725433 1.283420 1.886424 4.637725 -1.017769 -2.114763 43.924357 2.902727 4.784429
Car -1 -1 1.919166 39.185337 261.848328 147.716599 330.526703 1.337350 1.377768 4.230286 -25.117788 -6.940459 65.021220 1.550525 1.484307
Car -1 -1 1.857205 175.617859 257.551147 278.813965 324.343475 1.315190 1.584066 4.259435 -21.457875 -7.205269 65.991775 1.542829 1.476682
Car -1 -1 1.818526 303.757935 239.382660 393.211060 321.292755 1.757967 1.353281 4.375006 -18.001455 -7.375961 66.742425 1.555079 1.017446
Car -1 -1 1.785250 365.327545 191.149170 438.024597 250.255676 1.768190 1.775531 4.424215 -21.681903 -12.279229 88.178955 1.544148 0.585737
Car -1 -1 1.803475 374.167114 229.237274 448.472992 288.102203 1.405179 1.339859 4.228627 -17.874257 -9.155395 74.081142 1.566721 1.271099
Car -1 -1 1.895262 120.846970 239.914597 211.306641 301.476196 1.403710 1.158214 4.230568 -25.308806 -8.459293 71.661307 1.555764 1.441522
Car -1 -1 1.839629 209.861374 218.151672 289.156921 271.347137 1.324660 1.421609 4.234934 -25.091268 -10.416410 79.564185 1.534142 0.994375
Car -1 -1 1.834087 248.399185 237.011887 330.043304 295.843201 1.269632 1.346576 4.222849 -21.921233 -8.938871 73.866747 1.545598 1.155126
Car -1 -1 1.772512 416.812897 208.059311 484.081940 261.063385 1.399777 1.415655 4.236789 -18.705741 -11.259287 83.605341 1.552398 0.958114
Car -1 -1 1.816011 307.175476 220.032349 381.278931 267.481262 1.223233 1.422576 4.224442 -21.859128 -10.579558 80.365945 1.550441 0.726308
