Car -1 -1 -1.924909 416.694336 425.083313 570.988647 530.713318 1.095358 1.360700 4.225543 -9.028281 -1.355749 41.708544 -2.138082 1.464471
Car -1 -1 -1.659835 487.576477 496.615906 622.708069 627.497620 0.923069 1.624313 4.249601 -6.476839 0.108365 34.361452 -1.846140 2.857973
Car -1 -1 -1.625273 1009.863159 325.716980 1095.151489 402.100189 1.165575 1.865165 4.252433 2.192308 -4.737839 56.525607 -1.586508 1.433385
Car -1 -1 -1.706553 1167.585327 260.655365 1243.456055 316.769928 1.211207 1.685802 4.257537 8.197778 -8.870498 75.243275 -1.598031 0.859407
Car -1 -1 -1.585465 967.636292 233.120346 1018.232178 285.737549 1.541847 1.630738 4.254533 1.012091 -11.139137 86.085670 -1.573709 0.751658
Car -1 -1 1.980741 1736.400146 204.613922 1829.962402 258.152191 1.443097 1.682880 4.226377 32.180763 -12.208770 85.975625 2.338899 0.462917
Car -1 -1 1.146139 1811.443481 165.656189 1895.507690 212.992599 1.668845 1.718325 4.445842 42.461679 -16.851183 105.011622 1.530391 0.379724
Car -1 -1 -1.923955 1754.814087 174.316879 1823.959717 212.984985 1.370994 1.506777 4.214983 39.538842 -16.865116 105.229808 -1.564537 0.567325
Car -1 -1 2.792821 1725.175171 166.337051 1823.674561 204.014572 1.517748 1.827058 3.812196 40.974511 -18.195636 111.317591 -3.137668 0.165586
Car -1 -1 1.144584 1877.885132 169.700760 1919.331299 210.895828 1.490789 1.214812 4.241591 45.214404 -16.777530 104.480317 1.553005 0.379537
Car -1 -1 -1.588970 959.908875 145.614502 986.240417 169.876602 1.423603 1.755543 4.242472 0.544123 -30.650171 172.641609 -1.585818 0.422187
Car -1 -1 -2.749754 0.071985 204.539398 59.308197 240.129440 1.413076 1.801960 3.739442 -49.619221 -16.826363 114.108661 3.123254 0.116822
Car -1 -1 2.855181 1587.959351 147.641006 1668.495972 180.636627 1.519190 1.801312 3.820848 39.865603 -22.810386 131.596877 -3.133855 0.100452
