Car -1 -1 -2.151746 2.881907 463.555450 244.553162 596.447449 1.310840 1.806877 3.708537 -14.000651 -0.109986 44.304728 -2.457823 1.147399
Car -1 -1 -1.535156 819.435730 365.929565 919.668274 457.232666 1.181259 1.806489 4.239656 -2.540594 -2.734738 57.709869 -1.579151 1.724678
Car -1 -1 -1.737032 1249.636719 634.171448 1467.598267 812.619873 0.845016 1.665170 4.386866 4.156661 1.968184 32.221174 -1.608736 1.801649
Car -1 -1 -1.677639 1173.285156 432.068787 1317.302002 557.225647 1.266720 1.777965 4.256490 4.215830 -0.745507 46.756156 -1.587715 2.257617
Car -1 -1 -1.641556 1015.203918 783.904480 1243.067139 1017.649963 0.740876 1.702123 4.234532 1.163648 3.115844 25.403829 -1.595782 2.714451
Car -1 -1 -1.603716 987.725647 415.332306 1102.451660 521.041992 1.143476 1.760486 4.246375 0.910168 -1.358375 50.450810 -1.585677 2.427517
Car -1 -1 -1.508584 696.296631 710.299194 890.948792 906.658447 0.805366 1.686810 4.211066 -1.987258 2.617783 28.632931 -1.577877 2.741157
Car -1 -1 1.699831 523.541199 272.807983 615.238770 367.856354 1.790451 1.606776 4.761288 -11.062659 -5.569495 72.667257 1.548754 0.374965
Car -1 -1 1.751143 387.982605 304.685211 494.240845 381.236450 1.309263 1.760890 4.261909 -14.017934 -5.058046 70.553611 1.555012 1.152487
Car -1 -1 1.779155 278.566498 290.456177 381.416046 374.663239 1.575968 1.600155 4.253140 -17.122042 -5.272351 71.650247 1.544587 1.447634
Car -1 -1 -1.538514 852.685913 222.503571 910.156677 278.140869 1.543926 1.833071 4.257903 -3.975859 -10.460696 99.757943 -1.578348 0.929440
Car -1 -1 -1.595074 942.841553 283.295074 1012.537048 346.346558 1.239219 1.746400 4.248806 -0.448926 -6.530042 78.795229 -1.600771 1.332760
Car -1 -1 -1.568939 947.141602 235.509613 1001.912842 284.792847 1.300199 1.789869 4.245699 -0.646880 -10.027443 97.547048 -1.575571 0.966599
Car -1 -1 -1.589070 1013.952515 193.792221 1062.151123 239.768677 1.576685 1.896611 4.250657 1.954428 -14.069848 119.562857 -1.572725 0.704756
Car -1 -1 -1.568126 939.119812 181.924576 983.221497 237.599304 1.999707 1.765247 4.710551 -1.328056 -14.069049 119.046113 -1.579282 0.310837
Car -1 -1 1.726894 451.174957 282.914062 532.026611 349.053802 1.291430 1.537049 4.248146 -14.062849 -6.349942 77.607474 1.547635 1.296058
Car -1 -1 -1.470699 1055.729370 174.009415 1102.723145 211.904297 1.489413 1.735738 4.241357 4.327915 -17.274084 136.189370 -1.438931 0.425769
Car -1 -1 -1.588037 995.263733 152.038010 1029.208496 183.148178 1.566527 1.849261 4.247880 1.142526 -22.457010 164.685272 -1.581099 0.373114
Car -1 -1 -1.554154 894.664551 158.635757 931.760437 193.004974 1.532645 1.907369 4.238653 -4.336184 -20.146108 151.375058 -1.582791 0.455111
Car -1 -1 1.718077 490.402954 256.629028 569.214844 315.517456 1.313577 1.655274 4.267190 -14.327973 -7.956229 85.681776 1.552387 0.924997
Car -1 -1 1.684806 575.319885 269.707672 650.431091 332.164124 1.328303 1.462304 4.256413 -11.276074 -7.163086 82.048051 1.548229 0.810074
Car -1 -1 1.641984 742.809021 130.257111 772.442200 155.309982 1.513319 1.733611 4.245624 -17.756216 -30.477196 208.862979 1.557174 0.195424
