Car -1 -1 -0.410259 1685.274658 352.858093 1920.292847 493.409821 1.899806 1.843397 5.066329 15.421900 -1.566745 48.658309 -0.103332 0.982788
Car -1 -1 -1.603446 880.787903 680.363525 1099.745728 895.214233 0.757034 1.791283 4.264802 0.058585 2.222494 26.285492 -1.601217 2.090953
Car -1 -1 -1.477241 529.517822 697.869995 754.429810 930.278870 0.784370 1.548664 4.250221 -2.980057 2.389610 25.364972 -1.594192 2.497150
Car -1 -1 -1.722734 1212.288330 687.169128 1475.116211 932.900024 0.916544 1.626577 4.222171 3.262683 2.416039 25.300391 -1.594484 2.609724
Car -1 -1 0.811896 465.638428 349.266418 672.190735 451.128418 1.349650 1.900724 3.335060 -8.121534 -2.570970 54.719430 0.664551 2.146428
Car -1 -1 1.878671 36.308945 302.263367 170.584290 396.499084 1.390313 1.305391 4.382227 -19.570453 -4.064752 62.021884 1.573018 1.046061
Car -1 -1 0.003652 1074.035034 385.538727 1345.763672 487.024139 1.322487 1.891264 4.522576 4.223756 -1.668906 49.795063 0.088273 4.497031
Car -1 -1 -2.411628 1218.160034 285.187775 1393.391113 368.566559 1.457731 1.866720 3.854284 8.229481 -5.090666 69.176273 -2.293220 2.012328
Car -1 -1 1.759424 372.828033 211.067276 434.912231 258.350647 1.281988 1.371089 4.236443 -20.944185 -10.996575 100.869479 1.554696 0.559906
Car -1 -1 1.746294 399.566772 159.000900 449.312439 198.526871 1.675635 1.676878 4.280931 -29.232171 -18.752987 145.847634 1.548486 0.361666
