Car -1 -1 -1.723364 1207.183472 667.688110 1458.422119 897.393738 0.934260 1.600773 4.217908 3.323455 2.276693 26.515093 -1.598672 2.254862
Car -1 -1 -1.463081 543.635925 695.599670 787.673523 921.835693 0.787349 1.670799 4.234352 -2.799186 2.371108 25.627034 -1.571878 2.386209
Car -1 -1 -1.619634 902.706177 731.518494 1146.070068 963.204590 0.721628 1.748819 4.236186 0.335365 2.579696 24.609270 -1.606007 3.207411
Car -1 -1 2.824590 1754.758301 285.532959 1919.574829 394.459839 2.046897 1.866129 4.267523 20.370301 -3.993113 63.162964 3.136563 1.701153
Car -1 -1 1.778023 277.367371 271.178802 370.037231 358.441589 1.544645 1.241886 4.191299 -16.310634 -5.331170 68.972309 1.545808 0.828459
Car -1 -1 -1.520708 719.126587 216.987854 783.910522 287.727081 1.749498 1.550169 4.231936 -7.352507 -9.012337 90.289165 -1.601962 1.085278
Car -1 -1 1.875196 58.176540 267.052887 169.569260 345.659515 1.508723 1.445016 4.225991 -22.827313 -5.913004 73.166437 1.572774 1.047852
Car -1 -1 1.833742 152.206146 261.342072 259.986938 357.060364 1.714341 1.405944 4.221012 -19.736080 -5.508193 70.777647 1.561804 1.347225
Car -1 -1 1.825338 236.048859 196.846680 306.374908 250.699921 1.566367 1.335657 4.268551 -27.493266 -12.027739 107.425733 1.574788 0.508047
Car -1 -1 1.853769 131.178894 228.819901 217.561295 285.725616 1.360273 1.443480 4.240346 -27.231062 -9.396176 93.570930 1.570570 0.666058
Car -1 -1 1.825385 257.253113 246.590775 344.636597 309.362122 1.319994 1.423892 4.228639 -20.446680 -7.750777 83.687256 1.585757 0.713940
Car -1 -1 1.709611 426.955566 182.488663 486.601410 231.927948 1.558711 1.687573 4.245054 -22.071300 -13.798565 116.980764 1.523129 0.498942
Car -1 -1 1.768844 344.317505 176.706863 396.590576 215.486771 1.375976 1.469395 4.249739 -29.049305 -16.270877 132.037268 1.552286 0.398913
Car -1 -1 1.783468 323.087616 264.649414 410.543701 328.168945 1.227514 1.290425 4.222091 -16.983930 -6.627717 76.835421 1.565923 0.878189
Car -1 -1 1.820584 263.217468 219.976669 338.899139 273.906097 1.330276 1.474827 4.226870 -24.665197 -10.606314 101.160295 1.581427 0.549267
Car -1 -1 1.703920 463.400360 144.514603 505.252167 177.520782 1.702974 1.706041 4.342721 -30.323147 -22.939272 169.643319 1.527042 0.161614
