Car -1 -1 -1.616179 982.097168 597.138794 1158.735596 762.288635 0.952728 1.838885 4.350575 0.906723 1.626472 34.594692 -1.589975 1.975648
Car -1 -1 1.792247 291.793304 299.648773 393.377594 374.373291 1.305441 1.513569 4.237593 -16.863497 -5.309320 71.862662 1.561755 1.465508
Car -1 -1 1.711045 515.043884 304.062225 605.401428 379.467407 1.301956 1.609456 4.235704 -11.038581 -5.110777 70.770963 1.556316 1.314309
Car -1 -1 1.631969 650.718140 314.572296 736.923767 389.227997 1.223102 1.676962 4.258339 -7.296895 -4.676101 67.786544 1.524737 1.348485
Car -1 -1 1.747275 398.075989 293.565491 499.783661 367.634552 1.367053 1.777036 4.266092 -14.336366 -5.538262 73.084658 1.553573 1.150524
Car -1 -1 -1.585472 941.285522 266.934326 1007.143860 328.009613 1.270030 1.791798 4.242720 -0.558076 -7.312920 82.277872 -1.592255 1.192341
Car -1 -1 -1.569555 948.096375 221.398010 1001.141907 270.065460 1.319626 1.806198 4.244361 -0.676809 -11.140477 103.274204 -1.576109 0.780821
Car -1 -1 -1.546983 840.448242 270.880371 905.345032 333.137848 1.273072 1.661046 4.227242 -3.499104 -7.078789 81.130191 -1.590086 0.687112
Car -1 -1 -1.615380 1047.466309 239.647949 1110.477417 300.115601 1.476841 1.824218 4.250834 2.857583 -8.987223 91.758026 -1.584248 1.033940
Car -1 -1 1.720715 483.237762 260.271942 558.647644 320.865509 1.321414 1.536759 4.245805 -14.428205 -7.729473 84.829435 1.552243 0.983044
Car -1 -1 -1.586952 1029.816772 204.682205 1077.807495 247.832108 1.345475 1.673714 4.242865 2.552645 -13.234026 114.820061 -1.564724 0.656970
Car -1 -1 -1.553045 877.332520 187.699219 920.104248 226.880814 1.355769 1.716224 4.242249 -4.235594 -15.245532 125.020238 -1.586911 0.760094
Car -1 -1 1.706376 518.714294 235.883362 587.838074 294.742249 1.478716 1.600773 4.240225 -14.835550 -9.326497 93.643244 1.549256 1.001976
Car -1 -1 1.704831 546.467651 257.020996 630.591980 342.638519 1.810787 1.588220 4.570961 -11.458947 -6.649708 78.717341 1.560275 0.568344
Car -1 -1 -1.579830 1011.771362 169.975052 1049.752441 205.153885 1.401770 1.770313 4.255021 1.947212 -18.523935 143.370418 -1.566249 0.472497
Car -1 -1 1.650189 723.065796 235.820831 785.061157 293.932922 1.467165 1.601642 4.261157 -7.964260 -9.248782 92.670332 1.564458 0.611094
Car -1 -1 -1.565603 888.056335 146.231522 918.576477 173.566040 1.392392 1.736363 4.240829 -5.691524 -24.672369 176.446906 -1.597848 0.411711
Car -1 -1 1.425211 675.579407 289.992401 769.518860 359.551239 1.285700 1.756597 4.239973 -7.332943 -5.870514 74.570945 1.327191 0.660684
Car -1 -1 -1.570936 934.708069 137.959518 962.822693 163.780884 1.529443 1.685828 4.261323 -2.983621 -27.149231 190.223959 -1.586619 0.281483
Car -1 -1 -1.567502 938.876038 157.690430 975.387512 192.736420 1.575819 1.804061 4.242243 -2.001008 -20.811395 155.993702 -1.580329 0.315423
Car -1 -1 -1.604138 1096.447144 135.886276 1130.465820 164.070160 1.557805 2.000125 4.256545 8.367747 -27.245135 190.532830 -1.560249 0.131665
Car -1 -1 -1.570487 980.105530 131.604950 1006.552673 156.454086 1.490784 1.802796 4.243426 0.061923 -29.688339 204.053191 -1.570183 0.234935
