Car -1 -1 -1.411859 426.951263 585.313843 641.432251 781.892700 0.862479 1.587545 4.237007 -4.878741 1.553230 25.346247 -1.602017 3.544550
Car -1 -1 -1.465901 682.719482 733.453552 912.387329 990.018616 0.582665 1.559056 4.238934 -1.396509 2.639524 19.866803 -1.536079 3.480008
Car -1 -1 1.866131 396.978516 228.157089 478.288330 284.267792 1.284297 1.441514 4.248926 -17.368775 -9.216812 72.279735 1.630303 0.921281
Car -1 -1 -1.445760 831.533020 271.419647 914.211792 338.556091 1.134025 1.497570 4.263682 -2.447083 -6.296820 59.293831 -1.487008 1.181956
Car -1 -1 1.838747 429.726105 243.140137 526.587158 305.482239 1.201023 1.590175 4.373654 -14.778511 -7.979899 66.519019 1.620128 1.111693
Car -1 -1 1.925376 231.979095 249.499680 334.611145 312.089172 1.216236 1.333216 4.287359 -20.612785 -7.745813 66.205219 1.623542 1.167851
Car -1 -1 -1.534241 948.727417 259.156281 1025.236572 329.683594 1.290724 1.874022 4.263367 0.674425 -6.669731 60.819514 -1.523153 1.305687
Car -1 -1 -1.252209 112.638283 813.812683 570.753174 1078.181274 1.021443 1.991173 4.543019 -4.853680 3.705798 17.935817 -1.516493 2.495672
Car -1 -1 -1.849512 1447.495361 870.601685 1895.417847 1078.750122 1.090904 2.047396 4.361435 5.414732 4.096988 17.256183 -1.545457 2.856393
Car -1 -1 1.806219 511.875122 219.158844 593.563049 273.401825 1.271890 1.554545 4.247326 -14.031048 -9.891161 74.722341 1.620604 1.291479
Car -1 -1 -1.591425 1116.286987 139.770142 1155.618408 188.933029 1.965668 1.782079 4.714129 8.974766 -18.921291 113.060940 -1.512211 0.276374
Car -1 -1 1.881849 312.011230 225.775604 399.775269 283.159973 1.240555 1.433058 4.252199 -20.488702 -9.494209 73.626325 1.610436 1.281117
Car -1 -1 1.855167 488.774384 202.775284 562.689636 250.656189 1.266659 1.480830 4.244362 -16.805609 -11.877109 83.902509 1.657484 0.586602
Car -1 -1 1.685910 658.318848 151.823730 706.121582 189.795929 1.458762 1.489269 4.251149 -14.465381 -18.684939 112.084399 1.557562 0.514505
Car -1 -1 1.855605 460.228760 190.142609 520.828186 232.313202 1.342532 1.190873 4.251883 -19.204847 -13.202707 88.973890 1.643019 0.558392
Car -1 -1 -1.569788 1028.130615 123.809326 1059.897339 154.216171 1.451908 1.871385 4.249893 5.195082 -25.520031 140.322007 -1.532782 0.362287
Car -1 -1 1.866427 395.338318 204.126755 475.279572 253.914871 1.287967 1.491440 4.254203 -19.459848 -11.270549 80.432059 1.629048 0.547903
Car -1 -1 -1.600654 1109.702881 100.155151 1132.791748 121.490318 1.455595 1.672718 4.274840 13.433263 -36.189936 185.403075 -1.528326 0.273337
