Car -1 -1 -1.621024 1151.122437 665.671082 1342.820068 858.785889 0.601111 1.684681 4.250783 2.973889 2.292235 23.843544 -1.496940 4.618377
Car -1 -1 2.784248 1769.057495 319.578308 1919.651001 387.576874 1.303025 1.887248 4.284721 23.685217 -4.431579 57.023676 -3.105262 0.760648
Car -1 -1 -0.333177 319.410797 310.969604 517.156433 384.579102 1.169293 1.869560 4.267662 -14.227693 -4.569593 56.002213 -0.581969 3.181062
Car -1 -1 -1.750995 1400.953491 665.831482 1634.212158 864.125366 0.642539 1.546002 4.234033 5.927117 2.356429 23.922348 -1.508121 3.729510
Car -1 -1 -1.488723 826.326111 676.157532 1045.512207 898.269409 0.669694 1.820027 4.467622 -0.228827 2.478776 22.896225 -1.498717 1.686974
Car -1 -1 -0.808547 696.200623 285.917297 845.743408 352.628540 1.214551 1.818456 4.103410 -5.692169 -5.902637 62.596292 -0.899232 2.150201
Car -1 -1 -3.111305 907.116150 299.575714 1117.855957 381.383240 1.570003 1.988786 4.937587 1.169948 -4.609912 56.842879 -3.090725 2.685335
Car -1 -1 -1.505790 962.347717 248.311676 1020.964905 304.751038 1.292896 1.615461 4.259134 0.862736 -8.780727 76.908975 -1.494573 0.992526
Car -1 -1 -1.487063 756.943054 908.643921 1056.829102 1078.818481 0.694840 1.814502 4.223690 -0.338680 4.073555 16.747974 -1.507283 4.459362
Car -1 -1 1.784684 619.721741 237.520966 692.870728 295.064362 1.452504 1.516503 4.253206 -11.163821 -9.142906 77.717608 1.642014 0.973183
Car -1 -1 1.825348 512.548279 237.403198 591.731995 296.948853 1.524678 1.520331 4.263875 -14.808155 -9.038592 77.387648 1.636283 0.988395
Car -1 -1 -1.873529 1511.080566 888.468994 1926.232788 1079.483765 1.043298 2.097483 4.364689 5.643503 4.063632 15.719174 -1.528841 3.496017
Car -1 -1 -1.846282 1223.547119 156.115067 1262.924316 180.074219 1.396895 1.826697 4.258656 20.548439 -26.684421 161.849943 -1.719998 0.280840
Car -1 -1 -1.603404 1169.576538 148.025284 1196.537476 170.990326 1.446038 1.911519 4.291565 17.095174 -29.020065 172.035743 -1.504359 0.288281
Car -1 -1 -1.567040 1078.627075 144.626022 1102.349731 166.312866 1.425727 1.795308 4.247095 9.804156 -29.708415 174.332601 -1.510861 0.363756
Car -1 -1 -1.579709 1101.821899 156.695389 1129.968628 183.555283 1.595999 1.795427 4.293750 10.788829 -25.765029 157.801070 -1.511446 0.299322
