Car -1 -1 -1.826523 1339.000732 689.371277 1602.961304 907.196045 0.735296 1.521685 4.227359 5.549910 2.569486 23.478631 -1.594402 3.314295
Car -1 -1 -1.655009 966.615356 717.668274 1211.571777 1018.304688 0.965330 1.773995 4.585659 1.274566 3.010514 20.901949 -1.594106 2.358190
Car -1 -1 -1.479491 564.984131 632.278259 800.252319 958.351807 1.443903 1.741779 4.569651 -2.473309 2.711220 22.108986 -1.590897 3.163696
Car -1 -1 1.833180 296.606201 243.794647 398.346741 323.985474 1.662007 1.602045 4.554206 -17.814083 -7.232587 65.947034 1.569350 0.961269
Car -1 -1 1.771691 418.451141 240.801987 509.094910 312.101227 1.524657 1.736987 4.324840 -14.845780 -7.804918 68.343016 1.557790 1.134174
Car -1 -1 1.886022 161.043137 257.034851 265.765930 323.904327 1.286420 1.483283 4.289170 -21.994602 -7.290939 66.386156 1.566091 1.401282
Car -1 -1 1.939628 37.805977 258.434692 136.519913 326.465881 1.389648 1.280553 3.816284 -25.613155 -7.091314 65.764408 1.568233 0.279701
Car -1 -1 1.840479 248.986832 228.383118 332.273285 287.227997 1.382923 1.482023 4.247256 -22.412341 -9.393433 75.689035 1.552594 1.108726
Car -1 -1 1.808395 347.349304 174.169067 428.464325 246.693161 2.239786 1.779687 4.957229 -22.450113 -12.566659 89.108960 1.561591 0.348955
Car -1 -1 1.895922 131.364594 238.080078 224.074646 297.461670 1.364602 1.368981 4.221105 -25.478836 -8.757145 73.214903 1.561029 1.070253
Car -1 -1 1.747822 487.784668 182.324844 545.201294 229.449432 1.508173 1.568465 4.236817 -18.525483 -14.102732 95.660979 1.556532 0.732414
Car -1 -1 1.778450 431.347290 194.874863 505.241211 252.905518 1.679065 1.609173 4.554036 -17.937067 -11.449698 83.193984 1.566095 0.577156
Car -1 -1 1.797678 376.444763 214.272659 460.204590 283.539734 1.746248 1.649087 4.458082 -17.671715 -9.314661 74.236688 1.563981 0.944867
Car -1 -1 1.874918 198.496338 219.503220 271.157440 270.191071 1.271132 1.125241 4.224534 -26.162582 -10.682523 81.391815 1.563909 0.882498
Car -1 -1 -1.734686 1219.555786 178.601257 1268.843140 214.379883 1.312514 1.624434 4.260348 14.738682 -16.347772 106.567574 -1.597254 0.528021
Car -1 -1 -1.704670 1185.315552 153.702103 1230.761108 193.013901 1.670846 1.804234 4.354068 14.199924 -18.850701 116.275481 -1.583149 0.359873
Car -1 -1 -1.627760 981.146606 124.148079 1010.367188 150.735428 1.583097 1.890440 4.265490 4.227031 -30.317426 168.388245 -1.602662 0.232700
Car -1 -1 1.719138 561.850952 131.762482 600.067932 160.705261 1.546397 1.795620 4.257403 -24.370505 -26.019979 148.168416 1.556119 0.317694
