Car -1 -1 -1.720153 1230.414062 596.889282 1421.934082 760.896423 0.937626 1.610003 4.245447 4.008649 1.587547 33.750830 -1.601935 2.630937
Car -1 -1 -1.997785 1404.960815 298.156189 1527.079712 377.027740 1.424822 1.406565 4.267677 12.338540 -5.281436 72.322554 -1.828807 0.984102
Car -1 -1 -2.651776 1675.479858 331.917053 1885.508179 421.131104 1.479693 1.842767 4.110206 18.036449 -3.660620 63.349697 -2.374402 1.994719
Car -1 -1 1.649365 645.069153 302.173279 727.219788 382.378326 1.395261 1.600330 4.257555 -7.672680 -4.951919 69.494546 1.539403 1.174958
Car -1 -1 1.852915 151.228317 250.827835 253.592102 320.380402 1.586069 1.689504 4.282253 -24.733653 -7.927591 86.682898 1.574967 0.979643
Car -1 -1 -1.605742 1065.494141 284.035065 1140.320679 344.736816 1.211461 1.839218 4.259773 3.127859 -6.583084 79.097864 -1.566218 1.027269
Car -1 -1 -1.583717 1028.721436 200.259506 1079.010498 251.466827 1.585813 1.872639 4.247694 2.534229 -13.080579 114.602523 -1.561607 0.619682
Car -1 -1 1.794770 275.651672 229.026581 352.727081 281.760712 1.406797 1.605449 4.240874 -24.230847 -10.272908 98.891654 1.554480 0.884314
Car -1 -1 -1.679101 1240.429077 229.887299 1300.493408 277.716156 1.247925 1.623368 4.229693 10.057724 -10.532791 100.047897 -1.578908 0.678704
Car -1 -1 -1.559187 934.171814 240.286926 989.890808 295.186981 1.313347 1.743223 4.241354 -1.009134 -9.257765 93.005360 -1.570037 1.056133
Car -1 -1 -1.577788 1013.918823 185.694351 1058.612305 221.885345 1.366930 1.800862 4.254730 2.044656 -15.940199 129.250977 -1.561970 0.596482
Car -1 -1 -1.551691 886.378845 131.043503 914.376465 157.599335 1.498143 1.735049 4.258305 -6.759219 -29.599666 203.458916 -1.584900 0.304399
Car -1 -1 -1.577883 992.168823 140.697845 1022.274536 166.596817 1.373507 1.783061 4.250828 1.021355 -26.864152 188.994925 -1.572478 0.318813
Car -1 -1 1.652707 704.378235 221.813721 777.573853 296.400879 1.926635 1.915809 4.456589 -8.518981 -9.360657 93.990096 1.562317 0.483836
Car -1 -1 1.787780 333.092194 210.851456 399.855652 254.863632 1.304044 1.584068 4.254969 -24.950417 -12.405795 110.170395 1.565065 0.466035
Car -1 -1 1.530630 661.932800 279.720947 743.479919 351.943726 1.359682 1.633233 4.273533 -8.014284 -6.239194 76.753030 1.426590 0.615824
Car -1 -1 1.645229 695.105957 259.678894 762.358093 321.073639 1.318293 1.605537 4.235877 -8.150805 -7.749003 84.917544 1.549537 0.833033
