Car -1 -1 0.234636 1271.614502 361.647491 1550.504761 478.937561 1.468729 1.927228 4.310536 7.862024 -1.191518 39.838838 0.429478 4.767167
Car -1 -1 -1.137825 556.497131 684.149109 888.891846 919.346191 0.763150 1.463969 4.251004 -2.451131 2.866627 22.568873 -1.246008 6.279113
Car -1 -1 0.334685 995.381409 307.405609 1192.645630 383.910065 1.200150 1.912969 4.080777 2.844743 -3.700446 53.992957 0.387324 3.024285
Car -1 -1 0.497678 331.206604 392.479919 548.505737 488.428925 1.490294 1.927728 3.844154 -11.955854 -1.181803 48.569500 0.256317 3.703734
Car -1 -1 -1.612208 1692.275146 688.960266 1919.144897 981.511414 0.814575 1.893620 4.300980 7.324251 2.737129 19.166147 -1.247188 2.760102
Car -1 -1 0.420247 672.137756 350.428040 891.824585 427.820190 1.178641 1.909077 4.361755 -4.746106 -2.677218 53.341349 0.331505 3.032054
Car -1 -1 -0.103207 1693.107056 240.155334 1913.918091 331.909485 1.454405 1.916835 5.236164 19.965791 -4.783257 52.284225 0.261573 0.926247
Car -1 -1 -1.291231 927.582703 730.719299 1229.075562 976.247498 0.581758 1.472203 4.233268 1.054342 2.990873 20.464736 -1.239756 4.816806
Car -1 -1 0.695858 0.493274 383.027466 153.516098 455.497467 1.362925 1.829623 3.960830 -25.228164 -2.220786 60.686713 0.301881 0.626316
Car -1 -1 -1.462725 1283.522949 744.494507 1550.130737 1026.635742 0.578657 1.639343 4.386042 3.915829 3.038940 19.057612 -1.260073 3.170240
Car -1 -1 0.639594 291.398956 327.359894 443.561951 383.541199 1.171717 1.839314 3.805059 -19.470627 -4.660714 69.526141 0.366542 1.106274
Car -1 -1 0.471301 584.333557 318.948517 756.243774 386.903381 1.309502 1.851878 4.024533 -8.693129 -4.067406 61.675120 0.331273 2.079678
Car -1 -1 0.729427 132.974670 333.177338 291.196625 393.925690 1.240259 1.822253 3.856275 -24.540941 -4.416516 69.985804 0.392168 0.801773
Car -1 -1 -2.963017 1143.525024 228.724670 1296.454712 282.130341 1.233320 1.863559 4.475746 8.185066 -8.221205 74.744720 -2.853944 1.722910
Car -1 -1 -2.886994 1001.370178 228.269409 1135.795166 279.621552 1.277323 1.881665 4.205372 3.375289 -9.209406 82.909741 -2.846306 1.420675
Car -1 -1 0.698016 4.378081 351.477264 164.594635 415.783264 1.369851 1.863113 3.782913 -28.189466 -3.710128 68.991563 0.310124 0.366073
Car -1 -1 0.688758 205.670456 353.137146 360.475372 429.205139 1.401789 1.863411 3.611549 -19.769717 -3.038754 62.285151 0.381410 0.969761
Car -1 -1 -2.604729 461.986542 262.033600 577.714478 313.133209 1.331445 1.897520 3.480260 -18.061262 -8.278057 85.489403 -2.812936 0.461901
Car -1 -1 1.685347 1375.782593 157.504532 1422.988281 198.214188 1.317957 1.594740 4.255065 20.523275 -15.582635 107.491256 1.874006 0.672649
Car -1 -1 -2.518168 384.824799 274.049866 505.575195 330.585602 1.443619 1.883337 3.718598 -20.971068 -7.722234 85.745550 -2.758032 0.678532
Car -1 -1 2.875573 1771.733887 193.742920 1918.422241 279.055939 1.514959 1.927768 4.889187 24.934823 -6.958026 60.788342 -3.018352 0.628463
Car -1 -1 1.637282 1436.553223 157.655411 1484.422607 198.612061 1.221552 1.713705 4.262960 22.503605 -14.917675 102.718586 1.852955 0.622750
Car -1 -1 1.764645 1243.749878 171.881104 1294.576538 208.798157 1.239539 1.544600 4.256036 14.603006 -15.583935 110.953920 1.895506 0.391474
Car -1 -1 -0.066004 1808.796387 287.269745 1921.513062 386.792999 1.392471 1.877752 4.265960 21.390389 -3.458293 49.423894 0.342450 1.199295
Car -1 -1 -2.400944 102.419701 297.512543 216.561478 344.287903 1.211021 1.882617 3.563357 -34.459833 -7.660201 91.976065 -2.759417 0.524339
Car -1 -1 1.732274 1306.580078 162.598602 1359.868286 205.536621 1.378640 1.653297 4.261929 16.836313 -14.902409 104.690547 1.891729 0.619646
Car -1 -1 0.691435 0.520705 343.837189 118.222221 398.223297 1.327568 1.846591 3.749329 -29.527986 -3.996882 70.109483 0.292813 0.177376
