Car -1 -1 1.766568 379.943878 258.011200 500.978546 361.712280 1.420394 1.592862 4.310095 -11.359977 -5.115545 48.387752 1.535974 1.707339
Car -1 -1 1.892451 75.528488 492.555145 334.232361 688.649902 0.951901 1.384789 4.433736 -8.528678 0.420774 25.215895 1.566304 2.640528
Car -1 -1 -1.523819 658.426392 443.640930 808.274414 594.679016 0.944954 1.788324 4.269319 -3.015753 -0.496093 30.351044 -1.622856 3.461195
Car -1 -1 -1.443285 493.825256 585.396301 734.868103 828.216614 1.052661 1.699862 4.209032 -3.409582 1.576745 22.667680 -1.592582 4.003645
Car -1 -1 -1.601560 629.003967 333.106262 752.547119 458.154510 1.281294 1.896799 4.290585 -4.752869 -2.629894 39.053268 -1.722667 2.548413
Car -1 -1 0.983908 917.716675 191.349762 1037.087280 251.380371 1.288524 1.759019 3.771745 0.645922 -10.099406 67.958385 0.993413 0.571576
Car -1 -1 1.627108 700.327515 153.314621 753.980591 199.421799 1.324865 1.672365 4.269477 -9.335807 -15.199599 89.508707 1.523183 0.819932
Car -1 -1 2.764430 1600.744019 165.287308 1750.995239 230.813477 1.847680 1.881707 4.137702 25.126737 -11.898836 76.378762 3.082253 1.112166
Car -1 -1 2.739187 1651.409302 184.009171 1806.124146 242.564285 1.502881 1.843155 3.992033 25.550887 -10.878482 72.160466 3.079496 1.711685
Car -1 -1 -1.692826 600.717651 259.871613 707.420044 352.724030 1.244675 1.761472 4.248339 -7.023403 -5.543249 50.847784 -1.830084 1.534654
Car -1 -1 -0.575262 980.347107 132.419830 1083.963379 169.200165 1.367900 1.891037 4.323497 3.770222 -19.560028 107.673385 -0.540261 0.666654
Car -1 -1 1.696262 591.717712 153.336380 651.639465 202.405869 1.367527 1.597075 4.271121 -13.459667 -14.880378 88.134992 1.544716 0.816280
Car -1 -1 1.686925 722.893250 128.761475 768.120728 167.267853 1.324832 1.657916 4.247765 -10.190153 -19.483717 106.463086 1.591501 0.546101
Car -1 -1 -1.770495 597.190674 233.968857 695.685608 301.654114 1.062543 1.488303 4.243755 -8.125250 -7.374753 57.249136 -1.911482 1.159064
Car -1 -1 1.664000 690.565735 109.930344 733.636841 148.213959 1.610676 1.798575 4.278873 -13.214715 -22.711560 119.070671 1.553470 0.420148
Car -1 -1 2.652524 1857.049072 183.580307 1919.113159 232.162720 1.342123 1.857182 2.643372 33.856478 -11.896960 76.985217 3.066845 0.263491
Car -1 -1 1.653431 752.318115 114.005798 792.976746 149.768265 1.395512 1.742201 4.261464 -9.899735 -22.644426 119.044850 1.570463 0.550773
Car -1 -1 2.733900 1707.973267 176.859009 1830.690308 222.661819 1.250153 1.843881 3.335975 28.931442 -12.253774 77.037374 3.093153 0.252595
Car -1 -1 1.632622 793.007874 86.123314 823.257507 114.594841 1.656019 1.872355 4.272855 -10.864321 -33.144210 162.044752 1.565677 0.169526
Car -1 -1 -1.528676 1022.404114 66.504517 1049.603760 91.094940 1.777311 1.876318 4.380132 7.702682 -44.364624 206.685380 -1.491426 0.072384
Car -1 -1 1.642879 764.210754 81.179237 794.144104 103.492516 1.551773 1.790482 4.255619 -14.016862 -36.350502 174.248057 1.562610 0.063258
