Car -1 -1 -1.509385 651.535889 768.962341 885.689819 1027.668335 0.885815 1.761413 4.237113 -1.940274 3.114659 25.135841 -1.586423 3.233660
Car -1 -1 -2.741367 1683.737793 342.109436 1921.720947 434.871857 1.241968 1.871319 5.083521 17.980025 -3.339539 60.554025 -2.452733 0.832875
Car -1 -1 -1.647019 1023.473450 828.747742 1295.422852 1079.068237 1.219777 1.775282 4.265606 1.281698 3.826411 23.166827 -1.591751 2.461340
Car -1 -1 -1.781917 1346.892456 790.615112 1651.426025 1061.594116 0.902862 1.627376 4.228500 4.318054 3.262052 24.279642 -1.605911 3.273185
Car -1 -1 1.789234 264.025299 295.345337 366.666718 375.743896 1.470567 1.474216 4.242603 -17.400338 -5.211580 71.263955 1.549752 1.209103
Car -1 -1 1.716301 512.516663 294.700867 606.536011 379.513489 1.546849 1.678695 4.234749 -10.973143 -5.058979 70.245679 1.561342 1.199236
Car -1 -1 1.652303 649.702087 288.913788 738.215454 375.313324 1.566238 1.775131 4.255565 -7.585574 -5.197965 70.588239 1.545251 1.150103
Car -1 -1 1.724046 464.217102 262.298370 553.105103 331.094208 1.483364 1.797865 4.246305 -14.272713 -7.172858 81.693456 1.551081 1.188959
Car -1 -1 1.743756 395.630829 296.793335 489.298523 371.824402 1.348011 1.525333 4.241659 -14.260954 -5.357951 71.864560 1.547859 1.242735
Car -1 -1 1.904450 0.000000 277.625793 123.232903 366.099884 1.754044 1.845457 4.436881 -25.668404 -5.835617 75.739801 1.577696 0.895277
Car -1 -1 1.766210 342.061340 273.173431 432.088684 346.425293 1.529792 1.495686 4.244187 -16.928446 -6.397212 77.441139 1.550998 1.272131
Car -1 -1 1.688594 563.674683 277.753387 639.920410 345.438904 1.328371 1.455567 4.245877 -10.951608 -6.452578 77.599940 1.548390 0.716766
Car -1 -1 -1.597609 1000.088745 165.145233 1042.486938 205.753372 1.620079 1.850034 4.255447 1.476348 -18.343666 141.983165 -1.587211 0.471929
Car -1 -1 -1.551832 875.036133 149.049911 907.091431 177.263443 1.372495 1.749623 4.243295 -6.239138 -23.448350 169.376311 -1.588651 0.444942
Car -1 -1 -1.558494 919.887146 141.885468 948.307983 167.775101 1.381162 1.770953 4.234604 -3.888734 -25.904836 182.712578 -1.579774 0.273479
Car -1 -1 -1.573024 988.826843 138.349976 1018.382324 164.988556 1.413398 1.822900 4.251274 0.789024 -26.554063 186.246189 -1.568787 0.277056
Car -1 -1 -1.569782 941.238770 151.836395 973.933044 179.493103 1.368695 1.756376 4.259017 -2.144478 -23.398032 169.879211 -1.582405 0.322387
Car -1 -1 -1.583068 964.848328 132.321335 992.646912 157.821594 1.530126 1.764291 4.281620 -0.925693 -28.417099 196.248053 -1.587784 0.156664
Car -1 -1 1.629006 731.814087 218.135101 791.098022 276.292358 1.705620 1.752341 4.246693 -8.150162 -10.261262 97.690656 1.545770 0.502818
Car -1 -1 1.662111 713.651367 240.490250 776.223877 297.819458 1.294424 1.555724 4.233611 -8.165490 -9.037693 91.230394 1.572845 0.374661
