Car -1 -1 -1.721272 1018.379089 588.896912 1224.211548 768.319214 0.681719 1.643971 4.477780 1.402532 1.664529 26.340730 -1.668077 2.202991
Car -1 -1 -1.884333 1365.843018 648.852234 1659.181885 854.149353 0.614434 1.537344 4.538622 5.425643 2.223696 23.656805 -1.658884 2.839778
Car -1 -1 -1.468010 414.293091 623.057739 639.759644 830.870056 0.721122 1.824670 4.352631 -4.957320 2.050210 23.835305 -1.673069 3.050554
Car -1 -1 -1.584784 746.537903 548.135315 905.046143 715.957703 0.853876 1.744800 4.255947 -2.237860 1.328154 28.532985 -1.663054 3.047388
Car -1 -1 1.756721 353.529846 260.545227 441.953094 327.550629 1.210389 1.472759 4.241521 -16.791376 -6.240225 61.685711 1.490952 1.417410
Car -1 -1 1.869966 114.803642 256.794922 220.188904 329.297913 1.347926 1.415631 4.235481 -23.788282 -6.341792 62.991691 1.508881 1.407064
Car -1 -1 -1.570049 701.024231 814.144043 976.752136 1080.000000 1.183466 1.767639 4.571473 -1.275699 3.881614 17.283155 -1.643727 2.595113
Car -1 -1 1.711869 471.167877 193.225113 535.635498 250.877640 1.540745 1.626704 4.262137 -18.786138 -11.124583 83.893124 1.491573 0.708148
Car -1 -1 1.733367 409.140717 229.123993 484.495056 293.314545 1.349269 1.475218 4.245262 -17.383605 -8.016573 69.548602 1.488436 1.218514
Car -1 -1 1.694011 521.222351 179.401688 571.988098 220.867340 1.292234 1.446823 4.240761 -19.270864 -13.563302 94.123380 1.492061 0.770939
Car -1 -1 1.714276 444.149811 215.475021 509.655548 271.660400 1.276187 1.412027 4.248589 -17.917723 -9.422059 75.916359 1.482499 0.990306
Car -1 -1 -1.571185 812.323547 117.627396 841.502686 145.899261 1.557842 1.919231 4.264856 -12.067839 -27.473585 156.821015 -1.647986 0.339961
Car -1 -1 1.872128 225.353882 149.931046 280.586426 182.350464 1.311012 1.496172 4.227653 -40.581430 -19.151197 119.785573 1.545480 0.229197
