Car -1 -1 2.790654 833.152771 356.208557 1117.876221 478.704590 1.676668 1.902663 4.604034 -0.857104 -1.695974 52.061485 2.774192 3.879337
Car -1 -1 2.684429 106.672333 377.350189 399.257294 488.298492 1.186966 1.831899 4.277099 -13.350528 -1.506863 48.541788 2.416033 3.889019
Car -1 -1 2.693432 1235.525391 348.093201 1473.620850 451.575592 1.562501 1.827284 4.173332 6.818131 -2.275662 56.436646 2.813660 2.941567
Car -1 -1 3.039693 1009.875366 329.395630 1226.512451 418.191589 1.470818 1.849684 4.030163 2.113796 -3.030872 59.968309 3.074927 1.590327
Car -1 -1 2.949533 670.424744 335.223724 903.283997 423.359772 1.340765 1.824881 4.386910 -4.803745 -2.869625 57.715981 2.866493 2.632511
Car -1 -1 2.785810 1685.180420 350.946625 1915.677002 437.452698 1.365663 1.846961 4.588228 17.590708 -2.775240 61.728385 3.063421 0.876182
Car -1 -1 -3.124369 273.020233 328.152557 529.635559 425.011047 1.414227 1.835242 4.533499 -12.500087 -2.802349 56.189164 2.939916 1.839884
Car -1 -1 -2.918923 69.959396 291.210571 321.866882 390.873322 1.571401 1.865822 4.359403 -17.818860 -3.715378 60.562288 3.078114 2.328353
Car -1 -1 -0.218583 353.065460 269.145844 561.863037 348.258850 1.436613 1.870224 4.185663 -13.591874 -4.952340 67.065269 -0.418541 1.375004
Car -1 -1 -0.707371 602.523499 265.588043 763.634277 330.592102 1.196062 1.838171 3.936634 -9.070474 -6.064971 75.459848 -0.827000 1.614608
Car -1 -1 1.773089 213.403564 215.985641 292.925354 276.404907 1.392166 1.405216 4.263049 -24.757729 -8.856933 90.028077 1.504722 0.758244
Car -1 -1 -0.177766 1.111770 292.094513 194.143784 370.891266 1.334924 1.844738 3.942054 -21.043269 -4.183651 62.906435 -0.500581 0.716827
Car -1 -1 3.081836 465.862274 296.400482 668.256836 374.679474 1.329414 1.839708 4.061764 -10.146951 -4.037648 62.172321 2.920055 0.704556
Car -1 -1 1.736940 321.033325 197.760406 399.316956 268.141968 1.806101 1.745498 4.765789 -21.591058 -9.167608 91.153639 1.504362 0.277175
Car -1 -1 1.764783 267.113831 173.459351 328.229401 216.519730 1.313168 1.457608 4.259197 -30.306738 -13.752653 116.740273 1.510782 0.467920
Car -1 -1 1.782097 254.770599 202.500046 328.005341 255.833191 1.341061 1.463223 4.257039 -25.242928 -10.085707 96.206409 1.525498 0.587244
Car -1 -1 1.816211 188.590408 193.327698 252.728470 242.440353 1.231330 1.375693 4.263237 -29.307928 -11.176136 102.185166 1.536897 0.393501
Car -1 -1 1.747346 325.915009 160.323563 382.448547 198.135178 1.327219 1.593072 4.252645 -30.481589 -15.720041 127.294411 1.512315 0.222018
