Car -1 -1 0.832873 700.494507 292.461243 859.360168 366.497986 1.356825 1.840436 3.996521 -5.614549 -5.580566 73.135214 0.756254 1.026383
Car -1 -1 -1.535026 835.584900 430.572113 964.732605 567.411255 1.365865 1.855758 4.238616 -1.487442 -0.597903 45.621474 -1.567619 2.208698
Car -1 -1 -1.534293 853.578430 367.154968 951.848877 458.781464 1.209283 1.751793 4.258040 -1.824910 -2.707258 58.044705 -1.565722 1.648450
Car -1 -1 -1.647638 1097.050171 309.057098 1181.744141 380.566711 1.202572 1.721717 4.253866 3.716483 -5.067787 70.511178 -1.594979 1.493077
Car -1 -1 1.784639 259.974731 313.279633 371.437897 389.014984 1.285825 1.587784 4.247963 -16.909674 -4.770072 69.263876 1.545189 1.307928
Car -1 -1 1.746276 384.942780 310.211243 489.867462 388.370575 1.293576 1.703803 4.267127 -13.778453 -4.780644 68.848641 1.548758 1.019195
Car -1 -1 1.713009 522.897583 305.848022 617.819885 380.670654 1.287827 1.681065 4.243194 -10.642719 -5.023554 70.026293 1.562181 1.413541
Car -1 -1 -1.592949 980.589722 332.005676 1060.282349 411.111542 1.250834 1.673198 4.253838 0.636631 -4.052581 65.554044 -1.583237 1.331697
Car -1 -1 -1.790339 1357.216919 850.465149 1737.933838 1078.654541 1.135343 1.966079 4.325467 4.464857 3.919561 23.092142 -1.599346 2.689053
Car -1 -1 -1.614565 1057.633179 253.677505 1127.835083 318.674500 1.466157 1.835068 4.250518 3.067594 -7.854300 85.522356 -1.578712 0.986275
Car -1 -1 1.739548 448.229767 274.708405 535.502075 341.553467 1.309534 1.631302 4.251721 -14.342423 -6.716446 79.372727 1.560780 1.165272
Car -1 -1 -1.564008 883.252625 252.034973 951.466431 315.599152 1.478285 1.927665 4.247028 -2.371664 -8.025360 86.530992 -1.591410 1.075650
Car -1 -1 1.645633 665.525330 270.439667 742.363281 337.978119 1.432060 1.731297 4.245020 -8.318391 -6.847598 80.116849 1.542176 0.969907
Car -1 -1 -1.599588 957.988708 298.833771 1030.601929 365.920502 1.222041 1.764140 4.237711 0.053065 -5.590777 73.321749 -1.598864 1.523273
Car -1 -1 1.706291 593.734497 187.989502 645.691223 227.790085 1.343322 1.637789 4.259131 -16.867276 -15.241523 125.102567 1.572272 0.566618
Car -1 -1 1.729303 504.401703 234.658813 582.357544 301.880066 1.630367 1.611474 4.361299 -14.465458 -8.705048 89.366811 1.568828 0.605680
Car -1 -1 1.800265 289.400024 221.404266 366.328369 273.100800 1.468191 1.736269 4.253213 -24.808579 -10.970001 103.167040 1.564275 0.821702
Car -1 -1 -1.566934 943.452820 171.091690 980.437012 206.051285 1.397231 1.804140 4.235549 -1.583711 -18.350969 142.249592 -1.578067 0.616979
Car -1 -1 1.762173 471.174957 228.945969 540.977905 279.945404 1.335335 1.475750 4.249043 -17.324069 -10.264515 98.421187 1.587938 0.616627
Car -1 -1 -1.569529 970.958618 140.629227 1001.380310 170.604233 1.647501 1.821362 4.250622 -0.456496 -25.942863 184.425647 -1.572004 0.279498
Car -1 -1 -1.586386 990.301514 160.909454 1024.655273 192.296860 1.352641 1.745967 4.243575 0.886373 -21.267175 159.038127 -1.580813 0.338025
Car -1 -1 1.662459 700.400757 256.248627 760.768860 307.438202 1.160326 1.466582 4.230376 -8.219646 -8.259949 86.812462 1.568057 0.791875
Car -1 -1 1.639806 755.551514 148.682220 792.542542 186.864914 1.758900 1.749727 4.320854 -12.589741 -21.615960 159.533470 1.561053 0.221923
Car -1 -1 1.647880 714.775696 151.200012 749.336426 180.446640 1.487653 1.714539 4.258265 -15.879915 -23.168867 168.722607 1.554038 0.263742
Car -1 -1 -1.583330 999.189392 154.902008 1029.967529 181.991440 1.382899 1.704589 4.242830 1.238380 -23.305681 171.388790 -1.576105 0.167855
Car -1 -1 1.633420 718.619568 136.498703 749.009033 162.490051 1.512395 1.693264 4.246675 -18.235554 -27.913147 194.379855 1.539880 0.136228
