Car -1 -1 -1.356784 1096.153564 585.257568 1352.918701 805.029907 1.017601 1.681453 4.437822 2.929628 2.162660 25.078349 -1.240493 2.485505
Car -1 -1 -1.606015 1695.968140 436.041321 1852.671387 580.922363 0.962730 1.835304 4.259045 11.563974 0.106604 32.112715 -1.260365 2.496205
Car -1 -1 -1.348425 773.935364 560.575439 985.367859 774.168335 1.254574 1.421775 4.452055 -1.155915 2.091336 27.340484 -1.390678 2.127822
Car -1 -1 2.149234 361.320923 417.588654 554.784912 531.765869 1.159875 1.139237 4.503422 -10.373214 -0.545376 43.707734 1.916214 0.913113
Car -1 -1 -1.593431 1676.886719 281.324219 1779.040039 381.738281 1.275220 1.848984 4.253215 15.823755 -3.381734 46.551563 -1.265765 2.072768
Car -1 -1 -1.497424 1510.338989 373.384491 1631.812012 490.505341 1.044171 1.694706 4.249213 10.373907 -1.167225 38.280016 -1.232780 2.547709
Car -1 -1 -1.446856 1397.960449 325.213776 1515.760254 419.925781 1.071604 1.750930 4.309994 10.114684 -2.652124 46.294475 -1.231751 1.217921
Car -1 -1 1.970752 737.556274 340.454407 862.688843 431.456146 1.128087 1.103559 4.380312 -3.978442 -2.544532 49.035876 1.889796 0.955708
Car -1 -1 2.205631 66.201256 520.652222 344.167389 670.751099 0.814557 0.805624 5.030443 -11.834648 1.280373 33.962263 1.870325 0.853370
Car -1 -1 0.651427 211.242462 322.683258 359.399048 382.531433 1.268374 1.869448 3.597971 -22.241920 -4.753640 70.279431 0.344922 0.605018
Car -1 -1 -1.602438 1677.628052 215.556824 1762.676392 293.532562 1.402875 1.944205 4.258604 20.165627 -6.434218 59.896894 -1.277685 1.481989
Car -1 -1 0.711613 77.892647 367.612488 252.020950 434.087402 1.255693 1.812777 4.149669 -23.661562 -2.920095 63.369683 0.354255 1.390587
Car -1 -1 -1.547964 1545.261230 233.892258 1617.710815 301.325623 1.124478 1.732098 4.245779 16.924881 -6.433140 61.681878 -1.280165 1.660655
Car -1 -1 0.646858 178.506195 345.835754 334.602783 407.899323 1.244852 1.863039 3.589971 -22.162639 -3.813159 67.088215 0.327794 0.732065
Car -1 -1 1.503473 1311.704590 274.814484 1390.400146 357.201080 1.220996 1.384569 4.281149 9.150456 -4.422965 54.450056 1.669970 0.791426
Car -1 -1 1.631909 1363.148682 225.239639 1437.810059 319.220978 1.771636 1.550122 4.651334 11.233477 -5.651157 58.443282 1.821805 0.396583
Car -1 -1 -1.541278 1611.908813 148.915543 1661.808960 200.404816 1.576995 1.908545 4.323638 28.493514 -13.787165 95.314293 -1.250791 0.471630
Car -1 -1 -1.516117 1546.794189 178.579605 1604.582520 229.337372 1.279690 1.746991 4.247281 22.224538 -10.837843 81.851952 -1.250988 0.952571
Car -1 -1 0.719784 1.421067 341.620728 117.754997 395.093964 1.226993 1.815746 2.823803 -30.737712 -4.547560 72.961774 0.321064 0.229100
Car -1 -1 2.245723 982.965698 192.607956 1070.438721 236.124161 1.523096 1.733907 3.666865 2.221820 -13.770630 106.710363 2.266541 0.220829
Car -1 -1 1.719319 1374.884644 148.796112 1423.280029 187.934937 1.361574 1.639848 4.235679 21.247819 -16.635999 111.414778 1.907766 0.447046
Car -1 -1 0.746945 0.000000 357.342499 129.946671 415.735413 1.264416 1.811293 3.590525 -29.368723 -3.661170 69.956220 0.349473 0.171062
Car -1 -1 1.642069 1248.065186 200.793976 1305.659546 248.847183 1.294258 1.413924 4.236273 11.388820 -10.468807 84.941612 1.775353 0.549371
Car -1 -1 1.734046 1272.060913 180.367630 1326.345703 222.632309 1.282302 1.527687 4.269378 14.119692 -13.089645 97.220995 1.878271 0.506347
Car -1 -1 -1.563792 1686.640137 135.530121 1729.926880 173.350586 1.214773 1.755035 4.252198 36.098948 -16.984238 108.856004 -1.243584 0.446826
Car -1 -1 1.403970 1464.057739 147.210739 1515.237549 190.298828 1.356412 1.691289 4.257752 24.126122 -15.445147 103.973108 1.631977 0.373195
Car -1 -1 1.714883 1303.074463 161.276657 1354.396240 201.085541 1.358093 1.608938 4.246677 17.081735 -15.405849 107.680467 1.872206 0.489876
Car -1 -1 -1.558006 1650.866577 104.054100 1695.061523 154.165527 1.980368 1.905796 4.544735 37.783619 -19.626750 119.751932 -1.252376 0.213302
Car -1 -1 1.609935 1404.883667 212.419403 1467.400146 284.274078 1.384658 1.503725 4.250420 13.949606 -7.420585 66.882223 1.815557 0.552769
Car -1 -1 -1.525592 1567.136475 123.043343 1606.421875 158.486618 1.369191 1.644247 4.243365 33.776479 -19.806132 122.426374 -1.256396 0.362474
Car -1 -1 1.592670 1410.041382 165.976593 1461.045410 209.030975 1.187529 1.417476 4.285009 20.023440 -13.606267 96.185768 1.797914 0.282828
Car -1 -1 1.632626 1413.715210 195.535782 1476.800903 252.458649 1.316106 1.573688 4.308959 15.887633 -9.215895 74.726211 1.842118 0.390497
Car -1 -1 -1.542238 1647.416260 80.946083 1675.174194 105.516205 1.341102 1.708577 4.245854 54.042642 -32.080463 173.994993 -1.241086 0.074105
Car -1 -1 1.721543 1435.636719 146.834290 1479.612793 183.025085 1.232951 1.558896 4.249309 24.128871 -16.840302 110.688906 1.936174 0.178215
Car -1 -1 1.698375 1370.381592 124.181862 1408.235962 154.584335 1.463915 1.536877 4.272533 25.799623 -22.467061 138.732618 1.882241 0.127480
