Car -1 -1 -1.325860 206.400696 658.490845 482.328156 887.376038 0.914969 1.613218 4.228261 -6.241884 2.407835 23.523140 -1.585233 3.927850
Car -1 -1 1.259058 376.354553 332.471954 510.919922 429.299225 1.258811 1.410375 4.256757 -10.823526 -3.210897 47.474220 1.034902 1.631717
Car -1 -1 1.943669 10.425512 302.746094 140.448685 383.998322 1.162035 1.072119 4.669597 -21.011795 -4.594779 53.364922 1.568572 1.000156
Car -1 -1 1.817046 326.584625 241.555527 418.084686 302.707184 1.326976 1.624944 4.261097 -18.403250 -8.378110 71.093692 1.563747 0.956522
Car -1 -1 1.505027 339.779968 302.244385 421.490631 390.328766 1.336939 1.472520 4.246824 -13.883236 -4.505473 54.058489 1.253641 1.310993
Car -1 -1 1.794294 345.935028 200.284714 421.662079 248.962982 1.359455 1.712038 4.268095 -21.994151 -12.083734 86.616260 1.545623 0.876587
Car -1 -1 -1.621625 987.158936 140.812531 1020.733093 171.818893 1.446857 1.803106 4.255589 3.983119 -23.635148 138.027237 -1.592776 0.469004
Car -1 -1 -1.593865 923.992310 155.731735 961.114563 189.062500 1.349457 1.846974 4.238955 0.069456 -20.348905 124.032379 -1.593305 0.558013
Car -1 -1 -1.591010 929.266846 111.176544 955.883301 138.894043 1.912880 1.882150 4.468495 0.269571 -34.490001 187.090705 -1.589569 0.182854
Car -1 -1 1.849027 239.205872 162.896683 300.196594 203.272568 1.469419 1.480895 4.279404 -35.125644 -18.267853 114.733331 1.551937 0.445987
Car -1 -1 -1.583371 909.567749 109.845573 932.330078 131.494324 1.694421 1.935761 4.281667 -1.830775 -37.665822 200.975373 -1.592480 0.132818
Car -1 -1 -1.595797 937.993469 138.392624 969.524536 166.249634 1.420165 1.835097 4.267975 0.870737 -24.684037 142.616783 -1.589692 0.325060
Car -1 -1 -1.587319 978.416260 107.139587 1005.019531 140.307068 2.278286 1.977810 4.771909 4.319847 -33.747229 183.238190 -1.563748 0.081886
