Car -1 -1 -1.517483 816.879700 433.214050 941.629456 563.627014 1.304518 1.843426 4.258171 -1.859490 -0.652487 46.701468 -1.557279 2.269382
Car -1 -1 -1.509495 858.667908 333.216614 951.009277 416.199615 1.220092 1.760880 4.238938 -1.987855 -3.872538 63.979566 -1.540555 1.587883
Car -1 -1 -1.385416 259.596161 789.422729 541.104492 1051.296631 0.859670 1.543149 4.232332 -5.133867 3.220258 24.503253 -1.591946 2.482903
Car -1 -1 -1.648894 1090.887085 325.028351 1192.824585 422.840942 1.523772 1.865823 4.303533 3.350819 -3.681812 62.890595 -1.595665 0.995172
Car -1 -1 -1.572088 942.460510 223.928055 990.327881 271.525604 1.287808 1.607065 4.262032 -0.974247 -11.182956 104.240556 -1.581434 1.010697
Car -1 -1 1.653114 639.692322 300.450104 729.238892 390.870911 1.585734 1.727521 4.265933 -7.491383 -4.623285 67.581254 1.542714 0.790038
Car -1 -1 -1.610308 1055.216675 271.712738 1124.373413 332.561401 1.235743 1.733877 4.263632 2.844983 -7.111113 81.347918 -1.575350 1.042558
Car -1 -1 -1.602358 1023.797363 226.598602 1077.653564 274.447632 1.271097 1.688878 4.241861 2.150179 -10.845409 101.928040 -1.581266 1.031252
Car -1 -1 -1.571684 948.681641 273.106140 1013.669312 357.811249 1.709722 1.499767 4.569974 -0.290776 -5.787281 73.453913 -1.575642 0.511180
Car -1 -1 -1.567809 934.096252 179.126083 975.758484 215.433273 1.308286 1.721667 4.229550 -1.824869 -16.827068 133.337551 -1.581495 0.638728
Car -1 -1 1.310653 674.422791 279.400208 772.132507 356.687622 1.482113 1.709234 4.221633 -7.300010 -5.923517 74.428961 1.212886 0.584136
Car -1 -1 -1.580144 975.591125 189.677780 1020.701782 227.547501 1.319981 1.774339 4.244275 0.271398 -15.129854 124.376959 -1.577962 0.636521
Car -1 -1 -1.551144 878.300354 164.667999 917.641296 202.413345 1.603005 1.831905 4.244352 -4.931708 -18.759174 144.218869 -1.585326 0.615243
Car -1 -1 -1.564841 932.599915 149.796387 965.327148 179.206970 1.379285 1.676839 4.258803 -2.692793 -23.875125 172.455729 -1.580454 0.362592
Car -1 -1 -1.594218 1002.372375 170.654083 1039.790283 203.591949 1.330331 1.662441 4.235925 1.474320 -18.466217 142.465531 -1.583870 0.462880
Car -1 -1 -1.668910 1190.837036 193.058762 1239.334717 231.192673 1.223376 1.598906 4.270708 10.141227 -15.351255 126.977666 -1.589213 0.432694
Car -1 -1 -1.602804 1091.887329 134.793701 1125.004150 165.096664 1.718931 2.062775 4.238542 7.791491 -26.706399 187.041103 -1.561172 0.186701
Car -1 -1 1.645047 714.572083 239.457077 785.512573 303.062866 1.524718 1.908585 4.244806 -7.739420 -8.587175 88.597857 1.557914 0.468594
