Car -1 -1 2.887736 1055.411255 351.819214 1302.102295 461.818909 1.623008 1.891471 4.412656 4.929124 -2.376465 45.712569 2.995150 4.100654
Car -1 -1 2.933015 528.316284 382.412262 786.457153 486.216522 1.254570 1.868076 4.347585 -5.466862 -1.822701 42.347343 2.804629 4.802112
Car -1 -1 -1.834130 1325.122437 743.802979 1602.119995 975.788513 0.619739 1.447476 4.221681 5.101967 2.939741 21.917017 -1.605417 3.432480
Car -1 -1 -1.646638 945.130493 731.723877 1184.083740 1001.957092 0.813530 1.872309 4.439475 1.083843 3.016129 21.482663 -1.596229 2.687716
Car -1 -1 2.649682 1757.500977 352.211090 1918.217163 458.036774 1.720216 1.881697 4.084177 19.915543 -2.412263 46.586549 3.053665 0.567155
Car -1 -1 1.919775 53.866238 247.267914 166.585968 321.297180 1.569802 1.575328 4.330271 -25.420269 -7.416842 67.188798 1.558078 1.070333
Car -1 -1 1.821875 309.792725 254.203796 406.521057 320.345337 1.322134 1.627152 4.278182 -17.639006 -7.366189 66.495625 1.562581 1.389234
Car -1 -1 -0.368930 360.639679 343.459137 613.305664 444.753815 1.324959 1.894006 4.450930 -9.592389 -2.849575 46.534397 -0.572218 3.175196
Car -1 -1 1.769779 398.958954 223.386765 476.174591 277.817169 1.376263 1.685721 4.244235 -17.841693 -9.907575 77.765551 1.544252 1.415108
Car -1 -1 1.872040 192.814529 249.850433 291.475769 314.962921 1.319424 1.513015 4.263597 -21.752587 -7.729840 68.293905 1.563686 1.222304
Car -1 -1 1.813749 302.668488 218.817307 380.857941 272.753967 1.430709 1.432203 4.239676 -22.062712 -10.478866 80.766110 1.547087 0.788448
Car -1 -1 1.871673 166.546600 229.319000 249.385818 286.158600 1.383656 1.291619 4.231725 -25.455664 -9.475278 76.302954 1.549670 0.801015
Car -1 -1 1.775632 412.106750 191.573151 472.729919 235.186676 1.321943 1.593176 4.248714 -21.430065 -13.671394 94.152472 1.551835 0.894265
Car -1 -1 1.804700 347.932648 205.265244 417.471863 253.419250 1.356833 1.347153 4.236396 -22.097044 -11.943228 86.658632 1.555030 0.875987
Car -1 -1 1.861451 227.098053 214.248032 303.851196 262.638641 1.279059 1.354283 4.244445 -25.465670 -11.045490 82.645234 1.562550 0.608840
Car -1 -1 1.707201 544.978027 169.005798 596.460999 210.452591 1.346261 1.652280 4.208211 -18.323400 -16.969732 108.590238 1.540037 0.567936
Car -1 -1 1.758977 478.621307 191.402664 539.204956 238.261169 1.471493 1.651754 4.237521 -18.363024 -13.407988 93.257643 1.564558 0.845175
Car -1 -1 1.720516 567.038452 152.381104 619.129883 196.492752 1.829958 1.852990 4.390439 -18.265492 -18.431817 114.531893 1.562368 0.263691
Car -1 -1 1.765294 442.992004 208.448273 508.666626 256.223846 1.297814 1.450831 4.235243 -17.967010 -11.521664 84.624266 1.556086 0.950474
Car -1 -1 1.745221 479.867188 165.301056 529.474976 201.202789 1.339751 1.535763 4.243023 -22.010869 -17.594759 110.478086 1.548563 0.652084
Car -1 -1 1.820504 328.802399 187.911148 393.991730 230.683929 1.258345 1.568526 4.245965 -25.017527 -13.934204 94.650356 1.562098 0.584091
Car -1 -1 1.725561 513.342712 169.876297 571.332825 221.526077 1.845479 1.747060 4.396486 -18.380846 -15.235464 101.052730 1.545634 0.313970
Car -1 -1 -1.738979 1211.433228 176.214783 1258.667114 207.716675 1.166905 1.529991 4.224188 14.630611 -16.853291 108.357917 -1.604769 0.560121
Car -1 -1 1.781243 454.147400 177.479660 504.014282 214.502670 1.158887 1.266210 4.241168 -21.781790 -15.918801 103.321397 1.573469 0.616962
Car -1 -1 1.669934 637.189758 119.471962 669.099731 145.028900 1.512161 1.828836 4.249149 -22.743226 -31.606105 173.476128 1.539575 0.233566
Car -1 -1 1.695759 591.666138 131.013428 630.427185 160.874359 1.498001 1.817864 4.247284 -22.742689 -26.588620 151.048549 1.546316 0.240440
