Car -1 -1 -1.603050 969.750916 419.349701 1092.121948 539.804993 1.292841 1.879036 4.240428 0.619664 -0.996921 47.671700 -1.590052 2.202939
Car -1 -1 -1.640410 959.162354 671.872559 1159.441895 866.256531 0.827152 1.714341 4.243771 0.617610 2.309340 29.847073 -1.619721 3.747673
Car -1 -1 -1.713358 1201.816040 537.284546 1389.963745 685.426270 0.931596 1.746652 4.557383 4.021072 0.843953 37.321697 -1.606031 1.606008
Car -1 -1 -1.543155 783.020264 381.335754 900.607605 506.210052 1.516789 1.964060 4.233471 -2.771652 -1.657522 51.504789 -1.596916 2.081161
Car -1 -1 -1.527401 686.380737 777.622070 895.039917 1003.352722 0.738788 1.678244 4.214890 -1.835758 3.098760 26.092856 -1.597640 2.427672
Car -1 -1 1.741848 380.994232 307.192017 486.410980 384.872681 1.347631 1.647503 4.255974 -14.073825 -4.910325 69.846317 1.543013 1.126044
Car -1 -1 -1.647851 1087.505371 328.835175 1181.381104 405.036804 1.163226 1.800326 4.252059 3.412308 -4.287901 66.921761 -1.596906 1.240180
Car -1 -1 -1.387580 255.098343 834.505188 581.227539 1078.722778 0.951197 1.815086 4.248293 -4.772957 3.650706 23.709815 -1.586232 3.539399
Car -1 -1 -1.788598 1371.663208 831.132141 1711.785522 1078.864258 1.029895 1.876718 4.259077 4.580899 3.726695 23.800084 -1.598450 3.578966
Car -1 -1 -1.675052 1244.718262 221.244919 1305.872559 272.211700 1.387013 1.732748 4.230988 10.640923 -11.145054 103.893800 -1.572986 0.900670
Car -1 -1 -1.663916 1058.547363 933.321106 1392.856567 1080.000000 0.546242 1.848182 4.254297 1.666236 3.913720 20.992609 -1.584710 4.772484
Car -1 -1 -1.687735 1190.435791 193.074081 1241.459595 232.972061 1.344642 1.772074 4.259589 10.050161 -14.936780 124.683102 -1.607303 0.369232
Car -1 -1 1.635551 738.963074 138.672852 771.922485 165.704178 1.484703 1.797092 4.263607 -15.796217 -26.177041 184.034423 1.549928 0.379957
Car -1 -1 1.614235 795.942627 148.168381 829.718994 178.876343 1.439651 1.770449 4.256232 -10.672071 -22.664566 164.028814 1.549265 0.267656
