Car -1 -1 -3.078115 634.883911 182.724426 789.518433 246.154526 1.589389 1.857777 4.551897 -7.744808 -10.525356 70.485544 3.095631 2.134208
Car -1 -1 -1.873340 1577.184448 783.166931 1917.855835 1080.000000 0.989667 2.100628 4.329691 6.963411 3.299586 18.665527 -1.516269 2.978709
Car -1 -1 2.747441 1701.841553 188.630402 1859.255005 252.975220 1.521469 1.851799 3.825082 25.858735 -10.065695 68.443817 3.108673 2.411006
Car -1 -1 -2.857291 75.927368 180.055817 218.484604 234.455017 1.516689 1.906798 3.935729 -27.622386 -11.482305 74.739962 3.071884 1.280407
Car -1 -1 1.677921 718.487854 127.360031 766.808838 171.023209 1.571469 1.743777 4.238025 -10.183482 -19.057447 105.002298 1.581240 0.609601
Car -1 -1 3.136138 741.196655 170.410233 865.842896 234.980743 1.711995 1.893661 3.969901 -5.085992 -11.244270 72.974886 3.066555 0.865557
Car -1 -1 2.832137 1549.457764 179.980820 1692.784058 230.313385 1.354558 1.833364 4.099602 23.405863 -11.890911 76.403427 3.129405 0.585780
Car -1 -1 2.844546 1473.716187 182.334641 1624.941772 242.811874 1.607180 1.854774 4.348074 19.373708 -10.704801 71.214426 3.110166 1.652408
Car -1 -1 1.695083 652.002563 130.314056 701.137329 171.085892 1.417814 1.711536 4.254749 -13.316319 -19.015536 104.906805 1.568823 0.626577
Car -1 -1 -2.766263 2.152030 194.848572 136.070938 250.174835 1.351088 1.868900 4.278124 -28.828561 -10.325999 69.816355 3.125327 0.545452
Car -1 -1 1.715986 585.947083 132.469803 638.247620 174.798218 1.473620 1.633478 4.248542 -15.976583 -18.301895 101.817120 1.560341 0.540150
Car -1 -1 -1.816562 1134.261475 132.351822 1191.294189 165.797256 1.222249 1.631512 4.290375 10.435109 -20.086264 109.587241 -1.721626 0.363272
Car -1 -1 1.707410 686.066528 122.560806 727.208984 157.746689 1.415416 1.458336 4.237285 -12.963447 -21.243709 114.046617 1.594228 0.564146
Car -1 -1 1.727061 633.229736 118.528358 674.489197 153.355957 1.411096 1.491187 4.260596 -16.258092 -22.269223 118.144049 1.590308 0.507665
Car -1 -1 1.692498 748.676697 123.398346 787.500916 160.255783 1.342608 1.414557 4.228371 -9.559216 -20.815179 112.298703 1.607580 0.373343
Car -1 -1 1.656663 779.766968 78.366615 804.353088 100.161049 1.377687 1.703846 4.270607 -13.429356 -38.033497 180.432015 1.582371 0.271472
Car -1 -1 1.718007 593.619080 90.382034 629.705261 120.019600 1.620316 1.575653 4.351715 -23.424793 -30.054039 148.797548 1.561861 0.128253
