Car -1 -1 -1.550687 775.645935 692.406860 985.117920 930.965820 0.577004 1.672334 4.277521 -0.714156 2.158521 20.740829 -1.585106 4.353701
Car -1 -1 2.399831 812.342346 240.149277 980.229370 311.751251 1.267025 1.934278 3.935646 -1.753027 -7.333961 59.009700 2.370132 1.709343
Car -1 -1 -2.835813 126.655220 194.026108 286.163574 251.597046 1.393292 1.863581 4.466142 -24.756427 -10.551718 71.370527 3.113487 1.980118
Car -1 -1 2.909578 1080.781494 223.575699 1260.549561 291.403717 1.434511 1.900564 4.483053 6.139380 -8.511680 64.590768 3.004343 1.612154
Car -1 -1 1.124794 1782.730469 261.628510 1916.772583 342.038849 1.310859 1.428637 4.449299 22.501806 -6.183101 55.208264 1.511818 0.857042
Car -1 -1 1.594450 818.472534 146.876114 861.399780 190.369354 1.461096 1.767954 4.292438 -5.660749 -17.674540 101.767695 1.538883 0.717529
Car -1 -1 2.982768 1113.410522 206.434174 1267.729126 263.895416 1.452194 1.848772 4.294000 7.144876 -9.887186 69.801367 3.084773 0.606583
Car -1 -1 -1.922273 1727.181396 156.852966 1801.647339 193.856903 1.130035 1.513227 4.269469 36.252366 -16.939374 98.364492 -1.569168 0.607977
Car -1 -1 -1.975913 1794.860596 151.701828 1869.706543 192.011917 1.310923 1.400318 4.245475 39.359337 -17.036701 98.538355 -1.595897 0.547101
Car -1 -1 -1.883051 1671.427368 157.661621 1741.829346 193.450058 1.083139 1.361918 4.265183 33.551513 -16.894672 98.032763 -1.553299 0.601232
Car -1 -1 2.932257 1537.006104 181.337173 1680.624390 225.602646 1.330692 1.848023 4.514382 26.056996 -13.903570 87.925470 -3.062821 0.716528
Car -1 -1 -1.572169 923.966919 100.531937 952.021301 132.182678 1.805183 1.570722 4.639465 -1.642253 -30.141143 152.712296 -1.582923 0.229371
Car -1 -1 -1.524542 987.934448 113.919403 1019.364319 139.741302 1.289136 1.745761 4.329597 2.888247 -28.805515 148.140172 -1.505047 0.254653
Car -1 -1 2.481577 1817.204224 237.268097 1920.289062 295.020264 1.284157 1.732417 3.656216 28.329945 -8.538655 66.153197 2.886195 0.240576
Car -1 -1 1.571270 832.289856 139.913986 867.865784 176.412903 1.360808 1.673967 4.281031 -5.809273 -20.140633 112.432075 1.519647 0.261436
Car -1 -1 2.717142 1882.695679 137.601318 1918.926514 164.049805 1.052576 1.856839 2.595524 51.688933 -21.560172 117.402183 3.131877 0.076562
