Car -1 -1 -1.623502 1151.018188 665.469055 1342.569824 858.538147 0.610481 1.679810 4.252636 2.958081 2.287706 23.777356 -1.499731 4.443964
Car -1 -1 2.730258 1722.739624 394.736572 1921.623413 492.651581 1.391151 1.854140 4.013268 17.550848 -1.475877 43.013838 3.117666 1.113723
Car -1 -1 2.642611 536.266846 394.523743 829.230042 549.529419 1.753465 1.938258 4.173137 -4.963068 -0.614744 37.907796 2.512427 6.313412
Car -1 -1 -1.742788 1400.534424 665.757446 1634.719849 864.391113 0.635678 1.569145 4.235086 5.861742 2.329687 23.650187 -1.499832 3.561730
Car -1 -1 -1.489304 826.371216 675.895691 1045.423462 898.344116 0.673611 1.823080 4.475442 -0.232209 2.477748 22.906176 -1.499441 1.702075
Car -1 -1 1.780256 618.779053 237.764862 692.578064 294.257751 1.426244 1.525681 4.254092 -11.160322 -9.153284 77.618114 1.637450 0.984596
Car -1 -1 -1.486876 757.814575 908.447998 1056.683716 1078.759766 0.702237 1.812465 4.223873 -0.341643 4.082509 16.757759 -1.507260 4.425524
Car -1 -1 1.830412 512.125549 237.507370 591.631775 297.535004 1.529391 1.495159 4.278184 -14.756719 -8.986241 77.091627 1.641282 0.957276
Car -1 -1 -1.548736 1018.365112 207.500244 1062.519043 248.904129 1.299578 1.746456 4.257301 3.311730 -13.618871 99.569678 -1.515488 0.768701
Car -1 -1 -1.570244 1094.146606 185.726059 1129.751099 219.287186 1.324627 1.722839 4.239860 7.962053 -17.905480 120.042076 -1.504014 0.589244
Car -1 -1 -1.875120 1517.830933 884.995972 1928.224365 1080.000000 1.074179 2.130817 4.407523 5.690751 4.097605 15.817881 -1.529771 3.450127
Car -1 -1 -2.418124 0.358908 281.757019 87.205048 349.139038 1.379149 1.894093 3.894015 -27.832990 -5.889265 62.458856 -2.837330 0.328495
Car -1 -1 -1.632844 1185.252075 146.527847 1213.251221 167.908508 1.411523 1.879556 4.251229 19.362480 -30.869821 181.451949 -1.526538 0.311131
Car -1 -1 2.652650 1302.558472 156.087219 1371.403442 186.730896 1.743311 1.955622 4.313742 25.899451 -24.697476 152.231754 2.821168 0.184907
Car -1 -1 -1.557932 1050.887329 157.767578 1078.684082 183.616470 1.369239 1.759853 4.269537 6.955065 -25.641991 156.654888 -1.513563 0.387395
