Car -1 -1 1.933779 19.105839 269.647400 134.942230 338.431915 1.286818 1.402439 4.256203 -24.873983 -6.538012 63.185026 1.558743 1.061760
Car -1 -1 1.815599 296.359802 253.581635 400.382263 323.646851 1.364970 1.800677 4.417741 -17.736312 -7.222940 65.747470 1.552107 1.196475
Car -1 -1 1.767378 467.184479 193.847397 535.717651 241.456329 1.412494 1.762813 4.248690 -18.320681 -13.054112 91.495675 1.569756 0.940441
Car -1 -1 1.884654 168.754654 253.917587 267.580292 322.810242 1.392774 1.405696 4.230277 -21.937258 -7.312744 66.622333 1.566558 1.313626
Car -1 -1 1.793005 405.094727 185.870529 469.141327 232.033279 1.489637 1.684149 4.235370 -21.759403 -13.825726 94.598044 1.566918 0.629459
Car -1 -1 1.722934 551.945374 169.495132 603.603088 207.052582 1.390032 1.724031 4.250871 -18.036535 -17.035185 108.858591 1.558738 0.705049
Car -1 -1 1.838248 287.997223 199.387970 359.035217 246.399261 1.309775 1.497374 4.240678 -25.033531 -12.478753 88.804673 1.563484 0.807942
Car -1 -1 1.800703 358.940277 231.644089 438.020142 289.356995 1.351061 1.505324 4.243409 -18.452415 -9.184389 74.655737 1.558393 0.874016
Car -1 -1 1.818664 281.821472 227.623245 366.399750 284.679138 1.419227 1.599391 4.235323 -21.745325 -9.666332 77.351582 1.544614 0.898736
Car -1 -1 1.697168 622.676270 127.904152 655.049072 153.229935 1.431711 1.652487 4.241247 -22.133909 -28.679066 160.584304 1.560198 0.237280
Car -1 -1 1.663981 674.610168 109.361229 702.695190 132.046951 1.624583 1.769248 4.236690 -22.934350 -37.497335 199.783789 1.549686 0.147731
