Car -1 -1 -1.607076 963.439453 447.266022 1088.355225 559.973755 1.059052 1.815425 4.256847 0.521681 -0.676724 46.077180 -1.595755 1.904682
Car -1 -1 -1.532565 750.856140 611.425049 932.632385 802.654724 1.095354 1.862200 4.243955 -1.753162 1.941968 32.859109 -1.585868 3.811796
Car -1 -1 1.789398 274.656799 285.058807 372.915222 382.712097 1.815332 1.260863 4.579296 -16.979583 -5.023759 70.441682 1.552865 0.644118
Car -1 -1 -1.396540 308.804199 753.778748 564.559753 971.895874 0.748189 1.522748 4.227080 -5.232379 2.907220 26.614652 -1.590662 3.275665
Car -1 -1 -1.633309 1062.022461 351.551575 1163.195435 451.225342 1.427712 1.778176 4.238557 2.477998 -2.835620 58.040755 -1.590641 1.620840
Car -1 -1 1.664823 646.181335 290.875427 733.363464 376.543304 1.521962 1.673067 4.244477 -7.703290 -5.181700 70.568856 1.556093 1.178636
Car -1 -1 1.714296 519.645386 290.182526 615.250122 371.566833 1.479940 1.711492 4.247668 -11.047076 -5.405264 72.122563 1.562306 0.952798
Car -1 -1 -1.548843 851.646179 280.430695 919.193298 347.748840 1.296655 1.648270 4.252321 -2.972782 -6.359160 77.146382 -1.587358 1.319243
Car -1 -1 -1.815228 1415.173096 874.842590 1823.140381 1079.078491 1.207915 1.954574 4.252415 4.806673 4.068427 22.026123 -1.600371 3.254594
Car -1 -1 -1.551175 861.531311 197.947052 911.249695 249.149048 1.589302 1.800686 4.252875 -4.340034 -13.081029 113.834763 -1.589282 0.564176
Car -1 -1 -1.589332 1002.161377 220.243317 1055.917725 275.167084 1.546775 1.843523 4.231216 1.343568 -10.749135 101.437108 -1.576087 0.801930
Car -1 -1 -1.671640 1257.719727 224.061935 1324.838989 282.067871 1.576350 1.888553 4.235929 10.754358 -10.391521 99.919643 -1.564423 0.958864
Car -1 -1 1.646672 720.838196 227.088501 781.434448 279.484070 1.345436 1.648103 4.248546 -8.497703 -10.184016 97.227435 1.559494 0.889390
Car -1 -1 -1.576914 994.429199 136.627975 1022.710632 162.618942 1.495091 1.823399 4.233738 1.098606 -27.290988 190.202862 -1.571138 0.288010
Car -1 -1 1.661643 689.053040 254.128662 756.346802 315.308990 1.327320 1.580870 4.256477 -8.279968 -7.920315 85.091163 1.564642 0.852818
Car -1 -1 -1.601833 1085.897583 133.546112 1116.971802 160.868744 1.591659 1.971958 4.251077 7.722895 -28.258470 196.800308 -1.562611 0.207355
Car -1 -1 -1.575999 972.360168 132.182434 997.659790 157.073654 1.397612 1.786582 4.227527 -0.531192 -29.313636 201.453831 -1.578635 0.242490
Car -1 -1 -1.646890 1138.363403 157.632065 1179.692749 189.123917 1.479041 1.885397 4.251698 9.746244 -21.512219 160.231318 -1.586139 0.140441
