Car -1 -1 -1.516969 777.425476 458.763092 906.006836 586.992920 1.205913 1.808275 4.256703 -2.375206 -0.269215 44.437963 -1.570368 2.312909
Car -1 -1 -2.065484 1410.254639 297.906647 1556.613037 376.456726 1.421043 1.528423 4.218833 12.741259 -5.262190 71.955326 -1.890229 0.713695
Car -1 -1 -1.533155 813.788452 326.968140 901.147522 419.321136 1.393432 1.720728 4.242741 -3.060693 -3.788949 63.404521 -1.581390 1.625262
Car -1 -1 1.750109 384.156097 309.607635 478.007385 384.560944 1.297682 1.440586 4.241250 -14.025472 -4.854334 69.223332 1.550204 1.250725
Car -1 -1 -1.510252 761.264465 700.838806 966.867126 928.366272 1.023732 1.687932 4.231667 -1.216133 2.687876 27.493091 -1.554458 2.877240
Car -1 -1 1.389418 657.370544 288.654358 756.425842 360.406342 1.303216 1.795066 4.264183 -7.720558 -5.837706 74.274295 1.285843 0.717367
Car -1 -1 1.707855 518.926392 303.100311 611.248596 378.137939 1.316791 1.612617 4.242485 -10.922052 -5.140758 70.869140 1.554942 1.224680
Car -1 -1 -1.541897 854.199402 212.312866 907.876770 279.587860 1.767322 1.632737 4.464638 -3.925024 -10.338875 98.217254 -1.581839 0.575778
Car -1 -1 -1.784346 1348.486450 907.418518 1718.069946 1077.772583 0.964148 1.831558 4.258798 4.134646 4.093098 21.986772 -1.598465 3.072708
Car -1 -1 -1.570411 924.782410 273.246155 995.887024 346.202087 1.507288 1.777716 4.248565 -0.899355 -6.500208 78.470909 -1.581872 1.123442
Car -1 -1 -1.593922 1039.814697 271.870758 1110.468384 334.085907 1.273437 1.827092 4.245059 2.411649 -7.032917 81.090032 -1.564190 0.996935
Car -1 -1 1.718356 489.390991 211.793488 553.880066 262.124878 1.453903 1.629310 4.253571 -18.126066 -11.766651 106.593381 1.549919 0.752624
Car -1 -1 -1.587045 1000.242065 181.020660 1044.135376 221.821793 1.496798 1.799728 4.247517 1.360451 -15.831357 128.091228 -1.576425 0.581021
Car -1 -1 -1.691995 1260.794189 235.839676 1328.491943 291.995361 1.390344 1.737166 4.253341 10.377539 -9.548405 94.916188 -1.583094 0.919520
Car -1 -1 -1.617382 1026.188843 240.637711 1086.149170 295.472809 1.415307 1.779083 4.239067 2.130348 -9.227454 93.215379 -1.594532 0.945636
Car -1 -1 -2.962936 1816.593018 354.809937 1918.764038 440.633392 1.243134 1.782112 4.181980 20.829329 -3.234388 61.416437 -2.635960 0.321467
Car -1 -1 -1.584517 981.968140 134.013123 1011.449219 160.592041 1.556908 1.873292 4.251198 0.355375 -28.211060 195.712485 -1.582701 0.348349
Car -1 -1 1.744001 433.146179 290.653534 512.253967 355.267456 1.272635 1.312806 4.249934 -14.384557 -6.083617 76.581370 1.558330 0.860285
Car -1 -1 1.708024 595.074158 243.505707 670.678345 316.054626 1.680049 1.678945 4.248869 -11.252549 -8.057865 86.611615 1.578828 0.814551
Car -1 -1 -1.557369 881.396423 178.988922 923.411316 214.934067 1.309224 1.705307 4.238564 -4.331009 -16.761492 132.930626 -1.589938 0.578791
Car -1 -1 -1.570824 937.129395 160.689636 974.699402 196.249283 1.557952 1.859416 4.246758 -1.994102 -19.911356 150.686744 -1.584057 0.462218
Car -1 -1 -1.558463 877.201355 152.046768 912.435608 183.816681 1.533936 1.863788 4.231920 -5.750698 -22.161787 162.560909 -1.593824 0.311649
Car -1 -1 1.686474 555.512939 269.220520 634.100037 340.150177 1.487836 1.559503 4.246219 -11.321637 -6.688493 78.943200 1.544030 0.929103
Car -1 -1 -1.555553 886.509277 136.452667 915.835449 162.768539 1.447550 1.750968 4.232937 -6.266079 -27.214831 189.651418 -1.588581 0.291263
Car -1 -1 -1.564912 932.091309 135.128220 962.210144 164.775085 1.427831 1.841586 4.200850 -2.985953 -26.295959 184.114839 -1.581128 0.269528
Car -1 -1 -1.550561 863.729187 197.109497 910.010681 241.767609 1.384905 1.726535 4.230244 -4.550448 -14.031047 119.480862 -1.588627 0.513677
Car -1 -1 -1.609791 1090.681519 141.885361 1122.431885 169.403152 1.606731 1.950472 4.246109 7.518965 -25.675357 182.395880 -1.568591 0.177217
Car -1 -1 1.669001 672.015076 149.662888 708.957092 179.562958 1.473986 1.731528 4.249784 -18.631170 -23.502945 170.584284 1.560212 0.229112
Car -1 -1 1.627555 727.524963 219.362808 784.687988 276.742889 1.591857 1.650693 4.240290 -8.384961 -10.423602 98.821066 1.542907 0.573210
Car -1 -1 1.804589 342.375122 205.540604 413.156097 248.588226 1.300134 1.593171 4.272487 -25.239900 -12.975221 113.132163 1.585082 0.373453
Car -1 -1 1.713273 496.935303 170.158661 546.565979 206.617996 1.597626 1.717329 4.331564 -23.625572 -17.782477 139.175333 1.545121 0.130012
