Car -1 -1 -3.068423 802.231567 257.009430 956.929932 318.074280 1.446840 1.843605 4.365557 -2.780795 -7.629028 67.827352 -3.109398 2.419943
Car -1 -1 -0.020474 903.086975 304.421051 1134.671021 415.541321 2.002281 1.991946 4.891644 1.101089 -3.601893 49.960190 0.001562 2.932831
Car -1 -1 2.787501 1610.339111 277.437012 1819.086304 351.236176 1.568823 1.918664 4.643831 20.641068 -6.001752 60.789740 3.114835 2.730600
Car -1 -1 -1.525113 758.247314 711.512634 987.623169 950.064880 0.571104 1.816639 4.469089 -0.854687 2.494327 21.051312 -1.565691 2.108309
Car -1 -1 3.015585 1226.174683 244.441742 1374.978027 315.058929 1.818656 1.884986 3.994098 10.614672 -7.984069 70.299701 -3.117740 2.222760
Car -1 -1 -2.947741 554.294617 257.185791 735.344360 330.852722 1.670959 1.949322 4.679232 -9.460899 -6.840863 63.910380 -3.094708 2.184973
Car -1 -1 1.712349 615.487976 211.785721 670.719666 257.311859 1.354249 1.695596 4.257946 -13.557366 -12.572544 90.807491 1.564145 0.842262
Car -1 -1 1.630317 756.656494 171.597137 793.573242 204.512924 1.416176 1.684791 4.272811 -11.112341 -20.013695 124.867749 1.541558 0.510022
Car -1 -1 -1.556826 899.411255 130.725113 923.099976 155.327362 1.779269 1.678858 4.510653 -5.042741 -33.647809 186.532188 -1.583854 0.268499
Car -1 -1 -1.705417 1150.376953 930.906494 1500.381348 1080.000000 0.563800 1.968248 4.320477 2.699718 4.127486 17.540441 -1.552701 3.451347
Car -1 -1 0.171957 1298.370972 155.948990 1375.022217 187.906662 1.617093 1.851377 4.131688 23.550561 -23.396720 140.133289 0.338459 0.124957
