Car -1 -1 -1.996586 1631.120483 519.767456 1880.719116 667.148926 0.838608 1.501485 4.416697 11.762006 0.680810 31.997757 -1.644329 2.292218
Car -1 -1 -1.912830 1200.627319 304.226959 1346.661133 417.133484 1.618745 1.501338 4.984126 7.929517 -3.912853 52.517226 -1.762973 1.320877
Car -1 -1 1.867119 211.600128 270.752930 333.542206 357.885620 1.550339 1.524496 4.593171 -17.719331 -5.598244 58.273600 1.571931 0.956717
Car -1 -1 1.937796 39.635162 295.425354 163.135101 371.385010 1.210071 1.169504 4.418239 -21.637706 -5.128695 56.643017 1.572902 1.135931
Car -1 -1 -1.728532 1384.288574 275.197601 1469.753296 342.788757 1.225437 1.555278 4.259122 14.251562 -6.540193 64.194344 -1.510068 1.397170
Car -1 -1 1.797379 365.375275 234.703293 444.621857 294.299713 1.343091 1.417660 4.262804 -17.902341 -8.908454 73.360900 1.558026 1.105240
Car -1 -1 1.910766 66.582413 255.892471 171.260239 318.879333 1.274274 1.363177 4.292534 -24.961816 -7.398175 66.641292 1.552373 1.130556
Car -1 -1 1.864247 227.976364 219.374237 325.966461 296.288055 1.812204 1.515248 4.843410 -21.752657 -8.711449 72.101123 1.571235 0.699890
Car -1 -1 1.772558 446.942291 208.746323 514.149231 256.830475 1.286149 1.589525 4.242283 -18.093762 -11.740863 86.096593 1.565416 0.899336
Car -1 -1 1.753502 517.961853 176.004944 577.163513 219.960602 1.482003 1.725861 4.235187 -18.031454 -15.209490 100.467249 1.575917 0.622874
Car -1 -1 1.811608 335.307312 179.152405 401.948944 224.533234 1.493349 1.679609 4.261230 -26.055801 -14.967095 99.954559 1.556607 0.675388
Car -1 -1 1.771177 413.388794 168.029465 462.526459 203.522064 1.368985 1.387692 4.243285 -25.295859 -17.394091 110.362224 1.545862 0.563311
Car -1 -1 1.756965 440.461060 181.567352 499.935181 226.724304 1.517664 1.784242 4.240098 -21.181737 -14.697592 98.930733 1.546042 0.725025
Car -1 -1 1.824224 323.420135 215.883072 401.551086 268.540161 1.284677 1.560570 4.230652 -21.214992 -10.562175 80.207730 1.565645 0.958463
Car -1 -1 1.721048 567.962463 161.980515 616.171326 198.245026 1.406820 1.692529 4.246397 -18.349851 -18.527041 115.529902 1.563532 0.612899
Car -1 -1 1.721459 589.216858 135.764175 628.295105 165.493469 1.453233 1.715505 4.233873 -21.701121 -24.784780 142.670750 1.570510 0.341672
Car -1 -1 1.715368 592.326355 150.299744 633.419495 185.552887 1.616612 1.645715 4.294487 -18.666017 -20.606363 124.870897 1.566984 0.248586
Car -1 -1 1.737752 434.807678 176.277496 488.481567 214.200119 1.398504 1.668971 4.238850 -22.275446 -15.527613 103.159698 1.525086 0.307760
