Car -1 -1 -0.693288 555.802673 368.266235 770.421814 453.456177 1.153008 1.839518 4.034723 -6.804337 -2.725800 57.163032 -0.811765 2.069415
Car -1 -1 -0.131047 146.235916 391.315063 436.979950 513.783447 1.519252 1.864850 4.530161 -12.774377 -1.440275 50.330001 -0.379610 4.236638
Car -1 -1 -1.514157 661.433777 800.291809 881.719910 1034.157593 0.646853 1.593521 4.229752 -1.879078 3.132192 24.704790 -1.590072 3.867442
Car -1 -1 -1.321104 875.834839 315.075195 988.944153 401.352661 1.466614 1.656043 4.248064 -1.409385 -4.340302 66.900740 -1.342168 1.230323
Car -1 -1 -1.769208 1351.627930 808.953735 1641.992188 1058.330200 0.686435 1.543061 4.218460 4.323353 3.239606 24.387218 -1.593751 3.122809
Car -1 -1 -1.662331 1059.796753 845.030029 1308.550049 1078.038086 1.177013 1.555167 4.225178 1.500542 3.909950 23.103126 -1.597472 4.151777
Car -1 -1 1.790741 268.268036 290.438934 380.041748 380.694458 1.637913 1.637077 4.421787 -17.131812 -5.133481 71.054089 1.554148 0.765126
Car -1 -1 1.760802 408.014984 293.035919 503.432220 378.112213 1.551843 1.514067 4.238936 -13.721433 -5.142006 70.886949 1.569599 1.038207
Car -1 -1 1.692170 519.216980 292.796234 608.163147 377.394409 1.536354 1.636120 4.236626 -10.926030 -5.153122 70.653255 1.538743 1.148279
Car -1 -1 1.765648 376.196564 259.707428 452.110565 322.692444 1.365210 1.298098 4.236483 -17.445143 -7.560096 83.446654 1.559558 0.816171
Car -1 -1 -1.568617 965.157227 214.518784 1012.960205 259.534698 1.313107 1.655473 4.261424 -0.137431 -12.133933 109.164733 -1.569875 0.760282
Car -1 -1 -1.524290 1034.071533 182.006302 1080.208862 224.313446 1.540070 1.877700 4.266726 3.041336 -15.799622 128.665736 -1.500657 0.548900
Car -1 -1 1.695190 583.957764 242.541565 656.877747 309.680359 1.646584 1.668708 4.258315 -11.511137 -8.071529 85.734405 1.561723 0.741946
Car -1 -1 1.718718 534.843140 218.005768 603.489624 283.164673 1.732356 1.502851 4.566991 -14.554120 -9.826054 95.115415 1.566881 0.463773
Car -1 -1 -1.559772 938.694946 179.718704 977.009888 214.396637 1.379141 1.714668 4.264139 -1.727050 -17.319389 137.406299 -1.572340 0.571146
Car -1 -1 1.712605 498.128174 256.398804 568.111633 313.479645 1.275231 1.415534 4.250716 -14.408363 -8.113961 86.945075 1.548380 0.885314
Car -1 -1 1.760264 425.671234 240.507690 493.623596 292.046631 1.208465 1.396012 4.233764 -17.871561 -9.327817 92.745312 1.569902 0.804191
Car -1 -1 1.694815 620.140381 198.425720 668.427856 235.761520 1.201897 1.448961 4.236196 -14.968535 -14.177055 119.142161 1.569834 0.592052
Car -1 -1 1.790424 323.832520 276.817078 407.827728 349.996826 1.473185 1.278155 4.239624 -17.766462 -6.413998 78.497675 1.567843 0.867279
Car -1 -1 -1.623445 1085.570435 130.989319 1119.136353 158.267136 1.645705 2.012324 4.238635 7.758327 -28.120975 194.744614 -1.583627 0.181725
Car -1 -1 1.695973 556.079956 277.844055 633.073059 345.310120 1.323598 1.537607 4.251082 -11.366777 -6.608536 79.107954 1.553263 1.031419
Car -1 -1 1.624107 775.495728 194.247498 819.581848 236.976669 1.368868 1.600041 4.238945 -8.327375 -14.092722 118.534111 1.553969 0.387190
Car -1 -1 1.685902 590.287048 209.066818 644.015869 256.016998 1.218273 1.470158 4.258485 -14.698344 -12.263781 108.361732 1.551084 0.479234
Car -1 -1 1.732437 454.755524 278.609192 530.835327 340.517670 1.305392 1.364111 4.257400 -14.415290 -6.719793 79.983568 1.554123 0.883152
