Car -1 -1 -2.287914 1139.340820 278.830994 1316.109375 365.488708 1.551929 1.763264 4.614661 6.329564 -5.232774 70.108174 -2.197875 1.135741
Car -1 -1 0.130809 952.632324 388.208221 1230.083862 498.320770 1.402272 1.865718 4.352072 2.011153 -1.418633 47.796025 0.172862 4.496038
Car -1 -1 0.812413 432.390228 357.509369 660.676880 456.997345 1.246475 1.903919 3.911970 -8.296722 -2.403932 53.049272 0.657273 2.108995
Car -1 -1 -1.618267 936.736877 667.419678 1176.297119 912.583801 1.005233 1.870075 4.226099 0.661273 2.335568 25.961299 -1.592801 2.784928
Car -1 -1 -1.485249 573.602600 753.598694 807.342957 995.634521 0.688640 1.505972 4.217064 -2.386272 2.704924 23.828567 -1.585060 1.937742
Car -1 -1 -1.740494 1275.580811 707.275269 1536.073486 926.930603 0.700359 1.526697 4.246260 3.840370 2.383848 25.369802 -1.590259 2.208613
Car -1 -1 -1.764527 954.060303 238.862000 1050.231445 325.480469 1.854479 1.835207 4.279159 0.650656 -6.981168 79.698247 -1.756363 0.899738
Car -1 -1 1.772378 297.033813 268.821381 395.890564 342.528809 1.327206 1.494627 4.226682 -16.455033 -5.925322 72.081912 1.547942 1.199631
Car -1 -1 1.882630 48.759434 275.627594 157.191711 349.471863 1.315552 1.211924 4.235415 -22.733717 -5.741814 71.924950 1.576491 1.144476
Car -1 -1 1.797104 273.511047 196.179825 350.904846 264.682007 1.807418 1.466552 4.656544 -24.013494 -10.759029 99.759793 1.560885 0.329068
Car -1 -1 1.816567 196.382248 212.631119 269.599335 261.830841 1.289219 1.475282 4.241654 -27.351547 -10.956094 101.399962 1.553098 0.601916
Car -1 -1 2.609860 1825.661377 368.468109 1918.215942 459.025024 1.192967 1.911078 3.076104 18.372707 -2.296485 52.979449 2.943672 0.243877
