Car -1 -1 -1.658947 1020.969666 817.903015 1278.355103 1076.757080 0.773932 1.729885 4.259108 1.251728 3.336129 23.876260 -1.606570 2.956732
Car -1 -1 -1.595251 971.370239 380.082703 1065.357666 474.077667 1.193770 1.639348 4.249611 0.495666 -2.309345 55.488717 -1.586318 1.747326
Car -1 -1 -1.776868 1310.491089 691.675476 1608.369507 994.023804 1.249835 1.627891 4.987664 4.318072 2.898397 26.502551 -1.615357 2.202725
Car -1 -1 1.782435 260.325775 313.449738 371.053070 388.475464 1.286422 1.611675 4.250217 -16.969284 -4.789145 69.488400 1.542919 1.289893
Car -1 -1 1.703449 525.013550 304.922974 618.253174 379.980103 1.309171 1.659221 4.240880 -10.594411 -5.022898 69.848451 1.552920 1.251259
Car -1 -1 0.838138 698.910828 291.383575 860.018494 365.961700 1.365528 1.845026 4.025171 -5.683172 -5.646655 73.741457 0.761221 1.007741
Car -1 -1 1.750256 383.190887 309.962494 490.680878 387.111420 1.280001 1.697695 4.265450 -13.807471 -4.811391 68.930827 1.552563 1.031481
Car -1 -1 -1.591798 981.225159 310.540039 1062.973022 382.351166 1.200295 1.802927 4.244683 0.730524 -5.044712 70.703439 -1.581466 1.510626
Car -1 -1 1.654682 668.710571 265.804138 743.668091 334.380310 1.451367 1.720032 4.249819 -8.293958 -6.940587 80.207029 1.551641 1.030258
Car -1 -1 -1.566922 901.002686 250.158875 961.772339 309.007507 1.330389 1.758172 4.240748 -1.953351 -8.410124 88.352161 -1.589027 1.185825
Car -1 -1 1.727919 449.123840 274.991211 533.724426 340.794189 1.280459 1.570101 4.246691 -14.375305 -6.748676 79.520183 1.549075 1.129039
Car -1 -1 1.660798 642.145386 176.659317 693.474976 223.424744 1.747615 1.740792 4.286726 -15.156453 -15.912848 129.088184 1.543921 0.427286
Car -1 -1 -1.572832 975.097046 136.922043 1004.491150 162.512375 1.437370 1.826617 4.231555 -0.171134 -27.681238 192.957680 -1.573719 0.369270
Car -1 -1 -1.556099 887.264709 138.995438 916.701416 166.386124 1.459185 1.830237 4.269309 -6.155907 -26.823319 188.473997 -1.588749 0.492895
Car -1 -1 -1.673177 1201.007812 199.972672 1252.924561 242.726746 1.376704 1.732535 4.240701 10.016622 -13.932521 118.775970 -1.589044 0.635538
Car -1 -1 1.670681 700.481079 249.804733 764.653687 305.460938 1.241790 1.537802 4.234326 -8.264415 -8.467179 87.982978 1.577024 0.856695
Car -1 -1 -1.614231 1078.890747 129.940369 1105.541138 153.996521 1.468959 1.741764 4.259443 7.457948 -30.425301 207.704715 -1.578340 0.176945
Car -1 -1 1.657046 686.875671 259.196686 754.990540 318.877106 1.372359 1.560237 4.248413 -8.212855 -7.237266 81.506980 1.556623 0.403663
