Car -1 -1 -1.646686 1038.510376 725.795349 1267.000000 965.118896 1.027733 1.800081 4.249408 1.452277 2.907297 27.035349 -1.593020 1.771999
Car -1 -1 -1.588789 971.368469 264.874573 1037.599243 321.861206 1.252688 1.769178 4.241673 0.369117 -7.629279 84.384408 -1.584415 0.975695
Car -1 -1 1.657882 642.562683 283.855896 724.845703 365.457977 1.545746 1.633931 4.232179 -8.139137 -5.617814 73.123884 1.547032 1.043810
Car -1 -1 1.858154 148.018936 259.719788 236.557190 321.673096 1.315646 1.401634 4.239039 -24.906616 -7.866890 86.163864 1.576763 1.367719
Car -1 -1 -1.552783 1013.134644 191.388260 1061.973022 231.021301 1.360200 1.921330 4.255179 2.062304 -15.080844 125.042544 -1.536291 0.566414
Car -1 -1 1.641787 715.696777 233.842621 778.435852 290.304413 1.363744 1.728112 4.258067 -8.411894 -9.608334 94.845152 1.553327 1.102545
Car -1 -1 -1.551433 887.218933 135.785004 915.802612 160.683640 1.415859 1.813699 4.244928 -6.410504 -27.910492 193.610774 -1.584531 0.381875
Car -1 -1 1.619415 777.044373 171.962372 817.972900 208.849045 1.454390 1.675907 4.251937 -9.695618 -17.590489 137.463252 1.548999 0.551388
Car -1 -1 1.667195 677.998901 270.260040 746.656311 336.535614 1.371722 1.514561 4.232612 -8.061751 -6.880724 80.107139 1.566896 0.977880
Car -1 -1 -1.576368 941.409790 149.654861 973.348083 179.044876 1.398819 1.828405 4.265062 -2.161478 -23.668354 171.558855 -1.588967 0.332990
Car -1 -1 -1.571087 942.736633 131.908737 971.789978 159.437531 1.545600 1.848999 4.246044 -2.470708 -27.944348 193.426360 -1.583860 0.274297
Car -1 -1 -1.638052 1155.581909 166.412033 1195.745483 201.613327 1.493199 1.904293 4.241838 9.774759 -19.313333 148.035211 -1.572118 0.249802
