Car -1 -1 -1.420125 546.974304 583.458740 748.080383 772.741699 0.874322 1.592932 4.268788 -3.700603 1.502484 25.778803 -1.562703 4.060497
Car -1 -1 -1.533754 777.760620 685.412231 992.789124 910.297791 0.580678 1.778686 4.491473 -0.771307 2.283457 21.760335 -1.569185 2.483134
Car -1 -1 -1.341178 264.629852 829.326843 645.697815 1078.549683 0.944211 1.819103 4.431088 -3.997057 3.688804 17.831510 -1.561690 2.807067
Car -1 -1 1.686591 616.635010 211.252563 671.974670 257.910767 1.361773 1.623297 4.259312 -13.648999 -12.687730 91.589226 1.538656 0.905481
Car -1 -1 1.724223 546.100037 213.916290 603.557251 256.911774 1.283242 1.588982 4.256815 -16.797262 -12.860313 92.796770 1.545151 0.879742
Car -1 -1 1.659599 691.575867 215.140747 743.534302 259.979858 1.299815 1.613824 4.262683 -10.443788 -12.428566 90.391295 1.544569 0.767016
Car -1 -1 1.695698 602.928223 191.918732 647.632751 228.497421 1.294715 1.410327 4.270945 -17.036557 -16.190035 107.810929 1.538972 0.674755
Car -1 -1 1.658334 664.291504 178.687622 713.711670 226.280624 1.782680 1.782079 4.545060 -13.865987 -16.413803 108.111756 1.530774 0.315609
Car -1 -1 1.682466 643.343018 194.505127 694.227478 238.077560 1.455676 1.726621 4.250227 -13.977031 -14.826583 101.173964 1.545187 0.619709
Car -1 -1 0.167263 1297.806763 156.548004 1374.089600 188.356384 1.579212 1.857114 4.049007 22.947957 -22.801811 136.840826 0.333415 0.157125
Car -1 -1 1.645188 715.979980 197.816483 763.184631 245.155273 1.576558 1.597504 4.289510 -10.399303 -14.264530 99.069280 1.540601 0.365794
