Car -1 -1 -1.439698 943.685547 405.191132 1072.584229 525.050659 1.080807 1.588450 4.249403 0.572092 -0.642872 39.629583 -1.425263 2.156102
Car -1 -1 -1.329360 816.711426 514.410583 1021.065247 666.414734 0.796866 1.576945 4.567537 -0.782061 1.120057 31.622387 -1.354086 2.082897
Car -1 -1 1.976753 612.528137 449.767059 813.345703 594.761230 1.042047 0.912496 5.120117 -4.212269 0.320052 35.251447 1.857825 1.894958
Car -1 -1 -1.442454 1345.319946 354.917877 1458.036621 459.197784 1.069391 1.421007 4.218840 8.379855 -1.818176 43.507396 -1.252177 2.277915
Car -1 -1 -1.532811 1528.814575 296.162689 1644.413940 408.000702 1.426771 1.999701 4.317991 13.158077 -2.975742 47.382573 -1.261937 1.241909
Car -1 -1 1.978382 790.299988 330.709198 931.279480 415.143433 1.079205 1.375032 4.678627 -2.841728 -3.046952 52.387981 1.924192 0.977477
Car -1 -1 0.753303 0.000000 377.124390 165.333084 461.098022 1.600408 1.847652 3.971981 -25.300719 -2.177059 61.459569 0.362781 0.496547
Car -1 -1 1.902914 942.702942 274.435883 1047.286621 344.526581 1.284949 1.454415 4.294224 0.448105 -5.383785 63.122970 1.910012 1.155715
Car -1 -1 1.414100 1294.268433 275.007111 1386.641113 351.414642 1.194048 1.519684 4.231229 9.241483 -4.735062 56.724187 1.575601 1.141221
Car -1 -1 0.612573 267.144836 325.254059 411.632263 385.959106 1.234217 1.833943 3.708191 -20.342530 -4.624440 69.549199 0.328019 0.730263
Car -1 -1 1.837777 947.500305 324.621063 1054.747314 408.682251 1.162265 1.379670 4.273579 0.538656 -3.113947 51.975006 1.848140 1.258344
Car -1 -1 0.679110 125.637131 351.176605 303.935333 428.795074 1.504318 1.836249 4.104089 -22.062426 -3.062476 63.388203 0.344171 1.092329
Car -1 -1 -1.485647 1456.100952 248.810654 1544.134644 323.962158 1.182044 1.758840 4.249556 14.265102 -5.732616 60.031804 -1.252348 1.081501
Car -1 -1 -1.538170 1177.263062 303.257050 1271.862305 400.308167 1.294030 1.732172 4.252117 5.661109 -3.290831 50.719680 -1.427015 1.506074
Car -1 -1 -1.556839 1601.489990 157.866104 1657.712891 211.748413 1.512191 1.929935 4.277480 26.515988 -12.532491 89.458564 -1.268683 0.720601
Car -1 -1 -2.192707 787.064087 262.790131 894.864197 314.964661 1.214334 1.847478 3.609563 -4.900874 -7.380409 76.711168 -2.256508 0.287265
Car -1 -1 -1.545304 1592.871948 235.694641 1675.685791 300.479401 1.077036 1.839001 4.254899 18.452434 -6.435251 61.702828 -1.254716 1.371179
Car -1 -1 -1.516099 1524.985840 181.265305 1588.400757 242.670380 1.517387 1.849996 4.264493 20.888802 -10.124077 79.397998 -1.258839 0.717707
Car -1 -1 -1.528279 1045.050293 334.086029 1140.924316 426.595520 1.046000 1.483346 4.210688 2.496026 -2.613271 48.283087 -1.476629 1.622213
Car -1 -1 -1.046774 235.703476 762.293274 766.793091 1080.000000 1.219328 2.306153 4.656337 -4.130020 3.967365 19.548287 -1.254985 2.994368
Car -1 -1 1.626324 1377.698242 236.254944 1451.844116 301.099243 1.175015 1.667475 4.257886 12.659387 -6.635358 63.985165 1.821650 1.032520
Car -1 -1 1.913259 1118.153076 249.774811 1211.090210 314.347717 1.201146 1.424342 4.297905 5.634464 -6.504996 66.263754 1.998086 0.984894
Car -1 -1 1.739224 1199.986938 207.127106 1265.097900 259.844849 1.285926 1.531579 4.247346 9.526905 -9.939906 82.731032 1.853875 0.711563
Car -1 -1 0.665344 106.398148 336.932190 254.205505 395.752289 1.223970 1.837198 3.630173 -26.450847 -4.550073 71.968896 0.313137 0.405597
Car -1 -1 1.715779 1336.981812 169.369766 1389.825195 211.158936 1.270884 1.598101 4.260162 17.350783 -13.844150 99.140309 1.889037 0.575226
Car -1 -1 2.473136 953.158447 192.691345 1051.765503 241.320847 1.618911 1.836044 4.034738 1.078812 -13.348592 105.150052 2.483396 0.305615
Car -1 -1 1.867750 1102.933960 231.984100 1187.317993 293.357391 1.329754 1.437261 4.219662 5.633505 -7.939254 74.470318 1.943254 0.606618
Car -1 -1 -1.609987 870.161987 273.212860 946.644348 330.463379 1.062722 1.310417 4.224875 -2.336670 -6.292682 69.119042 -1.643780 0.452855
Car -1 -1 1.753178 1270.226807 160.572281 1319.004761 199.147293 1.340433 1.472702 4.264739 16.036863 -16.180577 111.962713 1.895445 0.436910
Car -1 -1 1.568467 1278.153687 244.903397 1351.385498 311.939178 1.205171 1.601115 4.258117 9.549491 -6.217116 62.734225 1.719529 0.985484
Car -1 -1 -1.566991 1653.833496 142.369034 1701.396118 185.051529 1.271416 1.831593 4.251360 31.700967 -15.041773 99.660435 -1.259022 0.608968
Car -1 -1 0.678563 195.900452 341.700745 334.904419 400.757629 1.133088 1.765862 3.466772 -22.318910 -4.105013 68.084583 0.361791 0.230352
Car -1 -1 1.888584 1104.021851 202.138733 1181.422363 257.365234 1.389516 1.297650 4.348397 6.284009 -10.267772 84.737305 1.962608 0.556405
Car -1 -1 -1.620290 1171.179688 267.547638 1244.152832 332.753784 1.042324 1.478931 4.184023 6.286556 -5.596658 61.468542 -1.518371 1.208702
Car -1 -1 1.717999 1333.011963 137.322662 1377.346436 171.103241 1.431846 1.616693 4.245320 21.105955 -19.292609 123.861622 1.886778 0.415956
Car -1 -1 1.673575 1280.883667 214.349747 1349.474121 273.427612 1.107600 1.539749 4.265371 10.883510 -8.224642 71.226058 1.825204 0.707226
Car -1 -1 -2.526459 227.738800 268.388428 316.871918 300.884064 1.076294 1.809668 3.249242 -34.541444 -10.760827 106.800294 -2.839262 0.338510
Car -1 -1 1.646562 1405.461914 191.471466 1461.295898 244.004883 1.285592 1.509548 4.264690 16.673014 -10.224364 80.671013 1.850371 0.529194
Car -1 -1 1.735733 1231.016113 185.194153 1286.995483 232.762497 1.261382 1.383355 4.252112 11.809158 -12.018244 91.876860 1.863564 0.529993
Car -1 -1 -1.543017 1625.426025 114.887093 1660.844849 145.386154 1.268848 1.612635 4.244145 39.289284 -21.724431 130.150521 -1.249840 0.231118
Car -1 -1 -1.535355 1589.535522 107.673767 1621.467041 136.047806 1.367187 1.640568 4.246960 41.666077 -24.974314 146.367131 -1.258023 0.224414
Car -1 -1 -1.556873 1709.468506 69.414566 1737.569580 95.305527 1.434205 1.749450 4.250942 63.019539 -34.995254 185.476427 -1.229340 0.077722
Car -1 -1 1.662562 1460.703003 134.996140 1502.375732 173.520645 1.470774 1.590689 4.249014 26.821249 -18.230439 117.414198 1.887142 0.382907
Car -1 -1 1.663281 1431.879150 159.745911 1481.889282 203.363998 1.321278 1.647832 4.262945 21.006458 -13.814244 96.630133 1.877341 0.479710
Car -1 -1 1.705767 1370.651733 124.000603 1410.172729 152.650131 1.353301 1.580568 4.259171 27.272254 -23.913401 146.424231 1.889912 0.226939
Car -1 -1 -1.550565 1636.934326 95.091499 1666.449097 121.624947 1.291938 1.657262 4.224047 48.652423 -28.218571 159.275869 -1.254107 0.081730
Car -1 -1 -1.560092 1682.492065 96.585953 1714.077271 123.886742 1.258140 1.712931 4.242340 48.490739 -26.102149 148.153721 -1.243781 0.129235
Car -1 -1 1.694873 1409.551392 123.377083 1447.244629 153.356277 1.327272 1.624737 4.268014 28.473863 -22.820640 139.670458 1.895982 0.250325
Car -1 -1 1.462630 1284.842896 260.245148 1367.769775 328.276489 1.209795 1.489806 4.227553 9.636124 -5.664007 61.422320 1.618244 0.480370
Car -1 -1 0.733987 0.038318 365.490265 103.202255 418.760468 1.272120 1.805439 3.711920 -31.651121 -3.668042 73.167395 0.325710 0.113463
Car -1 -1 -1.552865 1720.695435 69.024353 1749.204346 90.322342 1.389722 1.710580 4.265723 61.826882 -34.069929 179.817046 -1.221695 0.062817
Car -1 -1 1.647011 1384.011230 211.352737 1444.231934 266.601959 1.061696 1.623113 4.246866 14.265171 -8.485015 71.998452 1.842610 0.313733
