Car -1 -1 -1.640994 1056.024536 749.769104 1295.937866 997.940857 0.923285 1.788692 4.240186 1.616909 3.001389 25.838608 -1.578499 2.876859
Car -1 -1 -1.769348 1352.248901 668.702515 1686.788330 1022.455688 1.593957 1.819844 5.140172 4.669431 2.977314 25.465271 -1.587998 2.122912
Car -1 -1 -1.502610 648.122559 808.639648 888.587280 1055.598755 0.701761 1.662930 4.246254 -1.869315 3.221651 24.255441 -1.579526 3.831811
Car -1 -1 -1.994335 1378.587402 294.432098 1509.979736 370.662842 1.400953 1.498509 4.175931 12.070705 -5.575980 74.056576 -1.832763 0.864705
Car -1 -1 1.480347 639.461365 313.830750 724.381470 389.876587 1.228449 1.537500 4.236324 -7.704941 -4.712646 68.227411 1.367893 1.023029
Car -1 -1 -1.418314 220.911224 827.631653 524.526245 1078.713501 1.033624 1.754605 4.248797 -5.148607 3.680843 23.645719 -1.632707 2.360239
Car -1 -1 -0.505519 881.462097 290.844543 1048.319336 366.897766 1.512690 1.854223 3.864978 -0.736015 -5.470648 72.626989 -0.515653 1.928312
Car -1 -1 -1.587957 1005.227234 189.032471 1053.467896 233.156677 1.525757 1.862976 4.251703 1.607944 -14.508591 121.034599 -1.574672 0.652364
Car -1 -1 1.669752 661.378235 259.074158 745.890991 334.193237 1.635620 1.836197 4.245130 -8.213231 -6.820302 78.834589 1.565943 0.915908
Car -1 -1 1.649017 717.859619 233.225906 781.880005 295.692413 1.513228 1.719624 4.250939 -8.017401 -9.121897 91.555485 1.561671 0.919989
Car -1 -1 1.669362 660.123169 177.249146 703.884827 213.103912 1.335401 1.552340 4.256048 -15.296603 -17.229210 136.029134 1.557382 0.505577
Car -1 -1 -1.567886 949.853760 154.865814 984.473816 185.310135 1.469203 1.800180 4.235915 -1.466691 -22.050820 162.502512 -1.576912 0.412283
Car -1 -1 1.682277 667.260864 148.305664 703.101318 176.357529 1.438176 1.784640 4.245027 -19.511734 -24.399981 175.724744 1.571694 0.228802
Car -1 -1 -1.612607 1088.869873 140.494308 1123.778320 169.265274 1.564428 1.942534 4.247219 7.623194 -26.266935 186.075323 -1.571662 0.161372
