Car -1 -1 -0.057603 747.231689 283.425873 1042.840820 412.800323 1.464921 1.881710 4.355413 -1.223065 -2.407035 45.036299 -0.084754 4.243845
Car -1 -1 -1.826584 1378.541260 645.833801 1679.549927 877.007629 0.600584 1.395054 4.237497 4.884338 1.965976 24.821237 -1.632286 3.351256
Car -1 -1 -1.379066 121.136581 646.389343 409.869751 889.163452 0.603908 1.466859 4.250122 -6.061661 1.995486 24.313022 -1.623402 3.837714
Car -1 -1 -1.701785 983.110229 595.919128 1226.134399 844.408630 0.839687 1.576084 4.236836 1.133024 1.783936 25.578486 -1.657518 3.611683
Car -1 -1 -1.528248 593.310486 585.533020 835.466675 839.357788 0.855003 1.822631 4.265226 -2.283545 1.722194 25.569699 -1.617318 1.911737
Car -1 -1 -0.723374 678.017822 150.829376 846.081360 227.112717 1.407314 1.774988 4.029169 -5.509825 -8.367419 73.759545 -0.797935 1.564157
Car -1 -1 3.118842 584.969177 194.497803 813.544250 277.845276 1.325334 1.877175 4.557197 -6.103228 -5.963746 61.950234 3.020640 1.936250
Car -1 -1 0.245475 26.450695 268.722534 325.593048 370.034119 1.255090 1.870130 4.529891 -14.365719 -3.337064 50.073423 -0.033914 3.199106
Car -1 -1 3.080260 926.612854 173.744461 1137.767822 249.734146 1.351635 1.855049 4.565323 1.452009 -6.839550 65.293028 3.102494 1.709459
Car -1 -1 2.830087 1474.924194 172.826477 1666.877930 247.258606 1.334376 1.842842 4.010098 14.566918 -7.098280 67.205872 3.043536 1.373367
Car -1 -1 2.958596 1078.856201 203.175858 1335.910522 295.203796 1.285447 1.867182 4.603913 4.912444 -5.333522 58.287069 3.042678 1.804879
Car -1 -1 -0.226927 406.414856 176.877777 614.649048 252.065109 1.231120 1.836144 4.294934 -11.215063 -7.053880 67.095905 -0.392546 1.777828
Car -1 -1 3.067637 803.214111 233.285400 1063.388062 327.753845 1.159115 1.891006 4.680801 -0.783309 -4.512494 55.230699 3.053456 1.493857
Car -1 -1 1.780354 259.253387 119.703781 344.052673 182.087448 1.292345 1.417043 4.259239 -20.703302 -11.012682 85.730397 1.543397 1.091542
Car -1 -1 1.740550 377.577728 118.444138 455.649109 181.668930 1.273789 1.374719 4.251959 -16.988182 -10.972624 85.083051 1.543476 1.087099
Car -1 -1 -3.092185 211.226242 231.368393 437.218079 320.763672 1.272955 1.842648 3.925658 -12.731898 -4.460281 54.445751 2.961283 1.059726
Car -1 -1 1.798317 132.110168 117.592865 223.443924 186.673248 1.508988 1.605294 4.293320 -24.190471 -10.730848 84.653375 1.519976 0.945791
Car -1 -1 1.848073 9.018857 117.135551 107.926285 181.026001 1.403753 1.610273 4.238747 -28.340946 -11.073193 86.186412 1.530378 0.940236
Car -1 -1 -3.020684 202.299484 176.349243 445.193024 271.547424 1.541937 1.890949 4.528130 -14.404933 -6.110309 62.101185 3.034573 1.524518
Car -1 -1 -0.152275 105.569115 187.545273 289.056335 267.312378 1.318950 1.885201 3.578478 -17.983248 -6.403580 64.484234 -0.424243 0.645255
Car -1 -1 1.829692 75.367607 104.913811 158.531021 165.327850 1.466833 1.331190 4.267629 -28.554214 -12.340646 92.569540 1.530490 0.730409
Car -1 -1 3.027675 1259.590698 160.016769 1449.560669 241.168396 1.520579 1.895401 4.103092 9.210232 -7.197581 67.065891 -3.119033 1.042843
Car -1 -1 -1.515684 502.358856 836.699829 854.989868 1078.430420 1.290506 1.874871 4.234717 -1.851943 3.809984 18.790071 -1.613927 2.817349
Car -1 -1 2.944760 1222.872070 218.109879 1460.856079 322.137634 1.430701 1.870322 4.336036 7.385304 -4.576777 55.166070 3.077843 1.875991
Car -1 -1 1.755982 318.064880 92.405396 391.993317 156.730850 1.532207 1.583408 4.256047 -20.714263 -12.724045 93.209443 1.537302 0.697771
Car -1 -1 1.779627 230.370789 89.322601 306.192780 144.064529 1.399498 1.409341 4.280279 -24.850043 -13.729610 97.943210 1.531152 0.501399
Car -1 -1 -1.923568 1574.673340 903.917175 1918.849609 1080.000000 0.882369 2.056818 4.277406 6.000072 4.052513 19.640664 -1.627080 2.757731
Car -1 -1 1.698414 411.003693 102.471046 478.885559 157.744522 1.267038 1.378248 4.253680 -17.444073 -12.526458 92.206031 1.511438 0.775899
Car -1 -1 1.839031 69.755035 67.245171 136.038620 114.420525 1.466906 1.434395 4.246341 -36.697190 -17.589097 117.262122 1.535736 0.375202
Car -1 -1 1.861541 14.714935 78.907730 87.320450 126.166695 1.257144 1.250936 4.251206 -35.704295 -15.724638 107.492463 1.540850 0.520407
Car -1 -1 1.705570 440.134766 86.643555 504.713379 138.542953 1.388408 1.526659 4.248797 -17.984542 -14.218313 100.060653 1.527733 0.688490
Car -1 -1 1.793132 181.169632 105.173813 259.626129 165.131927 1.348102 1.337836 4.266700 -24.717334 -12.223369 91.339532 1.528852 0.722783
Car -1 -1 1.688763 470.386505 75.726074 526.224792 121.197403 1.212766 1.448616 4.252177 -18.467332 -16.021467 108.286583 1.519847 0.541599
Car -1 -1 2.763074 1813.277100 196.454941 1917.072876 277.526367 1.265361 1.858236 4.154082 21.710233 -6.015197 61.976303 3.100015 0.429146
Car -1 -1 1.894946 0.384212 97.878433 39.419468 139.131973 1.185095 1.287993 4.269538 -35.494063 -14.468816 102.166682 1.560578 0.286486
Car -1 -1 1.777751 252.733643 58.764492 312.267303 101.235901 1.319661 1.388266 4.265662 -29.476538 -18.352512 118.942042 1.534823 0.406713
Car -1 -1 -1.614815 983.724609 7.564270 1018.631409 36.994545 1.333390 1.758273 4.246676 1.885040 -30.777517 175.327648 -1.604064 0.216673
Car -1 -1 1.717210 389.191010 65.818527 449.014465 113.744431 1.297618 1.508505 4.245646 -21.882258 -16.545801 109.802643 1.520500 0.263780
