Car -1 -1 1.843352 249.432358 216.181839 344.455780 296.765472 1.881314 1.465459 4.914228 -21.350755 -8.813978 72.796979 1.558061 0.629656
Car -1 -1 1.928877 27.886698 263.683624 135.059998 330.274658 1.280799 1.309816 4.238628 -25.450930 -6.936015 64.969558 1.555515 1.289263
Car -1 -1 1.873007 165.900879 258.566376 265.991150 322.790527 1.273081 1.432950 4.220429 -21.938619 -7.284697 66.387337 1.553841 1.493381
Car -1 -1 1.827867 307.266449 253.596832 400.937225 318.270325 1.309696 1.487232 4.243441 -17.959864 -7.491890 67.191184 1.566678 1.585286
Car -1 -1 1.767981 429.599518 210.333344 499.632019 258.595398 1.286290 1.568162 4.231802 -17.933656 -11.199087 82.691234 1.554413 0.869301
Car -1 -1 1.731090 527.788330 168.464752 579.517822 211.323013 1.585054 1.679724 4.248859 -18.686230 -16.386252 105.879788 1.556403 0.662908
Car -1 -1 1.790834 379.850067 230.440140 456.325623 288.199158 1.315421 1.442883 4.223607 -17.633350 -9.148660 73.983033 1.556856 1.212093
Car -1 -1 1.871646 171.779037 227.533157 261.720184 283.489502 1.355821 1.564143 4.252084 -25.398706 -9.670793 76.935507 1.552781 1.468925
Car -1 -1 1.785598 405.577484 173.748627 472.055908 226.063202 1.750878 1.621713 4.547375 -21.985598 -14.274927 95.991603 1.560445 0.432645
Car -1 -1 1.712147 581.068298 158.108566 625.678589 193.273804 1.396857 1.684980 4.235530 -18.393354 -19.433626 119.581520 1.559529 0.599455
Car -1 -1 1.805230 351.231689 204.520935 420.307556 251.536819 1.248457 1.468548 4.227376 -22.078657 -12.113133 87.296139 1.557508 0.757030
Car -1 -1 -1.736975 1247.785767 197.417007 1310.047852 241.300171 1.351840 1.834964 4.215053 14.040369 -13.007445 91.196708 -1.584218 0.704163
Car -1 -1 1.850839 247.477951 194.394974 331.527679 256.062500 1.679861 1.652166 4.438488 -25.371026 -11.717717 85.517248 1.562433 0.446765
Car -1 -1 1.740250 522.140076 157.968491 565.544250 189.202347 1.331170 1.592670 4.222608 -21.712692 -19.561356 119.790971 1.560942 0.505078
Car -1 -1 1.822384 310.240631 217.222992 380.718414 264.706726 1.081391 1.235381 4.250508 -21.553757 -10.574305 79.633025 1.558054 0.521009
Car -1 -1 1.686311 608.716187 128.008209 642.410828 155.320160 1.483581 1.822831 4.222896 -23.432553 -28.968904 162.512099 1.543108 0.236718
