Car -1 -1 2.698767 1193.880737 318.395020 1452.485962 445.413605 1.792048 1.895220 4.373004 7.290107 -2.769952 44.030873 2.862847 4.211724
Car -1 -1 -1.327537 404.138489 646.878906 644.708191 846.882507 0.603964 1.348779 4.230046 -4.589104 1.956873 23.348984 -1.521607 2.716354
Car -1 -1 2.788764 1527.095581 278.298065 1748.635376 399.512848 2.013331 1.919707 4.125341 15.200502 -3.982077 49.236803 3.088204 3.667341
Car -1 -1 1.883885 323.610962 253.223663 422.818268 318.896698 1.226979 1.345838 4.281378 -17.374758 -7.352569 64.396618 1.620352 1.439447
Car -1 -1 1.954775 222.609848 251.138977 334.435699 317.677521 1.241040 1.436000 4.457484 -20.709017 -7.609846 66.047031 1.650934 0.919720
Car -1 -1 -1.259821 109.426117 867.135925 550.099487 1079.078735 0.934157 1.912626 4.208001 -4.767908 3.915866 17.282318 -1.529008 2.807067
Car -1 -1 1.779030 624.067261 179.540512 681.742615 222.231277 1.267240 1.514340 4.251769 -13.381397 -14.433630 94.035801 1.637678 0.743209
Car -1 -1 -1.786707 1412.081421 863.493835 1820.582275 1077.783813 1.094424 1.799754 4.182330 5.193070 4.224475 18.206436 -1.508852 2.345008
Car -1 -1 1.846524 334.750519 205.027725 418.191254 270.916992 1.672698 1.345158 4.621297 -20.213419 -10.090995 75.492263 1.584905 0.702074
Car -1 -1 -1.615329 1043.904053 797.361938 1245.399902 1019.722290 0.462320 1.553097 4.134424 1.690766 3.180982 21.386978 -1.536437 4.312336
Car -1 -1 1.847920 395.355499 207.758316 482.174438 282.074921 1.690442 1.370759 4.719440 -17.872565 -9.693647 74.314971 1.611904 0.238911
