Car -1 -1 -1.740881 1254.694458 591.795898 1492.122559 798.553772 1.015975 1.631860 4.470248 4.100755 1.813899 30.679694 -1.608006 1.996268
Car -1 -1 -1.376608 216.327881 639.467163 481.146637 841.181030 0.876153 1.651229 4.246426 -6.512714 2.101535 28.639310 -1.600210 3.295861
Car -1 -1 -1.587495 914.835205 635.040833 1099.436646 824.421875 0.852417 1.690476 4.259000 0.126552 2.037600 29.508990 -1.583206 2.142701
Car -1 -1 -1.493466 537.672852 669.449463 775.717712 879.290649 0.815692 1.887050 4.285365 -3.248045 2.322455 27.675747 -1.610292 2.111910
Car -1 -1 3.032072 1104.582520 281.365021 1319.817017 370.222443 1.698790 1.950061 4.714936 5.347004 -4.525989 67.472001 3.111154 2.019893
Car -1 -1 -2.976372 118.716232 301.019012 321.050995 373.658234 1.337362 1.878302 4.227540 -18.448724 -4.378817 66.675893 3.036875 2.198505
Car -1 -1 3.132208 591.731018 308.885468 810.126221 389.961548 1.388549 1.868058 4.635955 -6.683002 -3.905405 64.131355 3.028374 2.637319
Car -1 -1 -1.611131 903.683228 854.461609 1180.083374 1078.953613 0.985451 1.801846 4.259004 0.301695 3.760306 21.651447 -1.597198 3.202826
Car -1 -1 -1.797787 1359.621216 836.706177 1753.762817 1078.416870 0.994999 1.907164 4.430316 4.356283 3.715195 22.318727 -1.605026 2.554642
Car -1 -1 2.744678 1677.435669 305.320160 1916.448364 400.517822 1.648954 1.909476 4.536028 18.351575 -3.639828 63.128594 3.027583 1.130737
Car -1 -1 2.866381 1598.712280 307.104279 1799.427124 380.150146 1.299571 1.873752 4.181003 17.467984 -4.367426 68.245153 3.116960 0.617355
Car -1 -1 1.688388 508.977783 220.935181 573.193176 271.059113 1.292401 1.700695 4.247210 -16.105666 -9.992947 99.416530 1.527782 0.571594
Car -1 -1 -2.034544 1224.292480 182.759613 1295.363159 218.250031 1.266148 1.496902 4.235212 13.110967 -15.884988 135.210958 -1.937879 0.237904
