Car -1 -1 -1.120090 1720.868286 410.151794 1922.787598 584.543945 1.853904 1.894913 4.834706 14.737838 -0.353147 36.280875 -0.734238 2.640367
Car -1 -1 -1.809605 1454.277466 773.178894 1758.015137 1030.412964 0.556114 1.506546 4.282095 5.681253 2.986942 20.054229 -1.533544 3.589600
Car -1 -1 -1.407103 468.260101 635.421509 712.914917 852.393433 0.817290 1.685702 4.255382 -3.915533 2.010065 23.253215 -1.573925 4.376764
Car -1 -1 -1.511577 739.163879 737.869385 967.596924 986.931030 0.575046 1.689158 4.259341 -0.966776 2.659085 20.020657 -1.559829 4.054281
Car -1 -1 3.138453 798.471436 263.976562 962.179871 323.607361 1.392356 1.841872 4.585753 -2.789977 -7.385775 67.185004 3.096951 1.812770
Car -1 -1 2.972042 1423.809814 261.110382 1558.900757 334.404419 1.794242 1.793951 3.296707 15.802889 -6.971986 66.179930 -3.076746 1.639041
Car -1 -1 -2.797649 1194.213257 243.263321 1318.166016 294.568634 1.271674 1.842061 3.761630 10.426811 -9.766714 79.403486 -2.667082 1.265575
Car -1 -1 2.963458 1481.799194 253.945465 1621.226685 317.164551 1.624474 1.864403 3.876745 18.387241 -7.771496 69.383328 -3.060673 1.150027
Car -1 -1 3.123600 903.829590 256.190674 1043.620239 312.609833 1.427807 1.854486 4.069580 0.085503 -8.031449 70.399790 3.124815 1.325837
Car -1 -1 2.751849 1765.223511 284.956635 1920.375610 353.122955 1.450457 1.827658 4.097603 24.901892 -6.008435 61.471486 3.136741 0.934421
Car -1 -1 -3.078407 0.000000 216.378189 122.080078 293.096191 2.011306 1.939826 5.004702 -32.854011 -9.540028 76.886216 2.800956 0.361430
Car -1 -1 1.692921 620.152222 199.143814 680.116943 250.910889 1.635785 1.872862 4.291139 -13.711316 -13.249417 93.808219 1.547786 0.609085
Car -1 -1 1.662548 687.763123 204.402054 744.040588 258.024658 1.613109 1.727806 4.443587 -10.686180 -12.729776 91.838931 1.546711 0.472194
Car -1 -1 1.643231 711.785278 194.173676 757.093445 237.016174 1.447370 1.668416 4.253358 -11.046823 -15.111264 102.800064 1.536182 0.619965
Car -1 -1 0.193359 1299.249023 157.053711 1374.730957 188.320694 1.547158 1.838824 4.060732 23.312055 -23.185275 138.960650 0.359572 0.120854
Car -1 -1 1.658473 736.731262 192.264633 777.232605 227.267014 1.257612 1.521439 4.258546 -10.348604 -16.015058 106.528576 1.561633 0.329741
