Car -1 -1 0.260881 1224.978394 364.811859 1430.431519 463.916046 1.309863 1.787515 3.286014 6.690136 -1.462552 41.913698 0.419163 3.448120
Car -1 -1 -1.436867 1358.265015 617.959473 1559.966553 825.800903 0.742634 1.464980 4.224370 5.263982 2.197191 23.622362 -1.217611 2.122993
Car -1 -1 -0.015514 1606.736450 293.933105 1848.273804 383.437561 1.205350 1.891261 4.419472 15.867958 -3.270938 46.683610 0.312139 3.833111
Car -1 -1 0.234235 1174.157837 278.267059 1369.023682 357.813690 1.359379 1.874204 4.288874 7.470751 -4.420196 55.678309 0.367615 2.802515
Car -1 -1 -1.177209 640.788696 645.920715 909.360657 838.991638 0.645234 1.226462 4.235467 -2.135937 2.432947 24.391758 -1.264555 3.197891
Car -1 -1 2.988274 1789.086426 179.513947 1916.542236 248.533890 1.379333 1.900985 4.619595 27.781336 -8.499688 67.581071 -2.904889 0.955464
Car -1 -1 -1.287676 998.448547 620.707886 1258.658203 874.067322 0.995361 1.302268 4.322189 1.680122 2.462258 22.786947 -1.214078 2.290284
Car -1 -1 0.466955 649.224670 320.856812 842.038879 405.142151 1.407479 1.868870 4.101854 -6.008697 -3.401184 56.613437 0.361215 2.732705
Car -1 -1 -3.107272 1595.113525 176.009644 1747.652588 243.302902 1.573246 1.913018 4.503191 23.515150 -9.473743 74.481117 -2.801457 2.394524
Car -1 -1 0.646267 162.067886 353.165558 329.890167 427.741180 1.369868 1.905628 3.740364 -20.737234 -3.054743 61.877634 0.322897 1.100583
Car -1 -1 0.529901 317.640015 402.471954 548.157043 485.882202 1.218551 1.926742 4.194464 -12.505857 -1.289664 50.149594 0.285514 2.272516
Car -1 -1 0.677776 122.405800 335.655273 273.314331 394.553284 1.266583 1.796655 3.819342 -25.339189 -4.426785 70.505025 0.332755 0.740972
Car -1 -1 -2.873630 850.783936 232.192337 978.683350 290.933167 1.490287 1.921940 4.064646 -2.437530 -8.848918 82.887393 -2.903029 1.135776
Car -1 -1 0.572311 452.108826 327.579224 620.376831 391.368896 1.178417 1.836176 3.892926 -13.163622 -4.181947 65.049032 0.372643 1.212858
Car -1 -1 -1.176745 541.506226 872.153137 1088.719849 1076.989136 1.017704 2.192229 4.591636 -0.977689 4.346562 16.924921 -1.234448 3.816326
Car -1 -1 -2.552227 500.807404 258.558258 638.633789 322.751526 1.721488 1.938947 4.292798 -15.879320 -7.863430 84.341351 -2.738323 0.767938
Car -1 -1 0.583005 357.838776 356.621124 540.150940 432.534973 1.247720 1.853863 3.675238 -13.901617 -2.710997 57.225463 0.344694 1.454272
Car -1 -1 -1.435069 1125.357788 875.636780 1511.051514 1079.660034 1.002855 1.917253 4.649198 2.706678 4.209224 16.156879 -1.269085 2.944841
Car -1 -1 -2.464830 186.499939 289.558899 304.388794 335.403259 1.257340 1.888135 3.743373 -31.037814 -8.033434 92.565276 -2.788356 0.882858
Car -1 -1 -0.994698 6.088690 853.909119 688.970764 1080.000000 1.189709 2.736956 4.764751 -4.781204 4.547221 17.640232 -1.259379 4.264565
Car -1 -1 0.620103 279.614105 324.385406 432.108459 386.717377 1.302248 1.875887 3.799985 -19.947282 -4.656052 69.962215 0.342358 1.482453
Car -1 -1 1.727561 1302.643555 168.358337 1354.693481 207.246979 1.273317 1.623571 4.254666 16.634656 -14.781522 104.724837 1.885086 0.613880
Car -1 -1 1.777899 1265.392822 158.426331 1317.362915 199.700760 1.452254 1.640307 4.262134 15.989356 -16.333427 113.148930 1.918282 0.478522
Car -1 -1 1.648897 1438.959106 157.106430 1484.971680 197.006088 1.246347 1.607550 4.268414 22.800987 -15.131226 103.881143 1.864962 0.586983
Car -1 -1 1.915565 1076.359497 179.651932 1146.790527 226.439972 1.559785 1.619901 4.331313 6.529234 -14.593752 109.450930 1.975149 0.200570
Car -1 -1 1.687899 1361.169434 163.232361 1406.276611 203.449661 1.175849 1.338104 4.264582 18.862858 -14.728001 102.812083 1.869351 0.394519
Car -1 -1 -2.335989 3.811116 284.118866 77.126701 323.440491 1.223805 1.863483 3.730056 -46.034402 -9.715938 105.681076 -2.746802 0.133927
Car -1 -1 1.661320 1457.601807 120.845421 1492.426147 149.479736 1.373908 1.671868 4.240964 31.068449 -22.794814 138.165264 1.882505 0.318515
Car -1 -1 -2.703510 600.436096 241.998840 696.765564 281.917023 1.039203 1.883359 3.884404 -15.167437 -11.000800 99.934274 -2.854135 0.248914
Car -1 -1 -2.501856 348.351959 258.229462 437.156006 293.393372 1.009467 1.833791 3.309543 -26.712406 -10.413789 99.388262 -2.764419 0.263110
Car -1 -1 1.597268 0.810847 357.877167 48.493549 420.106995 1.474311 1.596549 3.047106 -30.848938 -3.443948 68.561608 1.174460 0.104202
Car -1 -1 -1.593664 1825.870605 97.589111 1860.710083 126.483627 1.201396 1.672302 4.225171 54.474016 -24.349124 138.729504 -1.219498 0.257409
Car -1 -1 1.662138 1475.931152 134.455475 1514.014526 166.972321 1.238223 1.550037 4.264242 26.923671 -18.067817 114.789644 1.892522 0.296999
Car -1 -1 1.697516 1370.278442 141.284592 1413.059937 175.762817 1.244965 1.583817 4.240598 21.997919 -18.137450 117.420623 1.882712 0.180405
