Car -1 -1 -1.530870 805.881531 451.100098 960.766235 649.044312 1.494130 1.888990 4.262041 -1.000159 0.173152 29.819510 -1.564398 4.600511
Car -1 -1 2.770848 1673.551514 198.893799 1859.377197 286.487274 2.110776 2.031300 4.488613 25.111901 -9.122533 68.283286 3.123257 2.563697
Car -1 -1 1.301972 813.084290 222.696198 912.516052 292.250214 1.284102 1.577475 4.324589 -2.895079 -8.297044 62.472130 1.255663 0.908448
Car -1 -1 2.858676 1476.914062 216.697983 1629.191772 272.007996 1.341541 1.849675 4.066507 19.436478 -9.970190 71.761403 3.123179 0.488976
Car -1 -1 2.881263 1416.217041 225.790466 1588.938843 283.167572 1.298178 1.873708 4.493532 16.778429 -9.108106 67.788682 3.123898 1.849512
Car -1 -1 0.391769 0.000000 263.704315 96.373215 338.096802 1.351899 1.832655 3.768966 -24.366922 -6.169078 55.146405 -0.024294 0.610215
Car -1 -1 -1.930463 1727.758789 157.150681 1805.668457 196.557358 1.205482 1.631666 4.296795 36.250462 -16.810308 98.197002 -1.576822 0.603125
Car -1 -1 -1.957480 1793.666870 147.951202 1870.283813 191.832840 1.378696 1.441190 4.248360 39.148624 -17.004142 98.153436 -1.577965 0.512797
Car -1 -1 -1.897700 1656.957642 151.233490 1736.848145 195.452896 1.439552 1.895957 4.297168 33.233315 -16.827869 98.359978 -1.571868 0.544530
Car -1 -1 1.572196 849.940857 117.278816 883.423828 149.766068 1.451392 1.744096 4.254799 -5.777700 -25.172509 132.191771 1.528516 0.431646
Car -1 -1 -1.571354 918.145203 92.437744 942.769958 115.374718 1.426783 1.755990 4.309393 -2.545969 -36.781478 180.005207 -1.585497 0.289196
Car -1 -1 2.711965 1883.056763 138.815704 1918.502563 165.754868 1.108252 1.853004 2.702173 53.627526 -22.342342 121.946358 3.126273 0.061028
