Car -1 -1 2.813392 1758.461548 318.242798 1917.422729 421.528381 1.589926 1.904180 4.330621 19.331292 -3.005717 58.737294 3.131341 1.256966
Car -1 -1 1.726166 382.033173 222.877151 463.595886 305.998016 1.785260 1.578017 4.251154 -16.091115 -7.203150 80.622257 1.529168 0.579290
Car -1 -1 2.885365 1492.859985 308.096375 1697.540161 393.881775 1.538992 1.835286 3.662407 14.205199 -3.670483 62.708456 3.108133 0.403119
Car -1 -1 2.893523 1410.216553 329.436951 1654.724121 412.747742 1.286468 1.881392 4.412481 11.994539 -3.193156 59.750989 3.091632 1.682200
Car -1 -1 2.782068 1742.246582 266.876251 1917.767578 377.359894 1.875195 1.930794 4.929626 20.899371 -4.187451 64.337499 3.096155 0.856724
Car -1 -1 2.929423 1388.001221 284.955597 1591.649902 363.212128 1.556490 1.871634 4.429740 12.859019 -4.696859 68.855101 3.114051 1.106072
Car -1 -1 -1.552560 709.038513 177.572861 754.976257 230.577637 1.673927 1.654216 4.386469 -10.023077 -12.976932 114.282392 -1.640041 0.357447
Car -1 -1 1.676310 449.898804 224.026566 519.672729 280.513855 1.267142 1.557703 4.247785 -15.945339 -8.782014 90.038104 1.501032 0.681774
Car -1 -1 -1.581055 792.781189 115.909927 821.938049 141.255966 1.451695 1.795906 4.229928 -12.691440 -29.916671 209.566337 -1.641542 0.183770
Car -1 -1 -2.045997 1512.742554 165.179611 1587.752563 205.197617 1.516906 1.871478 4.240539 27.807173 -16.175142 133.490362 -1.840625 0.130513
