Car -1 -1 -1.621545 1039.682739 742.798279 1263.854492 989.559875 0.495095 1.615566 4.270269 1.641040 2.700748 20.272225 -1.540771 4.881241
Car -1 -1 -2.027483 1217.748779 242.205063 1340.498291 307.620270 1.347383 1.402275 4.371540 9.424453 -7.733708 65.336995 -1.884227 1.044696
Car -1 -1 -1.478881 729.759155 609.739197 954.456177 912.588379 1.197595 1.633192 4.866699 -1.084336 2.186103 21.677344 -1.528861 1.514381
Car -1 -1 -2.880921 24.480471 349.221649 273.964081 442.402039 1.361878 1.872556 4.166583 -16.468952 -2.705158 44.389221 3.046995 3.865232
Car -1 -1 1.840817 425.677948 238.153503 530.591858 311.539368 1.423139 1.653834 4.534863 -14.525768 -7.718082 65.422591 1.622331 1.005339
Car -1 -1 1.916108 219.589066 226.346329 329.157471 313.746918 1.739706 1.181210 5.072628 -20.845105 -7.785461 66.176236 1.610952 0.834958
Car -1 -1 -1.580528 1071.477295 183.803940 1123.910156 231.398315 1.310580 1.802802 4.237887 5.544680 -13.573063 90.397261 -1.519268 0.711508
Car -1 -1 1.880862 338.368713 245.052124 439.285278 311.407074 1.256271 1.566535 4.339132 -17.287553 -7.737756 65.732053 1.623686 1.231522
Car -1 -1 1.778461 587.436279 185.394516 652.940735 236.492630 1.470603 1.566528 4.251682 -13.775104 -12.986640 87.873611 1.622966 0.907373
Car -1 -1 -1.440321 959.355347 216.252380 1028.903076 277.095581 1.337681 1.755399 4.253927 1.089859 -9.773572 74.290289 -1.425652 0.666542
Car -1 -1 1.896734 317.478241 213.481857 411.650208 277.661835 1.522714 1.498463 4.276447 -20.445843 -9.762460 74.645169 1.629384 0.822504
Car -1 -1 1.803010 497.000305 220.263367 570.991943 277.492615 1.283563 1.285079 4.235826 -14.374430 -9.547479 73.036716 1.608683 1.143376
Car -1 -1 -1.565218 1005.969299 157.370407 1048.552612 196.099319 1.345962 1.848074 4.268037 3.087516 -17.261403 105.186447 -1.535874 0.628566
Car -1 -1 1.820685 506.685760 170.897781 567.503418 214.619125 1.442009 1.439797 4.261648 -19.137475 -15.287553 97.718817 1.627291 0.541135
Car -1 -1 1.829960 430.629150 219.269608 508.329193 269.687439 1.192804 1.420556 4.234160 -16.970484 -9.936135 74.722175 1.606634 0.702116
Car -1 -1 -1.578926 1035.441284 95.418076 1059.255859 117.485672 1.418249 1.718305 4.247857 6.961580 -35.977049 182.453219 -1.540789 0.280128
Car -1 -1 1.720896 734.254517 115.299576 770.559509 140.622452 1.358568 1.746296 4.226732 -15.498665 -30.204925 161.349425 1.625134 0.142677
