Car -1 -1 2.914773 504.639740 382.744415 785.526550 491.539581 1.253710 1.924750 4.696557 -5.730689 -1.791199 42.490047 2.780710 4.463222
Car -1 -1 -1.651157 959.180603 714.292053 1188.262695 977.020020 0.851971 1.725742 4.228437 1.166391 2.850256 21.425997 -1.596772 4.119910
Car -1 -1 3.022306 1035.274048 317.315125 1260.574463 423.964569 1.788662 1.966288 4.595265 4.607765 -3.279044 49.098207 3.115880 3.041501
Car -1 -1 1.804492 331.169891 247.591095 406.694946 311.220978 1.371073 1.175710 4.130011 -17.971173 -7.860650 68.837148 1.549124 0.240084
Car -1 -1 1.876534 164.508163 247.492218 267.411713 321.234955 1.531591 1.469400 4.236249 -22.077266 -7.396619 66.845430 1.557540 1.063272
Car -1 -1 0.018997 203.347473 361.442505 458.324799 459.428925 1.327918 1.842442 4.372089 -12.357627 -2.359350 44.463397 -0.252089 3.131824
Car -1 -1 1.938142 20.558420 261.543091 132.203308 332.264740 1.394744 1.411971 4.233683 -25.351085 -6.807667 64.327327 1.562737 1.135196
Car -1 -1 2.609479 0.000000 392.313416 199.906815 574.764893 1.860455 1.939961 4.718479 -15.479905 -0.498909 37.034887 2.213568 2.094644
Car -1 -1 -2.973281 168.908966 348.056030 408.357361 435.359863 1.285700 1.872153 4.325487 -14.254005 -3.044693 47.631180 3.019128 0.803859
Car -1 -1 -1.649642 1000.412231 161.646622 1040.862915 195.708435 1.318566 1.774156 4.268691 4.315041 -19.108449 118.321800 -1.613189 0.649567
Car -1 -1 -1.605371 933.413696 130.996536 963.098816 156.160431 1.342218 1.842392 4.241718 0.511993 -27.548819 154.997031 -1.602067 0.414787
