Car -1 -1 1.790776 223.941696 507.119904 418.591400 671.308411 1.282763 1.504605 4.225756 -9.151323 0.733209 38.029036 1.554625 3.405004
Car -1 -1 1.848286 117.424637 339.241760 270.988251 460.758301 1.686042 1.415453 4.873523 -16.332025 -2.672435 56.825964 1.568425 1.319268
Car -1 -1 -1.760884 1304.265747 737.039124 1552.566528 961.103821 0.835151 1.472547 4.219407 4.159712 2.866163 27.066932 -1.608394 3.190826
Car -1 -1 -1.499384 613.501953 842.868591 868.833801 1079.102905 0.991828 1.743113 4.243825 -2.011121 3.724998 23.221428 -1.585775 4.026037
Car -1 -1 1.417411 666.365601 281.370026 758.530518 359.470245 1.441452 1.699973 4.250449 -7.518030 -5.811507 73.639252 1.315671 0.986302
Car -1 -1 -1.668645 1035.056641 805.027771 1321.740234 1078.542603 1.317078 1.838295 4.461674 1.477508 3.774220 23.640960 -1.606228 1.838849
Car -1 -1 -1.727074 1310.970825 268.653778 1401.571167 333.920715 1.447213 1.847046 4.258966 10.814990 -7.132021 82.415728 -1.596595 0.773258
Car -1 -1 -1.609333 1015.514587 201.589035 1066.209961 252.437119 1.612456 1.894784 4.258082 1.957272 -12.850128 113.341532 -1.592066 0.660442
Car -1 -1 -1.603843 1010.795776 179.760071 1053.985352 217.478256 1.391225 1.843536 4.230190 1.890973 -16.626878 133.003793 -1.589627 0.551566
Car -1 -1 1.641362 715.096924 166.834747 752.320129 198.433426 1.363107 1.621847 4.237102 -13.746500 -19.285271 146.954900 1.548091 0.405509
Car -1 -1 -1.623343 1092.200684 138.010635 1129.217651 172.025467 1.762256 2.050436 4.279009 7.743149 -25.652099 182.606319 -1.580965 0.156160
Car -1 -1 1.655882 686.940796 139.207886 719.441589 166.033646 1.483795 1.780605 4.239509 -19.833723 -26.944306 189.262099 1.551468 0.224159
