Car -1 -1 1.712865 526.556396 284.812744 617.277161 370.676178 1.643751 1.636699 4.252022 -10.894450 -5.372261 71.889877 1.562465 1.127299
Car -1 -1 -1.516621 688.192993 701.761047 895.210693 902.859619 0.770779 1.759515 4.260902 -1.983795 2.512378 28.378099 -1.586413 2.279140
Car -1 -1 1.790757 282.829346 284.314453 392.883392 368.874390 1.595729 1.734121 4.293026 -17.183628 -5.500536 72.687484 1.558615 0.943235
Car -1 -1 -1.613259 1106.927368 322.685699 1216.103271 449.229034 1.901284 1.924148 4.343185 3.592675 -3.019925 59.595914 -1.553048 1.294794
Car -1 -1 1.661823 656.812500 293.089935 738.637695 375.564575 1.502072 1.598372 4.235578 -7.516812 -5.204121 70.836250 1.556104 1.257777
Car -1 -1 1.698242 568.356323 234.268921 659.608398 332.432770 2.179535 1.848217 4.757192 -11.074043 -7.172903 81.225578 1.562740 0.337180
Car -1 -1 -1.586052 1033.392456 222.019363 1085.369873 272.736725 1.426422 1.732538 4.263505 2.495618 -10.990674 102.974079 -1.561821 0.800764
Car -1 -1 1.759694 404.583771 295.517761 501.878296 365.631744 1.270901 1.621892 4.243190 -14.179722 -5.577536 72.939763 1.567686 1.051267
Car -1 -1 1.756013 373.822815 261.034058 456.508270 327.976349 1.341536 1.443574 4.236076 -17.230362 -7.390809 82.659267 1.550506 1.193816
Car -1 -1 1.656553 691.947571 237.764114 763.591492 314.661041 1.836715 1.767360 4.243334 -8.342392 -8.202923 87.584577 1.561590 0.755034
Car -1 -1 -1.546494 873.164734 175.577499 913.358643 210.851959 1.419899 1.755974 4.257403 -4.984035 -17.641922 138.669366 -1.582420 0.606682
Car -1 -1 -1.567588 944.424866 167.986130 981.842712 205.927017 1.532992 1.741844 4.244620 -1.527109 -18.454219 143.005515 -1.578266 0.527334
Car -1 -1 1.743306 466.875702 273.316467 546.031677 337.298370 1.312865 1.461163 4.248953 -13.982408 -6.824735 79.693637 1.569622 1.286522
Car -1 -1 -1.591297 1032.505981 195.478668 1078.091675 236.266235 1.358914 1.805234 4.243626 2.688459 -14.030114 118.180373 -1.568552 0.545339
Car -1 -1 1.695208 583.692383 198.867416 646.270386 253.681015 1.561789 1.697926 4.250195 -14.878828 -12.412569 109.108823 1.559677 0.489475
Car -1 -1 -1.424690 1059.695557 173.022873 1105.067749 208.223358 1.349109 1.657328 4.235881 4.614104 -18.080017 140.726577 -1.391914 0.298764
Car -1 -1 -1.558779 895.111694 153.939468 929.965210 185.882797 1.445894 1.830939 4.241997 -4.655981 -21.970367 161.789600 -1.587549 0.329567
Car -1 -1 1.620100 798.560486 139.826492 831.701538 171.270813 1.640287 1.834003 4.256608 -11.199171 -24.542672 174.673940 1.556073 0.306950
Car -1 -1 -1.538401 1098.843506 150.609390 1137.071289 179.813217 1.476914 1.867605 4.235267 7.923532 -24.308034 176.547627 -1.493551 0.103382
Car -1 -1 -1.550745 890.130554 140.234955 919.920349 165.854782 1.425416 1.772836 4.225027 -5.741508 -25.636272 180.005021 -1.582630 0.160457
