Car -1 -1 1.881703 246.161743 264.817566 347.025513 341.610565 1.402533 1.326461 4.230683 -17.934818 -6.285779 61.048347 1.595962 1.539193
Car -1 -1 -1.598548 945.175171 299.445587 1023.357361 370.948730 1.162540 1.768353 4.214653 1.135562 -5.285313 58.468736 -1.579128 1.745464
Car -1 -1 -1.663054 1046.789673 246.317932 1124.661011 318.855591 1.563210 1.896383 4.249465 4.496154 -7.586465 68.203180 -1.597226 0.916326
Car -1 -1 1.923221 56.175110 254.698532 155.708389 325.138397 1.468241 1.157594 4.201547 -25.025512 -7.152743 65.773678 1.559655 1.223674
Car -1 -1 1.875687 93.283730 270.923492 212.185104 354.357361 1.497402 1.466779 4.435016 -21.792870 -5.938924 60.739575 1.531201 1.123600
Car -1 -1 1.745883 496.367523 186.698624 554.071472 229.683701 1.343869 1.591061 4.246639 -18.311127 -14.223468 96.483856 1.558329 0.824372
Car -1 -1 1.706749 609.614197 167.064636 662.709229 211.769669 1.628585 1.738194 4.263916 -14.908327 -16.631951 107.407363 1.568828 0.516434
Car -1 -1 1.745802 538.108521 171.801727 587.205811 211.174423 1.384359 1.543201 4.231730 -18.136883 -16.276644 105.020968 1.574791 0.632636
Car -1 -1 1.793779 346.253540 227.240433 430.786530 292.547058 1.520120 1.605510 4.253012 -18.463515 -8.970255 73.461651 1.547544 1.121621
Car -1 -1 1.865992 225.757172 242.636917 317.012604 305.156219 1.346053 1.502070 4.228688 -21.526860 -8.219842 70.445359 1.569422 1.251527
Car -1 -1 1.784484 421.247559 193.277283 495.099060 261.200073 1.893507 1.519142 4.793240 -17.892166 -10.965528 81.453054 1.568256 0.438604
Car -1 -1 1.859169 205.082428 221.002167 283.937683 274.055786 1.338516 1.484083 4.222982 -25.229640 -10.273430 79.539619 1.552012 0.498161
Car -1 -1 -1.548066 821.103149 253.459442 890.360107 315.928131 1.257913 1.818819 4.234837 -2.627012 -7.718609 68.467875 -1.586415 1.068720
Car -1 -1 1.817673 319.687103 188.110153 385.663452 234.356796 1.397875 1.519359 4.235499 -25.415288 -13.794115 94.668809 1.555392 0.615229
Car -1 -1 1.778493 374.458344 173.851044 435.959625 217.090271 1.547911 1.618904 4.238082 -25.221198 -15.740278 103.211238 1.538825 0.522724
Car -1 -1 1.739981 483.264557 161.723190 532.032593 197.975845 1.339576 1.479208 4.248853 -22.073344 -17.826972 111.301428 1.544201 0.528344
Car -1 -1 1.818193 330.595032 210.205673 402.204102 259.638641 1.298840 1.423961 4.243698 -21.976336 -11.362773 84.018593 1.562359 0.651266
Car -1 -1 1.786345 422.609741 165.498367 474.015259 201.846771 1.270135 1.519159 4.227465 -25.136921 -17.759747 111.786905 1.565160 0.554092
Car -1 -1 1.663826 660.586243 143.851028 694.854980 173.550873 1.437430 1.672695 4.250526 -16.071726 -22.752257 133.659533 1.544157 0.422267
Car -1 -1 1.715693 594.481506 129.932724 630.867615 158.214005 1.593963 1.677985 4.263471 -22.678111 -26.740749 151.616451 1.567218 0.233308
Car -1 -1 1.720849 519.618347 158.579834 566.418823 193.794067 1.356578 1.599791 4.264026 -21.294955 -19.234179 117.788564 1.541991 0.357351
Car -1 -1 1.720569 568.649902 161.724960 614.187134 198.478546 1.369712 1.612471 4.251827 -18.431335 -18.490275 115.226695 1.561955 0.506719
Car -1 -1 1.769269 440.978638 177.671417 501.646210 222.965714 1.438555 1.709785 4.228872 -21.391109 -15.030110 99.757834 1.558037 0.460187
Car -1 -1 -1.724986 1130.780273 132.591782 1165.163452 163.949875 1.447159 1.480151 4.264985 14.309472 -26.318759 150.406785 -1.630133 0.211268
