Car -1 -1 -1.377055 47.821297 698.885315 356.821503 968.732239 0.850574 1.623616 4.245987 -6.467372 2.563397 24.150702 -1.638708 2.676779
Car -1 -1 1.734167 257.462311 229.971817 350.723419 298.306854 1.213134 1.592620 4.236280 -17.778520 -6.942054 75.228683 1.502099 1.136857
Car -1 -1 1.785261 80.961685 234.852112 192.705292 322.465332 1.531703 1.659375 4.279511 -21.036530 -6.011927 70.985067 1.497154 1.139091
Car -1 -1 1.836787 0.000000 243.716095 79.341820 325.254425 1.402326 1.714770 4.255129 -24.528913 -6.064909 72.102773 1.508875 1.167028
Car -1 -1 1.761158 157.123581 262.801819 277.466125 347.651703 1.271046 1.783433 4.327699 -17.428902 -5.013808 65.207524 1.499980 0.938627
Car -1 -1 1.770132 183.223129 147.568741 248.310272 196.682800 1.515153 1.650249 4.267428 -31.036097 -14.406671 115.626591 1.507897 0.573904
Car -1 -1 1.742578 258.881226 157.566193 322.921204 202.962967 1.329949 1.701268 4.254628 -27.073007 -13.766316 112.232532 1.505878 0.760821
Car -1 -1 1.831385 26.497652 196.478195 115.879608 260.086487 1.410849 1.385099 4.266564 -28.586212 -9.334118 89.223389 1.521329 0.916743
Car -1 -1 1.707704 311.854309 210.744476 387.225525 273.094879 1.267955 1.435129 4.252012 -18.089766 -8.227994 82.136297 1.490924 0.919534
Car -1 -1 1.725574 362.738892 185.668228 427.274902 240.850876 1.334391 1.304505 4.236448 -18.759047 -10.117825 92.079827 1.524598 0.579461
