Car -1 -1 -1.368382 52.486137 818.100586 435.304840 1078.983032 1.092549 1.873344 4.253999 -5.986780 3.636949 21.999834 -1.634076 3.452406
Car -1 -1 1.769333 219.581635 203.443604 297.197540 262.977051 1.372374 1.493948 4.248887 -25.835000 -9.735944 94.556658 1.502620 0.763897
Car -1 -1 1.730887 308.798370 207.664566 394.362335 272.539276 1.530648 1.877929 4.266428 -21.459643 -8.905950 89.492902 1.495539 0.750478
Car -1 -1 -1.577776 884.167847 173.898605 926.250671 209.611816 1.281130 1.727251 4.250047 -5.319952 -15.720883 131.425689 -1.618233 0.500937
Car -1 -1 1.755048 309.690887 177.316635 374.460785 225.378952 1.414900 1.688011 4.237456 -26.290959 -12.381541 108.252156 1.516793 0.491302
Car -1 -1 1.785828 219.005081 166.953339 286.565918 218.241577 1.581569 1.557241 4.357309 -31.213061 -13.249260 113.335747 1.517087 0.456413
Car -1 -1 1.861458 51.058514 247.620148 162.331345 319.396393 1.346596 1.517891 4.261301 -24.707395 -6.374771 75.352384 1.544613 1.357182
Car -1 -1 1.725076 391.289001 165.897858 447.347717 207.344391 1.374723 1.697763 4.270341 -26.248911 -14.665288 121.752225 1.512733 0.564683
Car -1 -1 1.764363 313.966553 141.242706 369.465759 182.701599 1.506842 1.639672 4.247664 -33.969762 -17.990420 139.402779 1.525341 0.266215
Car -1 -1 -1.553559 808.679688 133.681229 840.071533 162.355484 1.417917 1.787803 4.242177 -12.193901 -23.599574 174.796067 -1.623206 0.189408
