Car -1 -1 -1.700452 1187.134277 505.368011 1350.055908 639.665344 0.988840 1.656497 4.320825 3.971215 0.374521 40.452592 -1.602596 1.613803
Car -1 -1 -1.395075 249.400101 823.790405 562.868347 1078.463013 1.120541 1.782089 4.240128 -4.899336 3.747931 23.784140 -1.598225 3.802568
Car -1 -1 1.402658 657.726868 288.640076 756.808899 360.806946 1.292664 1.800001 4.275746 -7.685888 -5.814193 73.996957 1.299161 0.753377
Car -1 -1 -1.615842 1071.039917 299.118530 1149.399658 369.231995 1.233716 1.767025 4.262170 3.065856 -5.475896 72.607520 -1.573642 1.540628
Car -1 -1 -1.536108 818.956177 310.379303 902.386047 398.269196 1.503212 1.767553 4.360740 -3.150309 -4.402020 66.972509 -1.583113 0.829037
Car -1 -1 -1.575981 946.737366 318.956512 1027.568481 393.216400 1.258096 1.779290 4.245463 -0.144784 -4.613512 68.437914 -1.578097 1.425515
Car -1 -1 -1.567042 935.239014 194.025055 980.797485 241.313278 1.542870 1.796179 4.256873 -1.462720 -13.890620 118.323088 -1.579404 0.763939
Car -1 -1 -1.582017 1022.726807 190.624313 1069.052246 233.622681 1.507169 1.823269 4.254311 2.349615 -14.623786 122.319981 -1.562811 0.735330
Car -1 -1 -1.615704 1051.718262 257.142212 1114.275635 312.807098 1.277703 1.699551 4.259202 2.870805 -8.221431 87.907288 -1.583059 1.096390
Car -1 -1 -1.574523 990.682983 136.843231 1019.178345 162.247101 1.473912 1.768005 4.250409 0.927491 -27.829677 193.851441 -1.569738 0.289319
Car -1 -1 -1.564331 961.009216 168.634796 1000.836792 205.999435 1.565540 1.789338 4.269158 -0.582839 -17.973004 139.720707 -1.568502 0.401060
Car -1 -1 1.635602 726.399536 220.150345 787.272339 278.027283 1.567202 1.691213 4.253341 -8.350554 -10.300086 98.078043 1.550665 0.896102
Car -1 -1 -1.561601 942.849304 132.964767 968.951904 156.510971 1.447038 1.693886 4.266796 -2.674977 -30.023108 206.400543 -1.574560 0.293963
Car -1 -1 -1.556675 882.267090 141.345810 912.274841 167.939148 1.416650 1.783208 4.244555 -6.366546 -26.067977 184.136452 -1.591236 0.404039
Car -1 -1 -1.599842 1087.406372 137.078644 1118.490845 164.022446 1.497840 1.891270 4.250727 7.889940 -27.845783 194.758310 -1.559352 0.186129
Car -1 -1 -1.515866 1084.425171 167.699997 1125.883423 197.592224 1.410861 1.774804 4.234500 6.247023 -20.001572 152.055102 -1.474805 0.168509
