Car -1 -1 0.106074 296.406677 423.208862 604.543213 549.879761 1.343942 1.857678 4.076563 -7.633375 -0.372578 41.484875 -0.075894 4.745432
Car -1 -1 -0.202726 1209.583252 430.872498 1536.088867 550.684570 1.306184 1.880585 4.296839 6.223926 -0.346197 42.543042 -0.057459 4.933637
Car -1 -1 -1.667153 920.519043 711.402100 1193.548096 1017.209106 0.914461 1.704589 4.745917 0.697996 2.786408 23.888961 -1.637943 2.875957
Car -1 -1 -1.824932 1308.348389 730.804199 1640.278320 1004.565430 0.784652 1.561500 4.417006 4.317082 2.800572 24.141037 -1.647975 3.694347
Car -1 -1 1.812372 0.719622 272.246490 120.456253 353.466705 1.223781 1.685732 4.239007 -21.082951 -4.834032 64.811448 1.497872 1.261482
Car -1 -1 1.788049 105.796753 243.720840 212.787491 314.488159 1.192345 1.517316 4.238670 -20.796987 -6.277702 72.096273 1.507211 1.249448
Car -1 -1 1.772885 181.209808 219.889572 269.846954 280.266449 1.184448 1.539092 4.240428 -21.494022 -7.936834 81.225956 1.514194 1.148445
Car -1 -1 1.786856 148.346100 190.418030 227.693024 245.134644 1.212634 1.492862 4.250632 -25.755437 -10.145832 92.680506 1.515801 0.969715
Car -1 -1 1.838713 0.244042 239.168488 73.041359 320.862915 1.449772 1.812225 4.277683 -24.426036 -6.131987 71.457743 1.509340 1.125657
Car -1 -1 1.751084 239.336823 198.486694 316.496521 254.519745 1.273827 1.496944 4.247146 -21.782040 -9.355399 88.522815 1.509815 1.004630
Car -1 -1 1.802334 28.093121 216.014038 131.467377 285.816132 1.359308 1.594400 4.235080 -24.984606 -7.561907 78.745382 1.495097 1.096270
Car -1 -1 1.722440 323.181458 161.598404 392.192474 215.343628 1.479602 1.660448 4.260542 -22.782372 -12.433874 104.774176 1.508330 0.720802
Car -1 -1 1.762373 210.980881 167.198578 280.625397 219.562744 1.437855 1.477308 4.268721 -26.490011 -12.050487 102.782832 1.510135 0.558017
Car -1 -1 1.801795 90.160248 209.634064 171.726837 266.823914 1.144455 1.358633 4.230446 -25.626919 -8.787484 85.961916 1.512065 0.627866
Car -1 -1 1.830637 0.057473 167.079147 44.941036 218.174789 1.385304 1.491887 4.252505 -37.381968 -12.894632 108.898355 1.499967 0.321511
Car -1 -1 1.742073 269.492981 183.480865 338.473694 235.430496 1.276402 1.389716 4.247966 -23.017642 -10.930739 97.375887 1.509954 0.464056
