Car -1 -1 -1.602986 948.509583 436.495667 1065.323975 550.815002 1.132055 1.676533 4.229797 0.202285 -0.829504 46.932151 -1.598676 2.223610
Car -1 -1 -1.752217 1090.723022 530.457886 1276.925537 674.997681 1.003640 1.636282 4.238118 2.625130 0.798157 38.976735 -1.684967 2.775426
Car -1 -1 -1.539067 751.824097 502.415649 905.324829 701.882080 1.562222 1.786832 4.647707 -2.167680 1.021290 37.261726 -1.597176 1.943894
Car -1 -1 -1.654867 997.718994 729.124939 1244.588379 982.237915 1.033304 1.822346 4.243623 1.130574 2.970978 26.702441 -1.612552 2.821734
Car -1 -1 -1.694584 1147.279175 438.850189 1279.579956 555.681946 1.123193 1.596496 4.258178 3.720436 -0.767939 47.096188 -1.615751 1.944148
Car -1 -1 -1.620743 1038.724731 296.870270 1129.242432 382.606812 1.565863 1.957573 4.268780 2.299250 -5.009887 70.586820 -1.588181 1.097167
Car -1 -1 -1.592065 953.501587 347.439911 1052.043945 439.006073 1.249084 1.828163 4.249505 0.197028 -3.172005 59.391435 -1.588748 1.261387
Car -1 -1 -1.716027 1302.704956 258.475372 1383.539429 324.352234 1.478879 1.767237 4.251088 10.773490 -7.655393 85.107487 -1.590110 0.825151
Car -1 -1 -1.576860 942.019653 223.643921 998.980530 282.326477 1.567100 1.828007 4.229148 -0.802733 -10.304678 99.103709 -1.584960 0.767160
Car -1 -1 1.664854 643.340576 293.425659 730.125732 380.212463 1.545962 1.666397 4.244246 -7.676306 -5.025016 69.659509 1.555099 1.042454
Car -1 -1 -1.381055 189.558731 834.383240 533.368958 1079.702271 1.226683 1.831963 4.239963 -5.076231 3.857012 22.955037 -1.598691 3.859367
Car -1 -1 -1.528634 842.778564 265.312134 915.212891 337.051483 1.524211 1.863657 4.240523 -3.280012 -6.945353 80.736855 -1.569237 0.876756
Car -1 -1 -1.558770 875.593323 165.766220 912.837158 200.023773 1.456140 1.742904 4.245697 -5.236682 -19.260472 147.145112 -1.594343 0.655116
Car -1 -1 1.370047 672.305725 280.481537 761.843689 353.533600 1.358941 1.611952 4.207451 -7.557218 -6.080023 75.379987 1.270126 0.610241
Car -1 -1 1.644960 695.432190 248.618088 763.644836 315.187378 1.489973 1.709673 4.241821 -8.242112 -8.098092 86.782998 1.550270 1.038220
