Car -1 -1 -1.625726 1015.494080 550.302124 1161.620605 699.908630 0.978711 1.634525 4.232387 1.227247 1.040205 36.801453 -1.592391 3.007568
Car -1 -1 -1.677302 1129.833374 393.562256 1250.104614 491.033752 1.104106 1.738630 4.275594 3.713064 -1.936455 52.692825 -1.606952 1.496293
Car -1 -1 -1.594227 910.745789 360.644073 1013.219543 461.466827 1.290824 1.836532 4.251264 -0.660200 -2.600389 56.110647 -1.605992 1.556215
Car -1 -1 -1.527259 768.106384 470.066437 894.978760 589.451233 1.046546 1.723322 4.232308 -2.534301 -0.244917 44.147843 -1.584601 2.143287
Car -1 -1 -1.590142 949.438049 292.835419 1021.665344 358.615265 1.246672 1.700356 4.258472 -0.196853 -5.831070 74.379079 -1.592789 1.477152
Car -1 -1 -1.623501 1060.104980 258.362549 1124.487305 315.005890 1.233011 1.751384 4.254407 3.124942 -8.096163 86.985924 -1.587591 1.100870
Car -1 -1 1.310508 674.496643 295.273224 779.747803 366.948975 1.235775 1.548030 4.246175 -7.083929 -5.611335 73.184640 1.214014 0.830058
Car -1 -1 1.860104 108.302887 269.014282 212.650711 334.876587 1.381758 1.537517 4.253016 -24.562600 -7.070780 81.647151 1.567879 1.448366
Car -1 -1 -1.609824 1035.265747 218.463318 1093.624512 273.358124 1.561116 1.863359 4.238211 2.606728 -10.795921 101.300783 -1.584097 0.597812
Car -1 -1 -1.567432 943.480103 186.868774 988.225769 229.185013 1.470659 1.809814 4.237555 -1.186867 -14.975632 123.573783 -1.577036 0.602680
Car -1 -1 -1.589784 1004.981323 202.230438 1053.250000 243.924484 1.355170 1.687528 4.230183 1.542574 -13.492435 115.925567 -1.576478 0.560130
Car -1 -1 -1.562967 885.272888 133.092133 913.818054 159.363495 1.523704 1.829802 4.243301 -6.495051 -27.897726 193.142666 -1.596583 0.342043
Car -1 -1 -1.585935 985.971619 129.644409 1013.629639 156.623108 1.626421 1.794125 4.271912 0.541255 -29.279152 201.333026 -1.583247 0.282148
Car -1 -1 -1.566279 941.112244 148.277588 974.128784 176.472061 1.355404 1.775432 4.255794 -2.143707 -23.729636 170.766871 -1.578832 0.293991
Car -1 -1 1.550120 676.039307 268.716309 750.241943 327.062958 1.235122 1.741436 4.266325 -8.256828 -7.269807 81.845316 1.449577 0.665379
