Car -1 -1 -0.206901 529.028381 336.957001 799.113647 451.895660 1.627617 1.985345 4.936463 -5.831227 -2.604479 45.456853 -0.334485 3.952807
Car -1 -1 -0.963046 775.818115 319.239258 938.363464 399.932312 1.202215 1.579912 4.206166 -2.018229 -4.182851 53.253759 -1.000926 1.106613
Car -1 -1 -1.664891 969.607361 766.634766 1208.734619 1027.482300 0.635812 1.630232 4.222610 1.260963 3.053795 20.404152 -1.603170 3.337224
Car -1 -1 1.806493 308.787018 243.931122 407.874817 320.393066 1.615849 1.745854 4.304142 -17.404471 -7.256981 65.574739 1.547061 1.196966
Car -1 -1 1.868130 162.097763 222.973846 247.526352 289.581390 1.556302 1.473028 4.232803 -25.072083 -9.243751 74.739568 1.544468 1.111894
Car -1 -1 1.787618 410.338135 256.481750 498.870667 321.279938 1.249221 1.571378 4.244740 -14.482457 -7.234362 65.413805 1.569735 1.329959
Car -1 -1 1.832287 219.937363 237.087234 314.042725 306.826263 1.518973 1.580555 4.236557 -21.641365 -8.209224 70.381875 1.533977 1.485808
Car -1 -1 1.892953 107.156212 275.456665 227.295898 345.262268 1.213746 1.610620 4.310642 -21.394883 -6.123548 60.681597 1.553985 1.303134
Car -1 -1 1.746306 497.585144 179.573166 565.946289 230.018219 1.680780 1.919326 4.245649 -17.928160 -14.135928 96.104500 1.561877 0.657212
Car -1 -1 1.768883 444.775787 170.448029 502.922180 214.798279 1.505075 1.639499 4.249368 -22.127197 -15.935747 103.754625 1.558767 0.689908
Car -1 -1 1.809529 344.651276 191.576218 423.863159 251.416122 1.692650 1.591914 4.665861 -21.193566 -11.583052 83.506807 1.560982 0.618153
Car -1 -1 1.889661 89.381065 253.340454 189.764389 315.095673 1.260535 1.417124 4.243143 -24.463609 -7.549923 67.044620 1.539788 1.041953
Car -1 -1 1.819294 370.244843 231.060226 446.158875 290.239441 1.279906 1.338013 4.227065 -18.181464 -9.227935 74.802551 1.580858 1.061574
Car -1 -1 1.808517 286.093201 197.994583 354.352081 239.727707 1.221864 1.507318 4.236788 -25.373537 -12.782020 89.562587 1.532446 0.932430
Car -1 -1 1.787453 421.173065 214.757202 494.170776 267.531403 1.290604 1.586019 4.234396 -17.773480 -10.678872 80.650133 1.570542 1.040526
Car -1 -1 1.834567 273.364197 222.049026 352.247986 278.172516 1.292089 1.259594 4.220686 -21.906463 -9.801942 76.611087 1.556055 0.599666
Car -1 -1 1.774659 388.955658 189.166428 453.860321 233.751404 1.256655 1.395811 4.225657 -22.088889 -13.577391 92.783313 1.540940 0.603174
