Car -1 -1 -1.614009 969.187866 512.010742 1118.601562 650.579346 1.038301 1.805096 4.280187 0.687359 0.522361 40.073062 -1.596859 1.601568
Car -1 -1 1.791774 291.853821 299.844574 392.862396 374.099487 1.310630 1.500591 4.237742 -16.867135 -5.308040 71.867768 1.561249 1.469698
Car -1 -1 1.707870 515.054260 304.719208 605.367371 379.603180 1.292739 1.625467 4.238398 -11.036238 -5.101120 70.720710 1.553065 1.316137
Car -1 -1 -1.542205 847.081360 249.421555 904.608215 306.682892 1.308029 1.679461 4.238083 -3.737825 -8.550640 89.172436 -1.584098 1.196709
Car -1 -1 1.745967 398.026154 293.423676 500.321198 368.190430 1.372766 1.778590 4.258560 -14.313181 -5.518989 72.993851 1.552336 1.129509
Car -1 -1 1.635419 651.368896 313.985443 737.206665 389.801544 1.223264 1.661288 4.256642 -7.282735 -4.673069 67.783125 1.528388 1.306715
Car -1 -1 -1.606919 1040.385010 228.425018 1100.384644 284.654572 1.460925 1.849989 4.264707 2.771393 -10.137788 98.288418 -1.578730 0.916627
Car -1 -1 -1.591457 939.932129 252.099030 1000.922607 308.195099 1.262002 1.772678 4.235038 -0.723515 -8.508135 88.954825 -1.599591 1.234163
Car -1 -1 -1.565368 946.534607 211.115143 995.124023 256.372681 1.280750 1.752226 4.233071 -0.859261 -12.382241 110.136931 -1.573170 0.790111
Car -1 -1 1.721870 483.947388 260.332855 559.187012 320.585663 1.309468 1.528484 4.245679 -14.464029 -7.764879 85.095080 1.553504 1.004814
Car -1 -1 -1.576880 1031.775146 196.742752 1076.465698 237.878174 1.385207 1.689437 4.239145 2.654589 -14.144456 119.683880 -1.554704 0.668332
Car -1 -1 -1.556722 880.490601 178.943878 921.273315 216.484283 1.366922 1.732944 4.251685 -4.385567 -16.667376 132.786850 -1.589737 0.663922
Car -1 -1 1.703295 546.803345 257.306488 630.999634 342.425110 1.814242 1.609421 4.536070 -11.436668 -6.620341 78.520294 1.558659 0.588493
Car -1 -1 1.713476 518.664673 237.046463 586.848511 294.477570 1.410126 1.545742 4.248713 -14.816545 -9.314760 93.405901 1.556161 0.997211
Car -1 -1 -1.582525 1009.271179 166.940964 1046.237671 201.476898 1.412316 1.779404 4.242510 1.885369 -19.139249 146.663018 -1.569671 0.464783
Car -1 -1 1.657449 723.558838 237.696564 785.539001 295.117767 1.442683 1.572704 4.249249 -7.977158 -9.243585 92.915992 1.571806 0.642952
Car -1 -1 1.415083 677.190552 290.846222 770.191528 358.977631 1.265240 1.742367 4.244587 -7.305317 -5.877876 74.558873 1.317414 0.626602
Car -1 -1 -1.559252 887.856262 142.541214 917.516663 169.645798 1.423966 1.712706 4.253104 -5.925961 -25.763166 182.545410 -1.591704 0.326459
Car -1 -1 -1.570667 935.032654 137.082916 962.927246 163.319855 1.469691 1.661067 4.246737 -3.135922 -28.175281 196.324807 -1.586639 0.232456
Car -1 -1 -1.573732 938.279358 154.757553 972.246155 187.631454 1.607154 1.742826 4.256925 -2.166357 -21.773898 161.276521 -1.587164 0.290567
Car -1 -1 -1.568755 980.455994 133.110916 1006.743713 156.379959 1.457223 1.800667 4.255396 0.037525 -29.474490 202.718831 -1.568569 0.197295
Car -1 -1 -1.605490 1095.662598 136.088791 1129.277466 164.795197 1.520725 1.896134 4.236106 8.240710 -27.229208 190.369305 -1.562229 0.085415
