Car -1 -1 -0.169612 1013.889526 396.598541 1283.001831 502.045044 1.404711 1.843321 4.443144 3.909165 -1.441379 41.708221 -0.076159 4.499834
Car -1 -1 3.071461 584.388550 360.276703 816.857788 469.360565 1.489300 1.853767 4.055151 -4.810347 -2.148853 43.707301 2.961844 3.716553
Car -1 -1 -0.336071 353.387268 343.043579 582.269714 431.647827 1.201622 1.842437 4.165159 -10.283938 -3.116761 47.659196 -0.548593 3.726452
Car -1 -1 2.898217 1264.320679 349.129364 1512.828613 449.963074 1.523257 1.895404 4.385032 9.393450 -2.603343 46.292440 3.098414 3.699254
Car -1 -1 -1.631176 954.692017 784.085754 1199.164673 1065.406250 0.632513 1.772214 4.577960 1.134307 3.252522 20.181700 -1.575031 2.981443
Car -1 -1 1.783933 371.121613 195.276733 463.825439 287.030212 2.275064 1.773823 5.007865 -18.022996 -9.524486 75.809347 1.550525 0.412505
Car -1 -1 1.876897 186.547821 243.834305 288.721039 321.236481 1.641886 1.524923 4.222333 -21.242771 -7.324969 66.317883 1.566906 1.288109
Car -1 -1 1.916811 59.545212 257.494080 159.990921 322.978149 1.342668 1.309453 4.215949 -25.271157 -7.299939 66.713357 1.554712 1.114048
Car -1 -1 1.750332 484.938751 186.497772 548.212158 236.130173 1.584372 1.809683 4.251888 -18.096497 -13.524925 93.530753 1.559212 0.780579
Car -1 -1 1.810307 306.197662 252.213730 400.169647 320.015839 1.344357 1.568459 4.234850 -17.975322 -7.466872 67.137076 1.548702 1.463839
Car -1 -1 1.895497 140.098312 232.986725 229.477646 293.855682 1.379811 1.255090 4.227997 -25.330537 -8.923423 73.543338 1.563793 1.057790
Car -1 -1 1.847075 258.065704 220.693481 337.471680 288.013214 1.641080 1.249298 4.281800 -21.864823 -9.225581 74.555291 1.561804 1.082693
Car -1 -1 1.820657 339.719452 206.359573 406.057465 255.257996 1.349300 1.411197 4.231258 -22.237842 -11.794999 86.061177 1.567792 0.814202
Car -1 -1 1.694970 613.403442 144.804840 653.490601 177.328079 1.437478 1.703949 4.238835 -18.354586 -22.106136 130.792706 1.555547 0.569881
Car -1 -1 1.748625 486.390411 164.786301 539.182739 200.553757 1.444950 1.792455 4.232437 -21.928041 -17.842777 112.418070 1.555986 0.556756
