Car -1 -1 -1.639249 1056.721680 749.983154 1298.507812 998.405090 0.912299 1.785463 4.248126 1.624081 2.985391 25.706617 -1.576155 2.907988
Car -1 -1 1.895553 0.351227 425.835663 136.055527 555.401917 1.372597 1.727935 4.480103 -16.278606 -0.766378 47.411253 1.564815 1.585333
Car -1 -1 0.894658 695.985352 291.028107 856.778870 374.258484 1.533542 1.856611 3.969882 -5.594087 -5.275822 71.457891 0.816532 0.841505
Car -1 -1 1.859149 2.067774 573.846436 269.495270 864.127136 1.863605 1.596563 4.499742 -9.343556 2.273079 30.203800 1.559137 2.904878
Car -1 -1 -1.765951 1354.512695 665.375916 1687.483398 1022.421509 1.580473 1.806345 5.100662 4.659404 2.956054 25.357238 -1.584228 2.189294
Car -1 -1 1.752361 451.378540 346.702942 559.991943 434.042969 1.243046 1.460210 4.237003 -10.538297 -3.271053 60.035875 1.578598 1.602319
Car -1 -1 -1.500440 649.564148 809.289612 889.023193 1056.440918 0.698248 1.652977 4.247201 -1.853812 3.215203 24.172160 -1.576982 3.997510
Car -1 -1 1.799606 250.292038 303.971283 357.545868 391.626038 1.557038 1.572180 4.238287 -17.179830 -4.706557 69.141979 1.556066 1.243407
Car -1 -1 1.779958 205.297882 413.365662 348.185974 532.198059 1.281302 1.442477 4.239535 -12.382976 -1.128404 48.036133 1.527667 3.242593
Car -1 -1 -1.262857 1027.606812 294.890442 1138.477783 364.606293 1.258405 1.655186 4.247664 2.464098 -5.729273 74.289092 -1.229700 0.969313
Car -1 -1 -1.423286 222.410263 827.411011 524.330200 1078.108887 1.023220 1.755408 4.261040 -5.133115 3.659525 23.594587 -1.637502 2.202250
Car -1 -1 1.768187 358.335724 296.920532 481.368530 402.161041 1.774597 1.623312 4.711079 -13.717588 -4.375139 66.463799 1.564653 0.654846
Car -1 -1 -1.582034 1020.078186 211.461121 1073.662598 262.234680 1.483159 1.800727 4.246329 2.092426 -11.790172 106.712562 -1.562428 0.785575
Car -1 -1 1.716885 464.712433 265.509094 546.347229 339.627197 1.542545 1.575935 4.268145 -13.994109 -6.784897 79.707219 1.543087 1.034244
Car -1 -1 1.743801 415.226135 252.261932 486.337463 305.209656 1.221706 1.401172 4.249044 -17.465531 -8.577019 89.313738 1.550685 1.106907
Car -1 -1 1.736025 659.709229 281.024719 740.705139 347.216797 1.275355 1.483116 4.232481 -8.226363 -6.482984 78.297257 1.631343 0.797465
Car -1 -1 -1.579794 1017.248413 179.230423 1059.016968 217.638748 1.474148 1.837550 4.249751 2.159347 -16.331325 130.983748 -1.563309 0.531572
Car -1 -1 1.669404 711.382751 234.177094 778.369019 293.630829 1.480283 1.671784 4.249170 -8.226567 -9.239387 92.352974 1.580561 0.746819
Car -1 -1 -1.555381 937.473389 137.828323 965.702515 162.860062 1.368761 1.713489 4.252245 -2.808661 -27.272196 190.143688 -1.570151 0.351535
Car -1 -1 -1.562081 949.920837 164.678329 985.839905 197.115128 1.375747 1.823743 4.246602 -1.362131 -19.981660 151.402269 -1.571078 0.487088
Car -1 -1 -1.586227 994.888672 156.105499 1027.267456 185.447662 1.333259 1.721344 4.255988 1.090602 -22.445915 165.214652 -1.579626 0.390690
Car -1 -1 -1.609455 1095.368042 140.542358 1129.701050 174.402634 1.648524 2.055707 4.264787 8.076166 -26.289801 187.796755 -1.566477 0.112851
