Car -1 -1 1.708662 514.115784 303.499847 605.935181 378.995117 1.311618 1.611435 4.240580 -11.034657 -5.110017 70.715128 1.553866 1.268727
Car -1 -1 -1.518359 674.702759 713.045349 884.203430 937.766663 0.928567 1.745725 4.232121 -2.015273 2.703360 27.153890 -1.592440 3.320163
Car -1 -1 -0.240057 428.299988 408.082397 699.572632 503.663208 1.182998 1.840935 4.349073 -7.936188 -1.573436 51.278204 -0.393606 3.623180
Car -1 -1 -1.634428 1044.320312 749.459534 1260.410278 971.708008 0.716652 1.646195 4.465249 1.451567 2.865359 26.681394 -1.580077 1.187564
Car -1 -1 -1.775723 1369.226562 823.062195 1669.597046 1070.545898 0.619205 1.578318 4.324198 4.447738 3.269780 24.018868 -1.592621 3.428820
Car -1 -1 1.974267 32.381557 561.635925 375.956696 822.830078 1.683338 1.440832 4.822742 -8.663802 1.926520 30.905115 1.700947 1.427724
Car -1 -1 1.788860 291.557190 300.138458 392.429443 373.220825 1.284207 1.502926 4.240204 -16.846823 -5.325705 71.759015 1.558267 1.423140
Car -1 -1 -1.686410 1280.320923 248.588928 1356.150757 306.325348 1.359776 1.788140 4.227890 10.662585 -8.685297 90.611791 -1.569276 1.074389
Car -1 -1 -1.540712 925.418152 291.096375 1006.639771 369.243713 1.456419 1.862369 4.245574 -0.660776 -5.467248 72.550504 -1.549820 1.385357
Car -1 -1 -1.586951 1073.960449 302.922668 1149.734863 371.190918 1.215546 1.692957 4.234140 3.107002 -5.377407 72.053521 -1.543857 1.653315
Car -1 -1 1.751821 394.922852 294.768341 499.426605 368.500916 1.348422 1.751259 4.255277 -14.374785 -5.530395 73.156397 1.557799 1.186450
Car -1 -1 -0.902203 641.956909 355.755981 828.287659 441.773499 1.166638 1.749550 3.873807 -5.497592 -3.076910 59.338218 -0.994588 1.086877
Car -1 -1 -1.368494 123.343903 917.480652 507.591339 1078.302368 0.989718 1.832237 4.230710 -4.904566 4.093962 20.734862 -1.600762 3.343937
Car -1 -1 1.722831 482.706848 260.012482 559.277039 321.101807 1.314725 1.529645 4.248950 -14.434859 -7.736781 84.828645 1.554280 0.974808
Car -1 -1 1.770352 344.575806 266.825256 432.306488 336.910095 1.448623 1.517631 4.233453 -17.415008 -6.862979 79.857312 1.555637 1.222014
Car -1 -1 -1.562182 949.447266 247.914703 1007.751099 302.548553 1.259427 1.736439 4.245450 -0.450795 -8.706514 89.745120 -1.567205 1.029323
Car -1 -1 1.692621 577.873169 211.200912 638.632141 260.593262 1.435971 1.715673 4.255467 -14.958043 -11.961010 107.704830 1.554624 0.615189
Car -1 -1 1.650795 649.365234 315.470795 735.357056 390.699341 1.223458 1.635145 4.225647 -7.339231 -4.645132 67.659317 1.542745 1.659647
Car -1 -1 1.703790 549.215271 256.252899 630.232849 342.232635 1.792600 1.540173 4.572505 -11.430778 -6.660361 78.692129 1.559539 0.520307
Car -1 -1 1.699164 609.518616 243.227936 677.565430 310.736115 1.585188 1.563692 4.271066 -11.004816 -8.275642 87.512181 1.574069 0.835614
Car -1 -1 1.712049 517.618713 237.440308 583.700195 293.673401 1.419824 1.517647 4.249362 -14.901358 -9.308845 93.286189 1.553649 0.832880
Car -1 -1 -1.670037 1215.775024 203.464340 1267.054077 245.651077 1.413091 1.692415 4.242741 10.539297 -13.555238 116.886550 -1.580113 0.662790
Car -1 -1 -1.558171 877.867798 141.289215 911.962830 172.154205 1.615844 1.872350 4.239635 -6.258732 -24.834626 177.182432 -1.593480 0.398628
Car -1 -1 -1.573906 934.182739 144.892685 965.025085 172.892883 1.424770 1.794531 4.258112 -2.790971 -25.129967 179.293067 -1.589471 0.497562
Car -1 -1 -1.597410 1084.396973 136.615402 1114.331421 161.621613 1.414202 1.804532 4.240554 7.472807 -28.015661 194.996301 -1.559106 0.250882
Car -1 -1 1.641315 707.680420 223.597092 777.579163 297.557220 1.885173 1.818788 4.374632 -8.214449 -8.992401 91.168527 1.551456 0.578808
Car -1 -1 1.621525 788.268860 140.305511 821.454407 170.207199 1.516995 1.754824 4.262152 -12.180630 -25.403509 180.039682 1.553972 0.300502
Car -1 -1 1.636988 757.843445 133.273209 788.463501 160.206406 1.497394 1.712204 4.241652 -15.781116 -28.761029 198.964627 1.557837 0.257286
Car -1 -1 1.650289 741.707947 221.903519 796.295227 273.721558 1.366998 1.613785 4.225927 -8.091006 -10.618102 99.660641 1.569281 0.536286
