Car -1 -1 -1.761448 1359.010010 748.618896 1626.293823 1009.669556 0.959276 1.459468 4.488394 4.557965 3.050576 25.844619 -1.586883 1.574267
Car -1 -1 -1.621925 1014.344360 755.739014 1248.705811 1014.665222 0.925179 1.774461 4.243009 1.175562 3.034962 25.282429 -1.575462 2.843896
Car -1 -1 -1.245906 838.825073 313.385193 970.323181 407.235199 1.472850 1.632595 4.268169 -2.013618 -4.112577 64.703838 -1.277016 1.308321
Car -1 -1 -0.436863 531.442993 347.913757 757.765930 464.509460 1.699553 1.812895 3.820795 -7.003793 -2.478632 56.151208 -0.560953 2.784091
Car -1 -1 -1.504144 675.459045 734.178955 909.551147 1008.203064 1.013263 1.712611 4.549759 -1.717107 2.955463 25.301856 -1.571905 1.607730
Car -1 -1 1.752018 388.587402 291.322693 495.331970 379.469971 1.610566 1.776141 4.290349 -14.028126 -5.101349 70.657397 1.556030 0.917099
Car -1 -1 1.787852 268.260132 308.830383 372.156586 382.943115 1.297691 1.502888 4.234237 -17.091798 -4.973210 70.418133 1.549738 1.319966
Car -1 -1 1.690879 515.230225 300.864349 601.841431 376.091064 1.337987 1.592281 4.247833 -11.117945 -5.178072 70.840337 1.535205 1.342446
Car -1 -1 1.707772 510.751312 241.432938 588.482300 301.833618 1.461726 1.739723 4.255785 -14.442129 -8.797921 90.288361 1.549160 0.921355
Car -1 -1 1.681634 624.451843 187.412292 678.738159 234.390274 1.618670 1.680226 4.303991 -15.001563 -14.530050 121.701581 1.558988 0.572964
Car -1 -1 1.620134 808.498413 142.264511 838.288269 168.604401 1.440564 1.791376 4.249460 -10.982905 -25.466649 179.847237 1.559142 0.263518
Car -1 -1 -1.566655 971.377991 159.928909 1005.069946 192.322632 1.448352 1.609145 4.253797 -0.236795 -20.931872 156.818745 -1.568165 0.433233
Car -1 -1 1.652387 787.610901 133.835846 815.192810 157.201553 1.498541 1.704594 4.224221 -13.995792 -29.295788 202.012567 1.583216 0.172049
Car -1 -1 -1.616487 1093.094849 133.748016 1128.200806 164.892899 1.853623 2.159188 4.291154 8.115918 -27.006663 189.535972 -1.573693 0.114634
