Car -1 -1 2.856079 1161.127075 359.674255 1422.483276 450.914581 1.320675 1.848255 4.501575 5.476386 -2.285235 56.194874 2.953226 3.194554
Car -1 -1 -1.516979 656.216003 780.395020 895.002869 1041.561401 0.691655 1.684983 4.263506 -2.005635 3.068609 23.746253 -1.601240 4.767019
Car -1 -1 3.095559 1012.200623 310.404938 1217.770874 401.023956 1.553598 1.838467 4.213250 2.251365 -3.641214 63.905175 3.130775 2.543786
Car -1 -1 -1.657726 1020.817139 768.174316 1263.227661 1004.041016 0.664304 1.615007 4.253821 0.988867 2.974760 24.700114 -1.617713 2.559742
Car -1 -1 -0.925022 625.064453 235.648346 779.502808 306.653839 1.443953 1.687502 4.510303 -9.015062 -7.051110 79.511662 -1.037920 0.946189
Car -1 -1 2.833087 627.623962 362.451416 901.017212 464.455475 1.310428 1.829410 4.593915 -4.900673 -2.003920 53.159277 2.741158 3.861473
Car -1 -1 -1.384067 130.389435 751.139465 459.845245 1046.656372 0.882959 1.697184 4.273520 -5.836219 2.967720 22.979384 -1.632784 4.948920
Car -1 -1 3.092215 482.158264 296.853241 706.682617 420.440674 1.836356 1.878175 3.971131 -8.817562 -3.000562 57.728251 2.940643 2.215306
Car -1 -1 -0.674212 1059.772461 259.926849 1217.598877 325.672516 1.364248 1.857246 4.210733 3.494133 -6.694865 81.462669 -0.631346 1.378733
Car -1 -1 2.760337 0.973384 345.486237 159.545959 466.298248 1.438583 1.869472 4.400928 -18.718558 -2.025290 51.397364 2.411074 1.601181
Car -1 -1 -1.545822 855.672363 201.992599 906.811157 247.464279 1.218714 1.745462 4.241213 -5.279694 -11.565301 107.467561 -1.594911 0.685085
Car -1 -1 1.779343 195.233688 221.339722 278.553925 280.421051 1.281773 1.541850 4.256451 -24.739604 -8.574444 88.013969 1.505327 0.997280
Car -1 -1 1.735004 306.972443 203.983521 392.832733 273.421692 1.593686 1.856927 4.259448 -21.517488 -8.921111 89.520130 1.499114 0.750299
Car -1 -1 1.764854 249.404068 202.392761 322.236420 255.714600 1.258920 1.451088 4.250220 -25.035077 -9.972166 95.063684 1.507351 0.829655
Car -1 -1 1.701028 151.860367 198.699844 228.584732 254.521027 1.370369 1.392007 4.277746 -28.500466 -10.108656 95.789667 1.411837 0.635306
Car -1 -1 1.729869 350.337433 172.180466 407.761505 218.309433 1.408282 1.534037 4.244900 -26.855041 -13.676380 116.741676 1.503765 0.509273
