Car -1 -1 -1.483074 610.329163 618.391174 804.575378 802.937134 0.856450 1.825426 4.244604 -2.826082 1.998464 27.366958 -1.585976 2.703078
Car -1 -1 1.942620 1.120308 342.022858 145.772995 469.829803 1.515529 1.686725 4.980917 -18.036729 -2.406800 44.575733 1.558128 1.599832
Car -1 -1 1.849175 260.403015 257.899780 359.128265 333.798065 1.465908 1.358936 4.235620 -18.221852 -6.699104 63.463003 1.569571 1.413696
Car -1 -1 1.851396 182.302322 255.571838 282.049866 323.241699 1.318590 1.460693 4.233153 -21.185580 -7.211208 65.655531 1.539266 1.383135
Car -1 -1 -1.633903 957.386230 700.108582 1159.281738 923.475586 0.738473 1.695080 4.244207 1.111595 2.653763 22.966621 -1.585541 2.147913
Car -1 -1 1.796739 364.217102 230.597916 445.955627 288.741364 1.338854 1.504718 4.254387 -18.231610 -9.235528 74.741502 1.557483 1.020902
Car -1 -1 1.758489 452.080566 201.820374 517.002197 248.983063 1.344646 1.598484 4.237381 -18.456626 -12.373226 88.640068 1.553203 0.963907
Car -1 -1 1.767111 406.062408 183.231842 470.310883 231.387497 1.558564 1.757948 4.246261 -21.891193 -13.984807 95.357408 1.541451 0.687227
Car -1 -1 1.886460 151.066605 230.017090 246.808151 290.243591 1.358842 1.454796 4.238156 -25.127488 -9.133450 74.266336 1.560208 0.835257
Car -1 -1 1.814244 333.936676 204.354675 404.098877 257.162323 1.463913 1.385293 4.265115 -22.125084 -11.572250 84.935822 1.559416 0.765475
Car -1 -1 1.828032 272.041382 203.902161 342.728546 251.789276 1.351177 1.622233 4.251085 -25.377138 -12.151135 87.835385 1.546774 0.862986
Car -1 -1 1.695076 609.822693 146.585022 651.477356 178.716873 1.410154 1.829028 4.243145 -18.204146 -21.684451 128.765880 1.554633 0.495617
Car -1 -1 1.714569 567.828003 163.461990 614.637390 199.818863 1.404643 1.682024 4.234582 -17.936637 -17.917734 112.357520 1.556266 0.703457
Car -1 -1 1.737654 493.507751 183.652069 553.579590 229.762589 1.521544 1.591920 4.235061 -18.110509 -14.027786 95.373054 1.549997 0.736661
Car -1 -1 1.822022 333.488525 185.002548 397.411896 231.071457 1.448564 1.574512 4.256073 -25.217587 -14.105874 95.836203 1.564722 0.552746
Car -1 -1 1.797203 366.680267 172.020493 422.841675 213.654709 1.446292 1.460145 4.313330 -26.060505 -16.042097 104.105710 1.551916 0.660832
Car -1 -1 1.735400 492.121429 143.640289 536.948853 179.216949 1.612351 1.651368 4.248027 -24.977902 -21.578444 128.386583 1.543249 0.419137
Car -1 -1 1.719135 525.473572 153.716904 568.395203 187.135864 1.367011 1.593050 4.261742 -22.537051 -20.748403 125.472582 1.541413 0.364284
Car -1 -1 1.723448 524.384827 173.804428 576.096619 214.172714 1.394354 1.584235 4.217024 -18.752336 -16.143737 104.811538 1.546407 0.395255
Car -1 -1 1.678621 644.224854 117.960190 677.605896 142.983704 1.483131 1.788946 4.222687 -22.213382 -31.944400 174.011548 1.551653 0.133137
