Car -1 -1 -0.535410 608.088867 386.794342 881.950745 508.583466 1.462974 1.878181 4.452565 -4.475066 -1.578180 50.700079 -0.623447 2.971594
Car -1 -1 -1.528985 720.278992 664.854065 909.796875 849.053589 0.787774 1.772469 4.235989 -1.900488 2.196926 30.408251 -1.591403 3.341955
Car -1 -1 -2.626356 1659.361206 341.415649 1857.830078 424.499725 1.261501 1.813445 3.763191 17.368674 -3.570670 62.617754 -2.355782 1.995316
Car -1 -1 -0.114710 113.953598 416.328003 415.837158 522.450806 1.164584 1.879841 4.764802 -13.102235 -1.299963 49.864542 -0.371659 4.082770
Car -1 -1 -1.646364 1029.156616 748.652039 1270.454590 1001.942688 0.924293 1.779579 4.269200 1.357369 2.985788 25.573552 -1.593337 2.494732
Car -1 -1 1.783748 271.166962 304.263672 377.747620 380.251831 1.334076 1.662345 4.244256 -17.081707 -5.088085 70.830838 1.547105 1.234935
Car -1 -1 1.753188 391.123413 305.545959 489.197510 385.267090 1.338066 1.494322 4.250114 -13.873235 -4.911748 69.622447 1.556500 1.126639
Car -1 -1 -1.771080 1353.147339 779.383179 1662.083740 1055.650757 0.883516 1.678105 4.376101 4.379871 3.175645 24.278353 -1.592598 3.802183
Car -1 -1 1.712188 499.602722 296.717957 600.186829 385.867889 1.559856 1.719930 4.225157 -11.003884 -4.831988 68.849045 1.553702 1.062172
Car -1 -1 -1.391215 972.039368 287.913361 1058.734863 362.155884 1.454774 1.661386 4.247804 0.666285 -5.751986 74.263565 -1.382243 0.877522
Car -1 -1 -1.385066 172.181732 873.903748 529.433044 1080.000000 0.922684 1.867725 4.526292 -5.060303 3.908019 22.537991 -1.605927 1.788002
Car -1 -1 1.661641 647.479553 288.691071 730.104675 377.122070 1.655441 1.598713 4.250510 -7.664221 -5.093250 70.043254 1.552653 1.055313
Car -1 -1 1.719041 458.665588 276.374054 544.399353 347.024811 1.363763 1.607175 4.242539 -13.777790 -6.443467 77.674382 1.543488 0.915954
Car -1 -1 1.699507 563.427124 276.101990 639.594727 349.590729 1.458393 1.451196 4.247912 -10.723711 -6.207401 75.951945 1.559243 1.090092
Car -1 -1 1.720389 507.686371 246.582321 581.003235 306.322876 1.345268 1.516068 4.245057 -14.159807 -8.394225 87.456298 1.559875 1.068324
Car -1 -1 1.691228 591.219666 261.887512 659.778503 324.057770 1.334719 1.424328 4.242709 -11.321436 -7.703294 85.229594 1.559166 0.786905
Car -1 -1 1.642503 734.359680 219.142838 792.450378 275.217194 1.598618 1.687400 4.240936 -8.285860 -10.560931 99.962184 1.559802 0.609948
Car -1 -1 1.652675 699.030212 245.960999 767.196838 314.119019 1.592121 1.695936 4.239285 -7.947153 -7.902898 84.993483 1.559443 0.750502
Car -1 -1 1.718584 527.789551 229.608002 597.009705 283.285736 1.336400 1.514491 4.253166 -15.092155 -10.099540 97.215954 1.564570 0.359858
