Car -1 -1 0.103827 602.059143 404.111176 876.282898 513.147034 1.338364 1.848476 4.223814 -4.751634 -0.959274 47.363257 0.003838 3.901989
Car -1 -1 -1.521986 639.492615 747.202148 873.601318 988.776428 0.696483 1.734151 4.281040 -2.247940 2.802234 24.397804 -1.613863 3.976241
Car -1 -1 0.192215 264.528931 372.321381 545.309998 477.239410 1.295924 1.866469 4.341871 -10.894520 -1.607570 49.352666 -0.025049 5.007138
Car -1 -1 2.977942 1269.651245 361.624298 1536.639893 454.085846 1.361142 1.844080 4.764666 7.682778 -2.194992 55.774575 3.114827 3.595492
Car -1 -1 2.775784 1625.574097 360.836182 1869.377075 455.971588 1.499320 1.846009 4.177006 14.874373 -2.161703 56.718167 3.032259 2.408835
Car -1 -1 0.054532 43.376850 296.363312 289.690643 388.169250 1.456612 1.848836 4.423765 -18.519590 -3.716426 60.279753 -0.243542 3.010609
Car -1 -1 2.898004 883.027283 355.364990 1136.511841 453.506104 1.377090 1.857507 4.323087 -0.199337 -2.192139 54.799515 2.894366 2.818901
Car -1 -1 2.858369 437.884583 342.000061 686.233643 438.889709 1.347951 1.833097 4.141615 -9.004403 -2.430291 54.224452 2.693813 2.666989
Car -1 -1 -1.360837 48.722313 818.959534 436.819336 1078.978882 1.120532 1.901179 4.273270 -5.973707 3.666569 21.926905 -1.626820 3.468877
Car -1 -1 -1.718266 1075.517334 837.505798 1425.991821 1079.451050 1.236565 1.796045 4.260570 1.659015 3.914329 21.675580 -1.641877 4.062908
Car -1 -1 2.996093 860.912781 314.248657 1101.293457 407.553680 1.455761 1.875794 4.684237 -0.838135 -3.291784 60.267673 2.982187 1.317587
Car -1 -1 2.755856 1709.195679 337.682190 1915.307251 422.462402 1.458941 1.828523 4.236063 18.138164 -3.083116 62.654030 3.037650 0.632975
Car -1 -1 -2.965619 185.134079 288.390656 405.187775 362.329132 1.299672 1.861130 4.224089 -16.872938 -4.465632 64.701936 3.062468 1.519299
Car -1 -1 1.789600 193.004807 215.086700 286.788330 276.413635 1.326998 1.759377 4.282987 -24.912440 -8.793139 89.044054 1.516799 0.954889
Car -1 -1 1.752470 291.097809 193.996262 368.157471 246.980316 1.398118 1.747588 4.259384 -24.752513 -10.766042 99.836171 1.509439 0.923495
Car -1 -1 1.799870 125.169472 204.444199 205.071060 262.878296 1.366393 1.488589 4.253039 -28.557388 -9.575899 93.073850 1.502164 0.809517
Car -1 -1 1.798869 150.971741 175.719376 217.586929 221.435623 1.375381 1.368348 4.241507 -32.672908 -12.592195 108.783462 1.507093 0.361590
Car -1 -1 1.762364 229.024780 186.247513 289.222290 231.530228 1.286883 1.408545 4.249171 -29.399492 -12.104439 107.585492 1.495610 0.382591
