Car -1 -1 -1.749965 1296.161621 664.009399 1572.957397 909.833984 1.038268 1.663684 4.508359 4.215825 2.505492 27.260887 -1.596533 1.868281
Car -1 -1 -1.488072 555.280945 639.934448 781.796692 870.971252 1.113901 1.784640 4.233631 -3.184879 2.325702 28.152248 -1.600723 2.953534
Car -1 -1 -1.625148 970.000793 664.035583 1172.470337 883.976990 0.972581 1.686860 4.231769 0.719761 2.416842 28.079885 -1.599521 1.934187
Car -1 -1 -1.366055 162.156967 615.556580 445.699860 850.482910 1.157569 1.763201 4.237380 -6.823003 2.116837 28.091462 -1.604327 3.366706
Car -1 -1 1.868752 57.253586 254.475952 156.386688 312.972443 1.248649 1.535540 4.267805 -27.086466 -7.382248 85.055235 1.560449 0.818411
Car -1 -1 1.789103 218.793518 245.239899 306.491699 306.861023 1.344535 1.519479 4.290170 -22.433983 -7.606444 85.515776 1.532547 0.801523
Car -1 -1 -1.602229 868.807861 817.800354 1143.614746 1078.772827 1.483835 1.644760 4.736897 0.017889 3.896947 20.277969 -1.601347 2.226417
Car -1 -1 1.602385 466.566254 235.701401 534.160400 305.687988 1.549170 1.548002 4.320040 -14.971417 -7.567759 84.657513 1.427348 0.711249
Car -1 -1 1.726787 401.775391 196.139221 462.538391 239.906342 1.410955 1.717851 4.243294 -23.423548 -12.817714 116.257674 1.527969 0.657556
Car -1 -1 1.698387 528.239990 186.068359 581.481873 224.310654 1.256193 1.708561 4.258381 -19.854364 -14.614134 126.431259 1.542622 0.482813
Car -1 -1 1.744264 356.575714 188.261200 420.426361 231.763626 1.535207 1.663542 4.270924 -26.931052 -13.955801 123.810051 1.530081 0.573317
Car -1 -1 1.707603 484.721527 224.302795 544.874878 276.197876 1.290420 1.457726 4.233457 -16.601131 -9.549723 96.822655 1.537795 0.346054
