Car -1 -1 -0.217648 884.035645 282.776062 1082.316284 364.324188 1.608534 1.915587 4.612578 -0.284898 -5.634257 73.625933 -0.221518 2.086374
Car -1 -1 -1.523045 706.026245 797.404297 930.500610 1044.966064 0.719591 1.644113 4.227458 -1.452063 3.157397 24.375861 -1.582545 3.101072
Car -1 -1 -1.781987 1371.816162 802.625427 1694.928589 1061.940308 0.664582 1.674146 4.616622 4.602855 3.200103 24.290353 -1.594714 3.696726
Car -1 -1 -1.396545 248.928894 823.155334 563.149353 1079.017090 1.128941 1.785877 4.237482 -4.904286 3.753460 23.772192 -1.599994 3.743603
Car -1 -1 1.324485 665.908875 288.828186 765.258728 358.337128 1.297621 1.687383 4.249053 -7.528449 -5.895575 74.676698 1.224010 0.622221
Car -1 -1 1.660932 724.700684 226.907959 781.876526 279.943604 1.371933 1.572212 4.252753 -8.516252 -10.296456 98.521653 1.574706 0.777321
Car -1 -1 1.655690 751.826965 194.687851 802.964355 241.657471 1.481820 1.717288 4.249735 -8.944806 -13.456466 114.861321 1.577972 0.553645
Car -1 -1 -1.564486 930.736206 164.471634 964.995239 197.613083 1.398553 1.742197 4.238681 -2.407285 -19.778489 149.999056 -1.580533 0.513160
Car -1 -1 1.648806 692.337463 243.939041 755.029968 297.979736 1.308423 1.625248 4.254088 -8.966121 -9.078544 92.296477 1.551965 0.942386
Car -1 -1 -1.689250 1192.206055 193.370972 1242.317627 231.226456 1.333831 1.653664 4.279278 10.131860 -14.912109 124.062921 -1.607764 0.297589
Car -1 -1 -1.617570 1093.982788 142.544708 1127.651855 170.301041 1.509797 1.936390 4.244123 7.619066 -25.250136 179.713469 -1.575200 0.105033
