Car -1 -1 -1.659122 987.029175 673.666382 1183.641113 889.166382 0.839048 1.649368 4.224128 1.489055 2.540165 24.344390 -1.598032 1.711571
Car -1 -1 1.150911 373.092957 327.922638 522.262329 418.091370 1.193513 1.493104 4.342895 -10.951481 -3.505892 48.564846 0.929119 0.773893
Car -1 -1 1.834144 308.380219 243.186935 402.544037 315.493469 1.551033 1.574847 4.250116 -18.016494 -7.594904 67.448142 1.573122 1.071286
Car -1 -1 1.893003 107.400658 249.675125 224.394562 344.189392 1.793541 1.203059 5.224723 -21.043539 -6.084459 59.773725 1.554501 0.730876
Car -1 -1 1.746696 352.825439 290.903809 448.939911 369.422607 1.309495 1.463187 4.243143 -13.825585 -5.103943 56.203442 1.505493 1.605760
Car -1 -1 1.773299 405.263763 169.965942 463.337585 209.671387 1.413539 1.733257 4.243156 -24.719901 -16.613028 106.800220 1.545845 0.707065
Car -1 -1 -1.768662 1299.182251 213.769577 1366.524658 267.512634 1.508490 1.602033 4.250209 14.647396 -10.767365 82.063909 -1.592035 1.006540
Car -1 -1 -1.756882 1233.523560 186.267975 1285.581787 222.377151 1.209996 1.503995 4.213968 14.358924 -14.870743 99.110546 -1.613005 0.472480
Car -1 -1 1.689839 623.478577 114.845772 656.078308 150.359344 1.973295 1.851722 4.365937 -22.625387 -29.719817 164.441926 1.553109 0.220366
Car -1 -1 1.646081 661.374146 141.259430 696.044739 172.714691 1.429285 1.633107 4.254160 -16.162121 -23.078684 135.057067 1.526978 0.379525
Car -1 -1 -1.742941 1220.839844 179.705307 1272.562012 217.396103 1.260635 1.556275 4.254438 14.306103 -15.637881 102.688876 -1.604517 0.432809
Car -1 -1 -1.746505 1209.600952 172.984009 1259.921631 205.870255 1.205663 1.606629 4.234636 14.649361 -16.915275 108.235984 -1.611976 0.277450
Car -1 -1 -1.585188 930.196045 105.702629 954.045349 127.995552 1.657474 1.808551 4.214553 0.158206 -40.622506 213.999215 -1.584449 0.144665
