Car -1 -1 2.832085 1229.679199 435.656036 1519.971924 549.672485 1.271621 1.899750 4.227870 7.028089 -0.488238 37.827981 3.015781 4.799781
Car -1 -1 -2.677839 52.055836 289.466522 240.212982 355.775055 1.303096 1.906768 4.204542 -23.061827 -5.614742 61.008489 -3.039246 2.312444
Car -1 -1 -1.386471 588.602905 602.507263 780.662292 767.878662 0.665756 1.435826 4.225122 -3.348074 1.693073 26.339631 -1.512904 2.524858
Car -1 -1 -1.290339 312.126587 569.983276 563.621521 762.657410 0.906791 1.574334 4.420434 -6.262260 1.563936 26.150382 -1.525384 2.528588
Car -1 -1 -1.510761 862.375183 646.046509 1053.371582 837.520325 0.621419 1.724776 4.266623 -0.030740 2.120473 24.113680 -1.512036 3.045114
Car -1 -1 2.834534 805.221558 383.789276 1059.020752 480.729126 1.251735 1.910414 4.282330 -0.749991 -1.786543 43.413661 2.817261 4.258436
Car -1 -1 -1.771821 1428.673096 695.601929 1675.313232 913.732117 0.632613 1.468015 4.256043 5.932371 2.606122 22.560169 -1.514684 3.702676
Car -1 -1 -3.122484 1134.056885 318.216095 1334.691406 394.208527 1.343369 1.864817 4.564179 6.698764 -4.140536 54.585188 -3.000373 2.570699
Car -1 -1 2.677751 455.003174 426.037964 729.563110 553.429932 1.222853 1.853057 3.932904 -6.294584 -0.542321 36.304339 2.506074 4.006828
Car -1 -1 -1.638684 1160.478271 643.018555 1368.098022 868.372131 0.870890 1.758877 4.480065 3.120215 2.343441 23.847991 -1.508585 1.992575
Car -1 -1 0.339818 257.898224 339.929565 483.031921 423.653046 1.333190 1.903427 4.214584 -13.652859 -3.167488 49.632308 0.071377 3.643797
Car -1 -1 2.661791 1735.634399 428.765076 1919.044800 537.250854 1.347463 1.875475 4.311297 16.521254 -0.653696 39.459098 3.058308 0.775826
Car -1 -1 2.838129 1596.769897 330.475037 1829.206909 428.317078 1.674055 1.898475 4.241382 16.877392 -3.020757 49.307928 -3.115271 3.300406
Car -1 -1 -1.462804 693.433044 874.238770 1004.397583 1078.508545 0.987591 1.812636 4.250532 -0.792633 4.141889 17.298555 -1.508593 2.422609
Car -1 -1 2.817352 1233.595703 382.424316 1495.151489 481.413666 1.380509 1.891499 4.401761 7.917472 -1.752701 43.849916 2.995986 3.764171
Car -1 -1 -1.161386 0.009913 791.647034 373.040985 1080.000000 0.917500 2.134323 4.327366 -7.058172 3.548520 19.003557 -1.517009 4.176830
Car -1 -1 -2.746219 345.932739 288.345032 554.171204 385.100952 1.826389 2.024630 4.510242 -13.303472 -4.525434 56.018018 -2.979385 2.178073
Car -1 -1 3.011717 1523.037598 306.423462 1701.114258 380.707001 1.407378 1.859712 3.815494 17.066826 -4.708030 57.668300 -2.983733 1.732395
Car -1 -1 -1.320158 301.379700 808.998718 694.589478 1079.441284 0.952829 1.974430 4.479017 -3.797866 3.715134 18.505792 -1.522573 2.194203
Car -1 -1 2.319778 1.505580 526.165710 215.227097 752.885925 1.253615 2.017611 4.363568 -12.466474 1.500373 27.890860 1.899444 2.518680
