Car -1 -1 -1.689484 1100.571533 599.486450 1310.608887 792.946289 0.633906 1.608951 4.245076 2.628806 1.318155 23.600814 -1.578555 4.036664
Car -1 -1 -1.576686 850.630920 554.578735 1018.625671 737.611084 0.756817 1.607248 4.252954 -0.243972 0.902890 24.773956 -1.586534 2.971730
Car -1 -1 -3.095375 603.661987 181.307404 750.785095 236.983185 1.404443 1.851264 4.561560 -9.269871 -11.228624 73.209407 3.061859 1.965971
Car -1 -1 2.399296 1122.082520 209.552521 1280.594116 276.685883 1.275196 1.837755 4.109542 7.252724 -8.821371 63.648242 2.512757 1.140676
Car -1 -1 2.887359 1413.341187 179.881256 1558.715210 233.090637 1.397577 1.869194 4.281975 18.375802 -11.713137 75.682178 3.125552 2.096132
Car -1 -1 -1.559186 778.402405 735.330627 1035.015015 1034.049927 0.819892 1.779062 4.252629 -0.388562 2.603447 18.425367 -1.580271 2.837696
Car -1 -1 2.732625 1642.907959 185.008911 1813.537842 251.064957 1.634347 1.885563 4.326034 24.286656 -10.147285 68.823680 3.071866 2.368649
Car -1 -1 2.798695 1580.617676 183.983063 1725.802734 239.195282 1.450016 1.886296 3.782331 22.974920 -10.934176 71.989507 3.107620 0.712704
Car -1 -1 1.706621 655.572998 132.697144 706.710571 172.750839 1.401785 1.692744 4.242657 -13.086506 -18.872148 104.561917 1.582113 0.630863
Car -1 -1 1.727390 590.702026 137.524918 641.040283 175.212097 1.256130 1.566845 4.247303 -16.594798 -19.225955 106.769084 1.573197 0.640689
Car -1 -1 -1.407569 515.432495 607.914124 730.462402 841.587769 0.860505 1.377120 4.202850 -3.425580 1.657703 22.883256 -1.556164 3.988865
Car -1 -1 2.644526 1815.249390 178.635406 1917.063354 224.798752 1.281970 1.847851 4.313908 33.472059 -12.317451 77.977657 3.049993 0.232568
Car -1 -1 1.660737 729.393555 130.092758 773.439209 171.211853 1.538069 1.620522 4.285662 -9.537262 -18.559297 102.702722 1.568140 0.470288
Car -1 -1 1.711178 619.840942 125.235207 662.136597 160.256653 1.332386 1.427180 4.258483 -16.636214 -21.381287 115.212192 1.567773 0.517825
Car -1 -1 1.669750 739.503967 120.633636 781.401794 158.355453 1.522311 1.682035 4.282315 -9.847954 -20.818459 111.543626 1.581690 0.241083
Car -1 -1 1.684019 694.229065 120.154922 734.410583 153.446228 1.302695 1.542104 4.260433 -13.061607 -22.691557 120.071301 1.575663 0.225395
