Car -1 -1 -0.350440 1568.228271 254.425980 1878.374146 386.735901 1.622512 1.890690 4.318065 12.787149 -2.918119 47.276153 -0.086283 4.205450
Car -1 -1 0.023129 585.136719 302.265625 910.860168 420.754150 1.278832 1.904250 4.674849 -3.559748 -2.252370 44.578155 -0.056556 4.455507
Car -1 -1 -0.068693 1001.102722 234.950897 1263.839355 348.419281 1.492808 1.867140 4.374171 2.935079 -3.760686 50.974580 -0.011177 3.952513
Car -1 -1 -1.679941 1013.637817 619.364258 1293.688477 898.358093 0.865270 1.808643 4.314422 1.485955 2.009709 24.104235 -1.618372 2.941422
Car -1 -1 -0.499426 399.173401 163.626938 598.634644 249.098511 1.335964 1.840426 4.133663 -11.432342 -7.209003 67.178249 -0.667990 2.109775
Car -1 -1 3.103418 844.822571 178.614334 1064.243774 255.666931 1.356757 1.864800 4.684426 -0.386153 -6.636394 64.524975 3.097434 2.073344
Car -1 -1 -1.399491 191.056671 631.564392 457.802734 856.343506 0.612084 1.533029 4.266510 -5.734126 1.850902 25.049274 -1.624528 2.849741
Car -1 -1 2.888556 1322.450073 193.122757 1540.163208 287.628143 1.501387 1.842677 3.935996 9.707248 -5.452647 58.717320 3.052396 2.585075
Car -1 -1 0.248041 19.877535 279.840881 345.668182 389.513000 1.270521 1.872133 4.545659 -13.787802 -2.949061 48.556456 -0.028630 3.932621
Car -1 -1 -2.824914 1614.602295 129.529083 1775.089722 193.839615 1.338333 1.831331 3.820139 20.698411 -9.741704 78.853682 -2.568214 1.620009
Car -1 -1 -1.526251 527.356812 699.029053 788.483521 982.767639 0.628682 1.755255 4.288071 -2.427865 2.384324 22.309827 -1.634649 3.124063
Car -1 -1 2.866846 1521.358643 180.776779 1748.777222 262.542480 1.379473 1.833329 4.317034 14.960723 -6.296764 62.493511 3.101820 2.050075
Car -1 -1 -1.837866 1376.510742 624.143616 1702.400513 885.266174 0.790998 1.537587 4.291317 4.896665 1.981572 24.560807 -1.641077 3.534834
Car -1 -1 -1.336113 1.109244 844.456665 349.808105 1079.294922 1.127430 1.968161 4.273088 -5.617119 3.703043 18.673801 -1.628305 3.015606
Car -1 -1 1.725820 358.400146 121.370445 439.210693 183.547897 1.291598 1.561096 4.263075 -17.303259 -10.717913 83.925475 1.522495 1.078501
Car -1 -1 -1.571597 853.449036 82.353287 909.633545 133.024353 1.296953 1.835452 4.265665 -3.287511 -14.823158 102.860428 -1.603547 0.834671
Car -1 -1 2.803395 1699.982300 208.468750 1919.662476 296.839111 1.290132 1.819516 4.271961 17.064343 -4.988608 55.648859 3.100935 1.032205
Car -1 -1 1.757940 286.409363 111.514725 361.548187 168.127289 1.241423 1.415434 4.275196 -20.828763 -11.853485 89.404586 1.529051 0.940601
Car -1 -1 1.789828 186.364838 101.065155 268.008057 162.161972 1.432386 1.479280 4.256731 -24.658909 -12.376614 91.951633 1.527820 0.885013
Car -1 -1 1.803852 67.888298 114.914490 156.013092 174.815918 1.277110 1.465100 4.268511 -27.920876 -11.784218 89.999368 1.503033 0.959343
Car -1 -1 1.792461 144.272858 124.308990 223.893112 185.872696 1.273859 1.266694 4.239604 -23.847776 -10.681241 84.061555 1.516030 1.011326
Car -1 -1 1.754646 295.706329 72.692085 360.816437 120.741844 1.359206 1.488748 4.259119 -24.818027 -15.781889 106.900845 1.526528 0.662429
Car -1 -1 1.732176 406.457092 108.317490 477.328766 163.097763 1.205601 1.416756 4.241889 -17.186826 -12.099761 90.098821 1.543685 0.901624
Car -1 -1 1.882890 2.175780 120.224068 87.072906 197.026077 1.632921 1.704839 4.260502 -28.343701 -10.353296 83.773874 1.556644 0.720657
Car -1 -1 1.729597 373.787292 76.071869 439.236176 126.069878 1.276168 1.614550 4.249822 -21.444382 -15.466020 105.432641 1.528940 0.568583
Car -1 -1 1.717920 432.526031 92.846100 495.065521 145.531418 1.226147 1.374644 4.254360 -17.715458 -13.629788 97.082691 1.537427 0.747166
Car -1 -1 -1.900438 1330.856201 106.586060 1434.843384 164.390320 1.291815 1.691017 3.978919 13.324321 -11.958949 89.573849 -1.752769 0.301954
Car -1 -1 1.787352 250.211792 64.587540 305.909119 103.173561 1.208327 1.295491 4.244609 -29.719408 -18.183297 118.859898 1.542338 0.514365
Car -1 -1 1.771944 239.184738 92.465240 308.274048 146.343353 1.269708 1.412884 4.277686 -24.989255 -13.907248 99.145035 1.525039 0.691000
Car -1 -1 1.853509 1.599718 88.869583 69.451233 136.495743 1.276688 1.649009 4.224826 -35.702492 -14.972267 104.970291 1.525663 0.303511
Car -1 -1 1.700864 464.478851 71.565529 525.781372 125.700111 1.384001 1.480166 4.284298 -17.737325 -15.179801 103.303440 1.530821 0.594386
Car -1 -1 1.812007 161.322571 79.701691 231.963104 128.032639 1.276013 1.293446 4.265702 -28.986256 -15.098006 103.868902 1.539865 0.305018
Car -1 -1 -1.570344 861.336914 17.746588 896.795105 50.692448 1.444352 1.876172 4.262994 -5.195766 -26.901025 157.615549 -1.603297 0.226686
Car -1 -1 1.672403 533.405579 46.968792 579.758606 84.170403 1.262876 1.607374 4.270351 -18.845829 -20.167206 126.294216 1.524274 0.294190
