Car -1 -1 -1.752638 1064.000488 660.079407 1308.000977 878.525757 0.759326 1.683839 4.399603 2.315856 2.649225 24.709985 -1.659189 2.030260
Car -1 -1 -1.363122 103.449486 693.569641 357.064758 909.416077 0.594064 1.497141 4.202301 -7.648751 2.753013 23.129508 -1.682494 2.234953
Car -1 -1 -1.523774 584.130188 438.654846 720.646301 573.034973 1.308862 1.985471 4.230203 -5.633645 -0.034809 39.440427 -1.665653 2.446996
Car -1 -1 -1.505373 653.763611 181.072708 701.512939 237.728195 1.872833 1.656960 4.684677 -13.482601 -13.549881 101.586848 -1.637322 0.394381
Car -1 -1 -1.613649 918.044739 286.593811 992.520569 356.451630 1.202646 1.727636 4.245449 -0.416102 -5.435034 63.540116 -1.620198 1.988276
Car -1 -1 1.773936 338.531097 240.075592 409.205078 300.365112 1.475772 1.391150 4.264539 -21.202518 -8.432159 78.222668 1.509243 1.202071
Car -1 -1 -1.686193 939.924316 238.149872 1011.195312 299.434448 1.369336 1.861266 4.243315 0.229588 -8.103121 74.832388 -1.683125 0.960395
Car -1 -1 1.830265 248.447098 216.045975 319.076599 270.282776 1.525930 1.426228 4.307476 -27.869725 -10.704921 89.309709 1.527784 0.572019
Car -1 -1 -1.590759 872.438965 199.311325 923.127136 251.212036 1.559875 1.881596 4.221606 -2.988676 -11.761054 92.003417 -1.623232 0.771604
Car -1 -1 1.765577 384.908295 175.342010 435.101593 213.769638 1.509215 1.644601 4.251242 -30.447620 -17.058110 119.408021 1.515909 0.474523
Car -1 -1 -1.550099 722.594849 205.978653 769.782227 249.252167 1.282134 1.861250 4.252067 -9.733371 -12.266445 95.651031 -1.651509 0.956249
Car -1 -1 -1.567744 775.861633 150.526154 812.209900 189.791183 1.938004 1.942317 4.512371 -10.472293 -20.046046 131.484497 -1.647223 0.216042
Car -1 -1 -1.580601 803.349060 177.979065 844.913147 213.585846 1.215669 1.793246 4.260375 -7.283443 -15.739011 109.716160 -1.646888 0.665053
Car -1 -1 -1.567846 807.299927 147.925690 838.124207 177.821320 1.385419 1.740058 4.252328 -9.212961 -21.733368 137.740242 -1.634633 0.374592
Car -1 -1 -1.594838 849.987427 124.722099 876.333008 149.884308 1.510782 1.799353 4.253122 -8.530137 -29.925405 176.337253 -1.643174 0.303232
Car -1 -1 -1.579581 810.058472 128.875076 837.318787 153.195190 1.487169 1.806739 4.246828 -11.683974 -29.793370 177.767746 -1.645212 0.211541
Car -1 -1 1.725261 449.708618 145.471024 482.044067 172.316895 1.426356 1.567214 4.222185 -37.140015 -25.810128 161.470218 1.499182 0.134078
