Car -1 -1 -1.785126 1384.831787 807.746704 1682.847900 1052.704834 0.710621 1.570575 4.213667 4.647673 3.229661 24.406612 -1.596952 3.228187
Car -1 -1 1.745787 400.310059 293.200134 498.104248 375.723785 1.488272 1.629144 4.246271 -13.904021 -5.210624 70.990523 1.552377 1.064268
Car -1 -1 0.269762 12.337877 462.795898 348.825653 578.650085 1.360097 1.881081 4.512333 -12.967105 -0.205251 44.355413 -0.014657 3.842011
Car -1 -1 -1.661403 1056.668091 768.308838 1288.809814 1001.059143 0.726955 1.642887 4.262768 1.556952 2.984627 25.592940 -1.600643 3.735350
Car -1 -1 -1.530176 678.526611 882.893372 934.926514 1079.442017 0.907225 1.745016 4.246686 -1.424848 3.908852 22.444467 -1.593574 5.630719
Car -1 -1 1.688117 531.492310 287.572510 623.567993 373.337067 1.601568 1.735186 4.237479 -10.702721 -5.301529 71.525573 1.539584 1.040354
Car -1 -1 1.796622 259.087616 308.518616 371.276215 381.279846 1.240551 1.590370 4.232738 -17.275370 -5.060637 70.726336 1.557056 1.080052
Car -1 -1 1.728543 464.556732 272.708710 547.391296 335.932800 1.308503 1.597761 4.249703 -14.181240 -6.953157 80.768151 1.554735 1.047985
Car -1 -1 -1.572965 940.083191 139.147491 969.050659 165.206726 1.480813 1.747587 4.258817 -2.559502 -27.056081 189.765110 -1.586451 0.316352
Car -1 -1 -1.556909 896.318420 131.273346 924.900330 156.507370 1.531741 1.881209 4.245739 -5.916676 -29.157495 200.703362 -1.586380 0.307845
Car -1 -1 -1.578919 993.845764 137.207901 1021.419312 161.877289 1.338005 1.765595 4.257679 1.090155 -28.111121 195.435841 -1.573341 0.280027
Car -1 -1 -1.579862 994.310608 164.322968 1028.819580 194.551865 1.332580 1.719835 4.243941 1.067226 -20.122395 151.632008 -1.572823 0.479096
