Car -1 -1 -2.086720 33.922352 361.331482 221.003998 454.102142 1.199556 1.587256 4.180756 -17.932431 -2.469435 46.213191 -2.456871 0.587127
Car -1 -1 -1.524726 969.019043 414.125549 1087.839844 535.955994 1.265202 1.865224 4.240393 1.173316 -0.904282 40.668770 -1.495883 2.133029
Car -1 -1 -1.329256 224.347595 614.481628 464.467590 805.106628 0.785383 1.570833 4.208804 -7.156409 1.955664 25.385714 -1.604032 3.265718
Car -1 -1 -2.194821 234.081024 335.637573 414.838593 418.143768 1.180237 1.855421 3.742647 -14.909861 -3.393556 50.167785 -2.483707 0.729518
Car -1 -1 1.792855 528.689087 209.154984 617.399597 290.227081 2.220441 1.784321 5.108265 -14.649347 -9.733166 80.629712 1.613129 0.463300
Car -1 -1 -1.547662 1010.599854 312.001312 1091.938965 393.613342 1.394289 1.861222 4.243230 2.203525 -4.402569 56.733327 -1.508842 1.525705
Car -1 -1 1.734145 677.097412 186.192108 731.834290 238.271591 1.850470 1.650903 4.696816 -12.975288 -15.095105 106.631049 1.613056 0.312342
Car -1 -1 1.776818 635.647461 241.694016 712.339783 293.116608 1.268784 1.730392 4.279372 -10.577384 -9.255924 78.169555 1.642322 0.802659
Car -1 -1 -1.553888 1006.278198 232.018799 1062.670654 289.164551 1.583187 1.871962 4.251205 2.530066 -9.852582 82.170339 -1.523107 1.007084
Car -1 -1 -1.624565 1094.124756 216.697540 1148.964844 259.673645 1.311869 1.973743 4.273515 6.818218 -12.736049 96.459132 -1.553997 0.848021
Car -1 -1 1.860440 434.024414 231.677979 515.475830 291.650330 1.571294 1.456198 4.253026 -18.030452 -9.473632 79.355869 1.637023 1.057515
Car -1 -1 -1.571383 1100.324829 170.507645 1135.496948 209.613678 1.881833 1.705496 4.542892 9.092989 -20.108745 131.733485 -1.502466 0.239878
Car -1 -1 -1.549043 1036.796021 163.572968 1072.130371 202.454590 1.749010 1.817377 4.248224 5.213928 -20.405963 130.762397 -1.509191 0.542798
Car -1 -1 1.686724 799.948181 185.763672 842.737793 217.747604 1.285585 1.636742 4.263467 -7.865877 -17.365244 116.535925 1.619329 0.539175
Car -1 -1 -1.595735 1156.236206 153.574127 1185.817627 184.070709 1.686882 1.875271 4.401144 15.248097 -26.778838 163.375414 -1.502673 0.195725
Car -1 -1 1.740905 687.536926 168.434967 731.424744 206.126617 1.816337 1.630917 4.522106 -14.892696 -19.180544 124.870347 1.622200 0.141370
Car -1 -1 1.691760 812.193726 143.100693 844.443176 169.990448 1.631118 1.766544 4.278091 -10.952379 -28.785607 169.780435 1.627340 0.262727
Car -1 -1 1.639719 888.691650 151.022751 918.869873 175.432327 1.387713 1.776170 4.259160 -4.838980 -27.100524 162.285517 1.609910 0.333650
Car -1 -1 -1.571127 1057.752441 146.497559 1086.176514 172.419601 1.659664 1.877354 4.329514 8.027420 -28.350508 168.539129 -1.523533 0.221738
