Car -1 -1 -0.227294 50.383923 390.222687 314.239227 488.682770 1.192983 1.845244 4.314269 -15.666543 -1.970600 53.497462 -0.512175 3.479153
Car -1 -1 -1.528661 707.531860 753.931763 921.840210 975.690002 0.719024 1.704168 4.263428 -1.596519 2.872883 26.214071 -1.589489 3.592518
Car -1 -1 3.117996 759.252991 400.072479 1055.825684 501.182465 1.370077 1.890576 5.015786 -1.561533 -1.567712 51.372752 3.087609 3.476714
Car -1 -1 -1.409341 317.303558 724.220581 586.759583 985.886963 0.998432 1.601391 4.476641 -4.913581 2.856146 25.790578 -1.597603 2.268281
Car -1 -1 -1.181536 787.454834 304.335052 924.367371 393.327606 1.515945 1.656500 4.415030 -3.339006 -4.642044 68.133778 -1.230503 0.821202
Car -1 -1 1.778075 276.789032 298.758881 378.315002 382.465820 1.499836 1.529057 4.244277 -16.924457 -5.022152 70.547157 1.542622 1.128095
Car -1 -1 -3.060992 365.277863 390.265961 607.148071 497.610870 1.496500 1.839221 3.906475 -9.338870 -1.627669 51.323409 3.042201 2.449033
Car -1 -1 1.742579 403.815765 293.638916 504.624237 376.471771 1.532179 1.605089 4.253814 -13.843291 -5.211616 71.317223 1.550854 1.031678
Car -1 -1 -1.672149 1081.049683 874.854797 1360.424927 1079.168335 1.144789 1.636659 4.237925 1.708998 4.020825 22.225481 -1.595406 4.010585
Car -1 -1 -1.821328 1402.360229 797.640015 1799.786133 1079.665527 1.635148 1.735381 4.669255 4.654691 3.950594 22.096405 -1.613710 3.191276
Car -1 -1 -0.345743 406.250885 361.501190 645.408081 448.094635 1.156278 1.870326 4.424614 -9.637124 -2.832596 56.933310 -0.513424 1.672783
Car -1 -1 1.660316 639.904053 298.741669 726.579956 388.971436 1.534711 1.680098 4.233303 -7.636957 -4.764322 68.526290 1.549328 1.074988
Car -1 -1 -1.568411 930.366272 183.695374 972.988708 227.682129 1.515354 1.775899 4.243869 -1.850637 -15.270724 125.180745 -1.583194 0.608223
Car -1 -1 -1.560562 934.473511 273.167542 1002.772888 336.049622 1.274138 1.741637 4.239752 -0.696683 -6.970583 80.894996 -1.569174 1.149022
Car -1 -1 1.726823 504.931030 314.278625 597.184692 380.511963 1.135263 1.510242 4.233192 -10.910271 -4.868376 68.456895 1.568778 1.207871
Car -1 -1 1.720152 462.767761 277.190521 541.471863 341.540833 1.270294 1.352299 4.245576 -14.012264 -6.668528 79.061612 1.544741 1.068914
Car -1 -1 1.697725 554.948608 287.811401 632.935852 358.488617 1.281879 1.490899 4.245266 -10.811488 -5.974752 75.224176 1.554979 0.929176
Car -1 -1 1.671457 587.855225 258.905365 657.509155 323.055939 1.367680 1.578917 4.240333 -11.133142 -7.568576 83.491893 1.538895 0.606811
