Car -1 -1 1.221785 371.638763 326.863129 524.257019 437.811584 1.523737 1.557502 4.298078 -10.721763 -3.052614 47.429597 0.999466 0.563521
Car -1 -1 1.739851 316.438568 308.197632 411.905029 391.388123 1.224221 1.387125 4.249849 -14.167520 -4.463882 53.942513 1.483011 0.764405
Car -1 -1 1.770759 454.512482 191.739761 524.727844 248.328125 1.653586 1.733894 4.261264 -17.970166 -12.218035 87.354504 1.567874 0.771443
Car -1 -1 1.880236 194.849869 250.154999 285.580719 311.077545 1.250483 1.338260 4.244085 -21.809065 -7.832644 68.350958 1.571372 1.073353
Car -1 -1 1.868902 172.313324 226.632599 256.418182 284.625336 1.392471 1.574066 4.224683 -25.294459 -9.586726 76.512360 1.549620 0.825698
Car -1 -1 1.789833 378.098358 176.720093 436.326141 220.075775 1.402303 1.546049 4.244198 -25.054873 -15.589505 102.811690 1.550796 0.612218
Car -1 -1 1.748888 498.886108 150.509125 550.398926 197.043320 1.956974 1.597404 4.551617 -21.641003 -18.303309 113.862524 1.561066 0.296701
Car -1 -1 1.662020 605.079163 147.044464 646.760254 179.541611 1.437675 1.796265 4.251061 -18.461684 -21.553305 128.319276 1.519128 0.499663
Car -1 -1 1.965396 0.000000 284.867523 47.491734 371.415497 1.519227 1.342894 4.517555 -24.262239 -5.025718 55.943943 1.556189 0.770956
Car -1 -1 1.705454 598.627869 121.296646 633.956299 147.265350 1.564956 1.899262 4.240711 -25.067779 -30.637915 168.794096 1.558020 0.158040
Car -1 -1 1.647915 686.548035 120.953583 717.375977 146.700989 1.581939 1.861653 4.229787 -18.100093 -30.169047 166.224645 1.539453 0.141295
