Car -1 -1 -1.535442 576.569763 615.123291 776.869202 834.782227 0.608156 1.535972 4.268989 -2.697278 1.733304 26.017570 -1.638744 3.272398
Car -1 -1 -2.304968 1377.662354 106.846336 1510.798706 171.132187 1.398130 1.594671 4.115155 14.723199 -11.357452 86.173898 -2.135747 1.007971
Car -1 -1 -1.403171 179.711182 585.632568 438.572662 801.221924 0.667373 1.504247 4.246832 -6.264951 1.530545 26.676979 -1.633836 2.888008
Car -1 -1 -0.176552 1233.196655 295.522919 1554.304199 409.770142 1.268313 1.865227 4.564240 6.983699 -2.471370 45.781441 -0.025175 3.489939
Car -1 -1 -0.009431 380.633453 255.978012 669.990906 379.836609 1.484733 1.894564 4.660976 -7.896647 -3.173027 49.131784 -0.168792 3.714169
Car -1 -1 3.086033 890.697388 187.421219 1165.876099 317.923004 1.847583 2.047521 5.049039 1.138664 -4.701897 55.271204 3.106631 2.072642
Car -1 -1 -1.346757 0.000000 774.571655 401.788055 1079.138062 1.262932 2.142038 4.525478 -5.563403 3.477759 19.611162 -1.623180 2.161702
Car -1 -1 3.051612 202.467316 233.599197 452.435760 338.575867 1.402538 1.873143 4.364243 -12.548570 -4.178344 54.120388 2.823774 2.467836
Car -1 -1 -1.840424 1412.972900 651.932983 1751.534790 903.254883 0.568068 1.516772 4.459853 5.192002 2.034268 24.144426 -1.628610 3.535551
Car -1 -1 -0.245581 1096.306885 248.272232 1358.302246 369.020325 1.499134 1.850363 3.965933 4.560905 -3.318106 49.149916 -0.153050 2.528847
Car -1 -1 2.849160 1541.755127 170.845795 1750.917480 244.273041 1.326339 1.850045 4.293611 16.366448 -7.175091 67.292820 3.087740 2.165295
Car -1 -1 -3.117638 589.325256 165.258774 815.297607 254.794983 1.486061 1.901024 4.739171 -6.197713 -6.692031 64.240450 3.069368 1.612180
Car -1 -1 -0.434850 1123.096313 132.680252 1269.444214 194.832077 1.240823 1.813402 4.048244 6.435235 -9.869032 79.800039 -0.354382 1.171373
Car -1 -1 3.043098 766.376953 191.243225 983.176270 275.174744 1.365682 1.867868 4.235294 -2.185380 -5.984731 61.822842 3.007764 1.434752
Car -1 -1 2.777614 1731.268311 206.215668 1919.615234 301.089172 1.351591 1.801536 4.307529 18.060199 -5.081972 56.942051 3.084746 0.696756
Car -1 -1 1.790492 148.887741 121.142120 240.524628 181.374466 1.232931 1.553344 4.277304 -23.954110 -11.005550 85.608610 1.517660 0.990725
Car -1 -1 -2.944351 203.613281 200.077621 428.396973 279.344818 1.252650 1.861324 4.247681 -14.679925 -5.995663 62.559614 3.108349 1.693674
Car -1 -1 -2.769642 1568.289673 130.106705 1738.516968 197.514343 1.397203 1.849021 3.878928 19.163774 -9.443935 77.228201 -2.526410 1.567632
Car -1 -1 1.723695 372.509064 119.939575 451.790619 180.026001 1.207132 1.505522 4.260636 -17.249773 -11.079736 85.659575 1.524977 0.859845
Car -1 -1 -0.652344 691.514465 141.185959 856.563416 212.730972 1.223189 1.784064 4.194264 -5.201397 -8.785364 73.907426 -0.722605 0.942456
Car -1 -1 2.954257 1269.372925 213.025833 1523.604858 308.821716 1.326681 1.850013 4.445673 8.464683 -4.769362 55.257022 3.106263 1.903902
Car -1 -1 -1.499317 448.834839 863.506165 793.851013 1078.753418 1.116224 1.810487 4.311073 -2.238530 3.855781 18.886665 -1.617291 2.224127
Car -1 -1 1.775351 260.084869 117.157188 342.945984 178.499527 1.249200 1.387512 4.250874 -20.835030 -11.231056 86.359554 1.538616 0.885858
Car -1 -1 1.815586 73.604897 110.209427 157.382553 166.569656 1.305941 1.446614 4.254744 -28.558265 -12.310701 92.581320 1.516380 0.988828
Car -1 -1 3.065632 554.221863 229.099991 773.078430 327.306183 1.412452 1.852607 3.917948 -6.044706 -4.297792 53.894299 2.953940 1.183515
Car -1 -1 2.954736 1839.931885 134.497894 1920.477661 206.776276 1.418441 1.835323 4.264017 25.825097 -8.907664 74.358216 -2.994176 0.375316
Car -1 -1 1.768384 255.674698 83.235069 326.564575 134.450317 1.349594 1.467299 4.259184 -25.078760 -14.669394 102.145846 1.527627 0.738057
Car -1 -1 1.803084 187.667908 72.891808 258.120789 120.977081 1.262674 1.452939 4.261290 -29.302175 -16.093711 108.610742 1.539567 0.585187
Car -1 -1 1.710165 419.355347 101.889153 490.920959 156.583054 1.234665 1.604400 4.264432 -17.248031 -12.675865 92.741833 1.526287 0.714612
Car -1 -1 1.757692 301.889679 97.806076 376.665192 156.844864 1.364152 1.405265 4.274653 -21.414278 -12.868625 94.145381 1.534038 0.691273
Car -1 -1 1.815049 140.739853 98.524994 213.370163 149.957870 1.257546 1.255949 4.270870 -28.534633 -13.867080 99.692386 1.536275 0.601443
Car -1 -1 1.694795 449.923981 78.709824 517.490173 135.302261 1.517325 1.756896 4.260258 -17.526069 -14.274994 99.690580 1.520769 0.683105
Car -1 -1 1.851446 71.585709 71.197334 138.638550 117.339981 1.400334 1.330719 4.294886 -36.458839 -17.401155 116.845923 1.548994 0.305010
Car -1 -1 1.837458 12.482869 125.531166 102.578278 184.967682 1.194973 1.281769 4.267566 -28.015772 -10.868642 85.198250 1.519766 1.070111
Car -1 -1 1.771989 199.241653 102.728432 270.833771 152.547607 1.147787 1.446438 4.270035 -25.190072 -13.067352 94.885194 1.512496 0.572176
Car -1 -1 1.753927 342.078278 90.335083 408.577209 141.567032 1.308354 1.369251 4.246659 -21.679296 -14.240611 100.885307 1.542256 0.633661
Car -1 -1 1.848246 17.481974 82.622467 91.052452 130.551132 1.323082 1.392568 4.282031 -36.255974 -15.861768 109.713498 1.529083 0.294704
Car -1 -1 1.745145 379.327606 79.861015 439.016785 126.336594 1.198763 1.349278 4.267065 -21.544971 -15.720564 107.083612 1.546598 0.397361
Car -1 -1 1.710809 429.542694 48.390259 481.380676 91.730942 1.485272 1.507251 4.358038 -23.065453 -19.629015 124.633208 1.527813 0.286041
Car -1 -1 1.675189 519.328979 52.683121 569.317139 95.574249 1.378568 1.555153 4.257615 -18.751158 -19.171074 122.657719 1.523490 0.350024
Car -1 -1 1.723943 387.570038 41.132832 438.595978 80.605507 1.423139 1.465169 4.278763 -26.807924 -21.546479 133.577460 1.525882 0.164708
