Car -1 -1 -1.571830 841.115051 607.460327 1033.339355 809.766724 0.629479 1.698382 4.241611 -0.201067 1.418598 22.974386 -1.580581 4.313311
Car -1 -1 0.114789 901.526794 305.184326 1141.507568 395.820251 1.290325 1.883637 4.492998 1.400555 -4.009270 45.341114 0.145668 3.814129
Car -1 -1 0.024459 648.502380 257.062073 864.104370 346.870514 1.550954 1.925133 4.546392 -4.584779 -5.439627 50.464884 -0.066143 3.086931
Car -1 -1 3.094570 872.091919 172.829559 1020.038513 230.336807 1.586265 1.868828 4.843319 -0.340439 -12.005426 77.012116 3.090149 1.852589
Car -1 -1 -1.695507 1110.714355 634.249390 1336.599243 846.965027 0.624114 1.626481 4.246611 2.642125 1.672228 22.339968 -1.577784 4.368431
Car -1 -1 -1.432887 483.308868 605.972107 714.441589 820.772644 0.691741 1.570359 4.247725 -3.524446 1.455189 22.421757 -1.588800 4.083750
Car -1 -1 3.029083 1056.109741 189.930573 1200.937256 243.410461 1.336212 1.841361 4.359370 5.752291 -10.880698 72.367401 3.108404 2.561963
Car -1 -1 2.774404 1617.777222 180.565842 1801.507324 251.846664 1.756090 1.942101 4.572788 23.587006 -10.051215 68.309640 3.106882 1.992636
Car -1 -1 -1.412632 1568.390259 459.461151 1749.073975 616.093689 0.872302 1.427340 4.215163 9.442186 -0.268137 29.105427 -1.098931 4.509609
Car -1 -1 -2.959560 414.495392 183.942719 563.406921 247.077713 1.614086 1.871739 4.285252 -15.191079 -10.666714 71.593490 3.114541 2.280097
Car -1 -1 2.809823 1530.286133 172.975113 1673.966553 230.120453 1.560504 1.851983 3.888313 22.730961 -11.957481 76.667488 3.098054 1.296709
Car -1 -1 1.674863 656.904297 132.900055 704.343994 171.673279 1.353358 1.580516 4.255495 -13.092742 -18.922651 104.539097 1.550269 0.655156
Car -1 -1 1.709370 588.937012 137.365997 640.177795 174.542648 1.268055 1.662455 4.266225 -16.392375 -18.971684 105.389892 1.555066 0.735678
Car -1 -1 1.655363 715.397278 128.860687 762.307068 173.167923 1.571643 1.611537 4.304968 -10.146797 -18.469360 102.362134 1.556560 0.506824
Car -1 -1 -2.420849 1250.775513 139.783081 1359.005493 187.361847 1.684270 1.914826 4.212139 15.373550 -16.868306 96.734133 -2.263241 0.584511
Car -1 -1 2.665790 1833.733765 175.176559 1918.639160 221.414215 1.359838 1.845586 3.825464 33.764231 -12.394481 77.957504 3.074510 0.353155
Car -1 -1 -1.664339 1084.878906 103.979347 1123.000854 132.485626 1.366606 1.843707 4.251720 9.395395 -27.080032 137.582696 -1.596156 0.316903
Car -1 -1 1.779552 544.025696 92.588539 588.373291 124.132767 1.592927 1.815038 4.290729 -27.243258 -30.781314 152.688518 1.602986 0.164017
Car -1 -1 1.692295 614.665222 126.290161 657.086548 159.674774 1.260916 1.467596 4.255273 -16.599736 -21.134536 113.755570 1.547393 0.550990
Car -1 -1 -1.600124 1028.655151 80.036758 1056.534912 102.937988 1.597293 2.020811 4.256349 7.254577 -37.836192 180.981916 -1.560060 0.130158
Car -1 -1 -1.570644 798.031860 840.471802 1110.312500 1080.000000 1.165557 1.909442 4.475199 -0.053268 3.730804 15.990227 -1.573975 1.692430
