Car -1 -1 3.111760 1070.344360 253.743546 1235.002075 324.593964 1.386864 1.853055 3.897492 5.298468 -6.604591 57.223635 -3.079096 2.405397
Car -1 -1 1.863353 842.634460 430.101044 998.571106 574.863647 1.214243 1.230120 4.070274 -0.378254 -0.665388 33.835242 1.852175 3.701487
Car -1 -1 2.861536 1490.711060 268.325043 1725.352539 348.221344 1.283655 1.928786 4.630871 15.600806 -5.590599 51.989551 -3.130123 3.275786
Car -1 -1 -3.047567 728.780151 253.207428 935.865906 353.462433 1.829782 1.983308 4.587829 -2.824791 -5.663894 54.077559 -3.099755 2.902767
Car -1 -1 -2.933370 289.533936 309.204773 505.293610 393.989777 1.390989 1.863698 4.302347 -12.838950 -4.485301 51.271712 3.104451 3.302808
Car -1 -1 2.755891 1784.155518 242.175659 1919.001465 318.635193 1.512567 1.868251 4.328894 24.892902 -6.937877 58.493664 -3.124945 0.655778
Car -1 -1 1.638045 858.211426 158.719467 906.742493 200.927856 1.333811 1.659643 4.264898 -2.981171 -16.319494 97.347549 1.607431 0.817578
Car -1 -1 -1.657839 1060.590210 165.708054 1119.305298 215.608017 1.430818 1.784917 4.260974 5.627810 -14.389266 88.912105 -1.594627 0.754414
Car -1 -1 2.944053 1420.582764 139.273651 1528.797363 180.438354 1.243993 1.831344 3.847406 22.094339 -16.306961 92.607791 -3.104931 0.339342
Car -1 -1 2.849691 1487.147217 145.150299 1602.460693 184.657272 1.232839 1.840377 3.624695 23.793573 -15.255179 87.873252 3.114122 0.249786
Car -1 -1 -1.665047 1117.993286 112.703682 1159.997437 145.310226 1.447186 2.056508 4.254028 11.700114 -25.973831 136.240676 -1.579379 0.360946
Car -1 -1 2.699722 1550.046387 150.947617 1666.019287 192.368912 1.233229 1.830249 3.701782 26.567935 -15.194132 88.668902 2.990840 0.261086
Car -1 -1 2.981949 1360.902222 137.761093 1490.441040 178.019714 1.277839 1.832233 4.181548 21.102528 -17.116792 96.797731 -3.086588 0.172175
Car -1 -1 -1.499526 1055.974731 92.893494 1090.047974 123.917603 1.454949 1.862773 4.233270 8.884673 -32.021209 160.083618 -1.444083 0.088948
Car -1 -1 -1.473276 1021.537720 92.146645 1059.524780 127.471977 1.795171 1.945709 4.503103 6.237376 -30.275429 152.638139 -1.432435 0.064724
