Car -1 -1 -1.696059 1509.659180 738.811646 1777.414551 981.414856 0.728920 1.650038 4.325059 5.655612 2.867881 25.609009 -1.478704 3.253241
Car -1 -1 -1.548963 813.259033 407.307587 919.444092 511.163025 0.984928 1.638269 4.242470 -2.644622 -1.159141 48.136627 -1.603848 2.539742
Car -1 -1 1.823636 152.220978 228.278946 247.606979 293.372559 1.316507 1.438525 4.251059 -24.518861 -7.775797 83.355751 1.537557 1.062604
Car -1 -1 1.768463 310.039520 214.923187 393.719849 272.159485 1.306825 1.765304 4.280774 -21.347401 -8.876630 89.134994 1.533396 0.676604
Car -1 -1 1.794954 207.040680 189.420181 280.910187 239.049591 1.325599 1.573685 4.256397 -28.690465 -11.382125 103.042859 1.523399 0.731781
Car -1 -1 -1.523095 757.449890 162.609222 795.800720 199.934952 1.278530 1.632144 4.276600 -11.417320 -16.189471 131.620853 -1.609622 0.444741
Car -1 -1 1.838181 104.371063 202.065567 199.677444 269.371704 1.648057 1.580795 4.333986 -28.537272 -9.206869 91.681676 1.536422 0.621652
Car -1 -1 1.666937 499.340332 147.775620 552.278137 186.122620 1.458559 1.802419 4.256371 -23.826783 -17.125062 134.550155 1.491669 0.230832
Car -1 -1 1.721182 468.323334 122.500259 504.647217 152.727249 1.499268 1.647059 4.270665 -34.044912 -24.565495 177.599989 1.531785 0.147016
Car -1 -1 -1.551513 823.697205 152.298111 861.547241 187.657410 1.469419 1.802536 4.243963 -9.360934 -18.831679 148.689851 -1.614387 0.159841
