Car -1 -1 -1.330888 0.407867 719.545349 328.453369 1078.719971 1.578989 1.556700 4.218831 -6.085155 3.409321 20.722668 -1.616507 0.856660
Car -1 -1 -1.394406 197.456100 601.439697 467.480194 827.584656 0.702363 1.500363 4.248307 -5.835789 1.687974 25.798610 -1.616868 2.931020
Car -1 -1 1.745091 276.992279 94.522247 363.853363 169.401062 1.642210 1.705755 4.286223 -20.922687 -11.855908 89.151662 1.514576 0.738495
Car -1 -1 -1.612128 921.546631 205.947632 1011.754700 290.016510 1.070621 1.735321 4.288235 -0.136621 -5.829340 61.631671 -1.614345 1.583156
Car -1 -1 1.819080 103.022850 94.858963 186.661743 155.291336 1.458876 1.513135 4.260944 -28.240971 -12.964160 94.727283 1.529341 0.617054
Car -1 -1 1.850163 0.714701 207.868668 112.754906 333.453522 1.606850 1.965785 4.672923 -19.080360 -4.588168 56.042870 1.522012 1.425907
Car -1 -1 1.732780 366.382202 114.156853 443.129028 181.091187 1.370490 1.451781 4.259334 -17.066308 -10.791269 83.688135 1.531611 0.974420
Car -1 -1 -1.482460 1252.442383 140.280396 1337.056763 218.301361 1.346932 1.711880 4.275612 8.636594 -8.610144 73.326307 -1.365217 1.202351
Car -1 -1 1.881473 3.397765 168.547852 107.297302 254.445633 1.520803 1.600551 4.246303 -22.590100 -7.071003 67.939046 1.560468 0.966366
Car -1 -1 -1.585277 883.205933 85.249290 939.776672 137.069427 1.346775 1.749916 4.238359 -2.151382 -14.264026 99.998097 -1.606788 0.816078
Car -1 -1 1.719092 413.372009 104.600899 481.573212 162.161011 1.289961 1.411254 4.251961 -16.980070 -12.106025 89.947572 1.532511 0.885682
Car -1 -1 1.771970 247.834900 58.712933 307.955109 105.626846 1.463130 1.449161 4.282966 -29.481964 -18.031901 117.982741 1.527101 0.488110
Car -1 -1 1.734846 350.450409 49.274620 409.450714 98.124161 1.554603 1.611477 4.325902 -25.961686 -18.937552 121.761025 1.524773 0.394423
Car -1 -1 1.696284 464.878174 77.607292 520.063354 126.102280 1.237398 1.371996 4.245904 -18.034558 -15.311575 104.483985 1.525362 0.673021
Car -1 -1 1.709671 449.878754 47.310116 499.955688 86.962891 1.288867 1.571784 4.248262 -22.971422 -20.413385 128.190292 1.532355 0.511212
Car -1 -1 1.722596 435.927734 88.206535 495.413666 138.886826 1.244991 1.359604 4.245650 -18.386952 -14.301362 100.828525 1.542220 0.662369
Car -1 -1 -1.577492 982.789062 6.678812 1017.348999 37.340702 1.477068 1.823011 4.256211 1.823620 -30.378034 173.419357 -1.566977 0.177330
Car -1 -1 1.664853 518.729431 0.619972 553.968323 25.401138 1.345817 1.743082 4.242362 -28.958625 -32.969361 184.248020 1.508957 0.109469
Car -1 -1 1.664343 489.790222 64.518791 542.786194 110.770737 1.373070 1.576076 4.238952 -18.409615 -16.999167 112.327516 1.501895 0.296460
Car -1 -1 1.674199 509.898895 50.582211 561.997620 95.528236 1.407851 1.604133 4.265875 -19.073894 -18.909015 121.310042 1.518243 0.245621
