Car -1 -1 -1.621073 859.848389 549.915466 1029.132446 716.609375 0.826350 1.625943 4.254369 -0.260728 1.156276 32.785905 -1.629025 2.779571
Car -1 -1 -1.707668 1052.788208 381.141876 1186.712158 502.045471 1.153244 1.542312 4.232895 2.607230 -1.321421 46.637108 -1.651821 2.975898
Car -1 -1 1.793423 82.369370 253.354172 196.293381 327.504364 1.259578 1.646117 4.294140 -20.207808 -5.626438 68.396775 1.506146 0.940339
Car -1 -1 -1.606101 833.220032 343.695923 955.897583 462.103882 1.282294 1.896646 4.310144 -1.238963 -2.029579 49.587094 -1.631081 1.822688
Car -1 -1 1.773630 153.823807 181.157104 236.010406 240.661224 1.437945 1.606545 4.252139 -26.080094 -10.463130 94.518213 1.504402 0.862420
Car -1 -1 -1.672934 993.237305 289.511688 1092.248169 373.292908 1.151354 1.700013 4.260941 1.811639 -4.304122 62.734570 -1.644065 1.053345
Car -1 -1 -1.837077 1326.413208 827.283813 1800.845459 1078.776489 1.088660 2.043130 4.681967 4.365985 3.722361 20.965647 -1.631766 3.160412
Car -1 -1 -1.649697 951.920959 217.164612 1024.782349 276.456787 1.195064 1.727090 4.273096 0.781515 -8.144983 82.384956 -1.640212 0.917905
Car -1 -1 -1.544349 700.664062 223.390366 773.566101 292.967529 1.308741 1.706792 4.261536 -6.174883 -7.190313 76.736777 -1.624645 1.204940
Car -1 -1 1.731822 289.962708 172.897049 361.689514 228.031784 1.391801 1.622596 4.254300 -22.516665 -11.289534 98.444917 1.506966 0.802322
Car -1 -1 1.808363 70.589531 183.205826 149.261490 235.361786 1.303277 1.520655 4.258802 -29.427907 -10.751491 96.035757 1.511021 0.833878
Car -1 -1 -1.607342 827.980469 209.307510 896.683228 271.728485 1.276585 1.852800 4.273825 -2.983361 -8.289608 82.580248 -1.643454 0.877745
Car -1 -1 1.748612 218.075180 163.968674 281.871613 209.961044 1.256101 1.558793 4.260998 -27.947405 -13.150551 109.131155 1.497910 0.721674
Car -1 -1 -1.600156 831.234680 171.564270 887.606018 222.629807 1.351420 1.735418 4.443811 -3.585089 -11.311260 97.818192 -1.636790 0.448842
Car -1 -1 -1.548068 721.414307 192.804810 784.113647 255.180344 1.393204 1.735276 4.313429 -6.614828 -9.351155 88.327743 -1.622818 0.802131
Car -1 -1 1.740049 280.550964 149.853683 343.824432 196.609589 1.371234 1.657812 4.251040 -26.880405 -14.403977 115.230108 1.510872 0.415690
Car -1 -1 -1.587878 823.193787 149.322708 869.434998 188.757141 1.265439 1.771244 4.250406 -5.006171 -15.254539 120.120243 -1.629531 0.294174
Car -1 -1 1.847335 0.000000 206.314545 33.128960 273.606201 1.472312 1.117064 4.300786 -29.612498 -8.506471 85.515229 1.513975 0.678747
Car -1 -1 -1.553571 735.432739 162.186539 787.526611 213.408676 1.294472 1.669856 4.268686 -7.600723 -12.644905 105.575796 -1.625440 0.386444
Car -1 -1 -1.601645 893.491577 124.747833 934.264038 160.826462 1.438753 1.753604 4.330754 -2.370815 -18.957441 139.390263 -1.618652 0.271396
Car -1 -1 -1.543993 738.164246 128.044540 781.248474 183.131470 1.717144 1.764289 4.606570 -8.793574 -15.783824 121.983636 -1.615957 0.183530
Car -1 -1 1.841057 1.391053 162.827850 46.955063 210.199142 1.333840 1.716401 4.233195 -38.599956 -13.557452 112.606227 1.510823 0.297986
Car -1 -1 1.742196 238.694107 135.301636 298.876587 183.863556 1.635627 1.791733 4.333450 -31.083229 -16.100031 124.697304 1.497905 0.222315
Car -1 -1 1.810884 26.267946 155.455917 92.195221 200.128372 1.382800 1.523660 4.263885 -38.852201 -14.733406 119.525135 1.496603 0.243372
