Car -1 -1 -1.539678 796.437378 669.619690 981.895813 886.615356 0.670830 1.603493 4.279570 -0.768350 2.205795 22.413430 -1.573945 4.289049
Car -1 -1 -2.130456 0.834636 696.389404 235.747223 986.783813 1.298484 1.757168 4.172306 -9.572985 3.055391 21.867511 -2.543095 3.913312
Car -1 -1 1.697565 617.594849 203.243729 677.981506 255.737915 1.610481 1.870225 4.276284 -13.767651 -13.048088 93.556258 1.551455 0.721281
Car -1 -1 1.674623 684.254456 208.608353 737.654968 258.111206 1.509313 1.685153 4.283020 -10.748339 -12.524347 90.704203 1.556675 0.559982
Car -1 -1 -1.486586 628.890442 922.303467 946.133545 1079.038086 0.523029 1.826254 4.238587 -1.204152 3.886769 16.668975 -1.558700 5.014522
Car -1 -1 1.663713 712.426941 201.093628 759.028381 244.187347 1.332095 1.603060 4.259781 -10.407594 -13.959327 96.923895 1.556744 0.784471
Car -1 -1 -1.683001 1003.813782 144.333069 1033.097778 169.404205 1.504037 1.683280 4.273133 3.784166 -29.462988 168.588814 -1.660558 0.280538
Car -1 -1 0.182460 1299.301147 156.759064 1373.838379 187.864975 1.582942 1.860796 4.115638 23.477077 -23.317005 139.764167 0.348883 0.140781
Car -1 -1 1.634376 735.894592 182.997345 778.759155 219.409912 1.364934 1.741823 4.245729 -11.147678 -17.721335 114.793826 1.537569 0.525302
Car -1 -1 1.621559 766.842712 131.755478 790.990845 154.257004 1.567222 1.792052 4.256131 -17.256584 -35.710818 197.075745 1.534218 0.249533
