Car -1 -1 -1.610694 1002.304260 460.808105 1128.011963 587.134827 1.213797 1.725843 4.237394 1.114385 -0.249205 43.973942 -1.585358 2.596124
Car -1 -1 -1.625411 1014.434204 748.381470 1237.804077 970.362793 0.766501 1.733672 4.252919 1.192656 2.885310 26.524457 -1.580477 2.948796
Car -1 -1 -1.684881 1175.078857 472.899719 1311.286011 593.708313 1.081435 1.590554 4.229545 3.892710 -0.160212 43.538240 -1.595709 2.407583
Car -1 -1 1.788919 273.837555 285.287262 373.178192 383.111267 1.815322 1.286688 4.603203 -16.972984 -5.010432 70.402023 1.552347 0.628606
Car -1 -1 -1.534825 815.426086 394.099152 924.233337 530.818420 1.567521 1.704743 4.398533 -2.138499 -1.211661 48.996745 -1.578443 1.433118
Car -1 -1 1.709583 521.100647 290.020874 615.638245 371.951782 1.511308 1.732972 4.245588 -11.011066 -5.379241 71.975506 1.557777 0.951689
Car -1 -1 -1.547691 835.097717 260.602600 901.247559 330.980408 1.515450 1.800594 4.240946 -3.693085 -7.234348 82.266451 -1.592553 1.229811
Car -1 -1 1.662626 645.944641 291.604034 732.768433 377.954834 1.539364 1.693921 4.247120 -7.680027 -5.128643 70.299564 1.553811 1.134447
Car -1 -1 -1.774361 1359.148071 851.848389 1724.702881 1079.358276 1.145891 1.931166 4.292151 4.401633 3.939439 22.978997 -1.585103 3.018253
Car -1 -1 -1.569875 946.949646 188.894989 990.373840 230.666290 1.430505 1.774275 4.242271 -1.074341 -15.035608 124.239818 -1.578522 0.679118
Car -1 -1 -1.580664 953.928955 252.241501 1017.212646 310.208771 1.340617 1.821826 4.245811 -0.229182 -8.314395 88.000593 -1.583268 1.358242
Car -1 -1 1.692584 574.984497 257.973755 655.368652 331.274933 1.596351 1.707872 4.243526 -11.077801 -7.140750 81.328692 1.557207 1.037483
Car -1 -1 -1.566486 949.584961 221.629486 1001.695984 267.672668 1.286804 1.821096 4.230853 -0.621749 -11.360917 104.738148 -1.572422 0.687468
Car -1 -1 -1.573712 950.385315 141.666153 980.442749 169.495468 1.447016 1.830155 4.256780 -1.814124 -26.093439 184.522797 -1.583543 0.334583
Car -1 -1 -1.555297 890.614563 145.318604 922.555420 174.310486 1.474545 1.755178 4.253957 -5.419760 -24.485215 175.374327 -1.586191 0.401381
Car -1 -1 1.661293 687.790161 259.510773 752.888123 318.573517 1.301266 1.501527 4.253407 -8.272822 -7.760401 84.421022 1.563610 0.890766
Car -1 -1 -1.568674 976.804382 130.782715 1003.570435 155.406677 1.426827 1.857852 4.259172 -0.188615 -29.433413 201.758026 -1.569609 0.277755
Car -1 -1 1.653993 711.196289 242.581863 770.947876 297.763062 1.308753 1.494348 4.245471 -8.387393 -9.179461 92.697285 1.563757 0.581511
Car -1 -1 -1.614335 1093.096069 133.111267 1125.480347 161.730988 1.744897 2.052217 4.258648 8.200994 -27.791516 193.774009 -1.572038 0.060259
