Car -1 -1 -1.531041 921.779053 395.519775 1044.097534 524.079224 1.358292 1.931828 4.351263 0.316712 -1.162182 41.501605 -1.523410 1.598690
Car -1 -1 -1.536898 451.795074 459.888519 589.792542 594.701172 1.133108 1.815267 4.231689 -7.045174 0.013911 34.393483 -1.738944 2.842233
Car -1 -1 -1.609487 1119.802612 351.590393 1216.854492 440.593567 1.165670 1.937580 4.283592 4.665752 -3.050466 50.964539 -1.518192 1.087285
Car -1 -1 -1.702688 1338.658691 435.071014 1457.164795 542.935974 1.012288 1.513175 4.235006 7.924991 -0.773872 40.327198 -1.508643 1.799125
Car -1 -1 2.748780 1801.723999 324.711578 1920.143311 392.878601 1.238514 1.906979 4.094375 24.062461 -4.226481 55.721939 -3.126763 0.771496
Car -1 -1 -1.537673 1022.063416 237.874161 1076.878418 287.056000 1.289939 1.756992 4.247109 3.156921 -10.112041 83.594380 -1.499926 0.975303
Car -1 -1 -2.470176 479.551636 319.045929 673.681946 393.359375 1.185570 1.871435 3.943084 -9.746983 -4.167762 54.145324 -2.648284 1.406140
Car -1 -1 1.768272 627.520874 229.206665 699.947998 295.945068 1.717840 1.548429 4.550774 -11.058773 -9.298941 78.985982 1.629167 0.409003
Car -1 -1 -1.640075 1246.057373 210.675629 1302.399048 269.356354 1.742466 1.835465 4.584537 13.023053 -11.865783 92.178124 -1.499722 0.371574
Car -1 -1 -1.635378 1276.126343 283.093414 1349.436401 345.157562 1.136828 1.667444 4.236138 10.539091 -6.511938 66.480505 -1.478158 1.071847
Car -1 -1 -1.591588 1128.731201 226.918625 1184.565430 275.431458 1.348890 1.934126 4.239801 7.645641 -11.093931 88.132301 -1.505052 0.866030
Car -1 -1 -1.590004 1143.478760 266.968414 1210.823242 354.136871 1.757824 1.673421 4.592544 6.241707 -6.188806 65.170639 -1.494520 0.754430
Car -1 -1 -1.587892 1159.385864 203.113281 1202.575317 238.943924 1.293367 1.816167 4.225336 10.666608 -15.263989 108.660669 -1.490041 0.630847
Car -1 -1 -1.547478 1038.074951 168.727173 1071.519043 207.943115 1.785419 1.705401 4.417728 5.137504 -19.733014 128.465135 -1.507508 0.310238
Car -1 -1 1.684100 778.068726 169.441147 812.733887 198.062286 1.341173 1.569706 4.254603 -10.569593 -20.918756 132.810033 1.604683 0.476938
Car -1 -1 -1.613369 1228.256714 177.470993 1267.567261 214.418396 1.526923 1.901499 4.253282 16.475397 -19.313266 127.541695 -1.484904 0.555338
Car -1 -1 -1.593072 1215.119385 154.916412 1250.304321 191.193665 1.946337 1.959028 4.553311 18.496995 -24.418896 151.728890 -1.471762 0.208618
Car -1 -1 -1.562833 1113.856079 166.262817 1143.668579 193.011703 1.371482 1.805647 4.264862 11.031289 -23.891199 149.154863 -1.489008 0.445447
Car -1 -1 1.660805 838.265320 165.880173 872.219482 195.746063 1.416784 1.550510 4.257353 -7.297795 -22.277291 140.321288 1.608844 0.291496
Car -1 -1 -1.584219 1159.176880 185.699356 1195.238647 218.096817 1.239098 1.791377 4.230333 11.970488 -18.703140 124.510276 -1.488373 0.432445
Car -1 -1 1.798694 536.559509 209.410324 596.906982 255.972610 1.471882 1.550247 4.248275 -17.990818 -13.059406 97.190273 1.615657 0.445693
Car -1 -1 1.649274 873.450867 153.370743 905.076294 180.550095 1.522094 1.784680 4.253233 -5.695133 -25.547718 155.204837 1.612596 0.217693
Car -1 -1 -1.592553 1151.588135 144.667480 1175.510620 166.532547 1.431821 1.763193 4.257938 16.576185 -31.442533 183.869565 -1.502644 0.272801
Car -1 -1 1.685944 802.127625 147.105225 832.431885 171.401779 1.463486 1.789614 4.248946 -11.709802 -28.456915 168.761355 1.616669 0.248298
Car -1 -1 1.640879 918.208618 141.732010 944.213623 163.414032 1.423811 1.685690 4.244415 -3.035133 -30.933925 179.566272 1.623978 0.139668
Car -1 -1 1.679368 829.917725 144.851379 862.423157 171.539917 1.699752 1.785622 4.303901 -9.181254 -28.038297 166.659747 1.624334 0.114323
Car -1 -1 -1.578506 1111.641357 140.741821 1133.901611 162.625366 1.707209 1.702363 4.307490 12.994668 -31.240328 182.381580 -1.507376 0.080490
