Car -1 -1 -1.712865 493.187256 464.413910 626.725952 582.364990 0.985953 1.529343 4.245200 -7.028335 -0.511523 37.650805 -1.897413 2.639948
Car -1 -1 -1.805473 1377.636963 655.665710 1645.929688 848.637207 0.684394 1.659064 4.488705 5.931221 2.005090 24.346484 -1.566511 2.173383
Car -1 -1 -1.624762 1021.204712 483.797150 1169.720581 645.359131 1.274970 1.907407 4.449821 1.930093 0.307155 33.886961 -1.567866 2.881189
Car -1 -1 -1.742728 1253.716675 466.171448 1406.065674 597.759338 1.082059 1.534781 4.248309 5.911462 -0.286323 35.975300 -1.579863 3.537997
Car -1 -1 -1.558961 877.948975 252.365402 938.979736 307.707153 1.313758 1.889060 4.236620 -2.072174 -9.647649 79.361185 -1.585065 1.078947
Car -1 -1 -1.540747 847.373169 294.952820 924.820618 369.015381 1.308003 1.823311 4.245409 -2.264039 -6.066572 62.299292 -1.577072 1.464610
Car -1 -1 -1.616514 1033.386963 217.165268 1088.616455 268.023773 1.495434 1.885863 4.351553 3.960983 -12.608638 91.701403 -1.573346 0.625465
Car -1 -1 -1.611511 988.612732 277.708221 1054.189819 338.039001 1.191239 1.779892 4.278016 1.730447 -7.576692 69.437809 -1.586595 1.057117
Car -1 -1 -1.675694 1138.897095 222.085464 1200.634399 274.002075 1.430800 1.734223 4.272772 8.319869 -12.112394 89.350742 -1.582847 0.945519
Car -1 -1 1.182936 1811.480103 165.019043 1892.354248 212.847458 1.676386 1.878024 4.418704 42.408567 -16.839530 104.917474 1.567065 0.309200
Car -1 -1 -1.923013 1754.519775 172.479187 1825.656616 212.093597 1.402205 1.524686 4.264720 39.194416 -16.731927 104.309562 -1.563585 0.535694
Car -1 -1 1.997438 1735.926636 205.586151 1833.866089 258.538483 1.472844 1.778668 4.216082 32.022140 -12.131313 85.645278 2.355238 0.272011
Car -1 -1 -1.601459 981.634033 201.746948 1026.283081 241.142654 1.310153 1.843016 4.232995 1.813131 -15.817735 106.412844 -1.584422 0.676384
Car -1 -1 2.781566 1719.987793 164.364975 1824.330078 202.368942 1.491375 1.826389 3.949187 40.950905 -18.331867 111.557641 3.133378 0.183912
Car -1 -1 1.186591 1873.381226 170.160828 1919.160767 210.620956 1.461441 1.566889 4.223964 45.766135 -17.097552 106.301435 1.593138 0.196832
Car -1 -1 -2.731035 48.831074 197.441254 128.469681 226.163712 1.197749 1.834465 3.225174 -47.766119 -18.279768 118.974048 -3.112819 0.111087
Car -1 -1 2.860968 1588.657471 148.861877 1671.629395 182.083725 1.578105 1.821845 4.007581 40.201333 -22.699145 131.742799 -3.126042 0.139572
Car -1 -1 -1.697889 1093.610352 946.464478 1418.606567 1080.000000 0.330728 1.891071 4.280673 2.147932 3.971736 17.627129 -1.576633 2.930529
