Car -1 -1 -1.425363 324.317047 519.282043 515.695984 691.218933 1.158473 1.792468 4.327361 -7.219771 1.037779 35.379214 -1.626667 2.662840
Car -1 -1 -1.599969 956.817017 564.161072 1130.318970 729.177185 1.009715 1.879737 4.333267 0.592305 1.443002 34.654450 -1.582879 1.969253
Car -1 -1 -1.672700 1097.672974 332.938599 1204.635986 434.646240 1.387101 1.732110 4.311269 3.328706 -2.846992 58.339910 -1.615705 1.327280
Car -1 -1 -1.285150 0.640367 749.671509 352.825287 1080.000000 1.146922 2.039721 4.423113 -6.811168 3.194358 22.517996 -1.578878 1.906677
Car -1 -1 -1.514912 744.013428 321.049927 847.149963 417.655151 1.435907 1.848464 4.234337 -4.224222 -3.254517 60.512333 -1.584606 1.627656
Car -1 -1 -1.585595 938.092224 278.398560 1019.459595 360.889038 1.463627 1.898637 4.277379 -0.339169 -5.106449 71.210565 -1.590358 1.104716
Car -1 -1 -1.543753 832.974060 258.161346 897.744751 317.711945 1.199181 1.716888 4.267519 -3.787822 -7.162257 83.773045 -1.588938 1.211778
Car -1 -1 -1.572919 939.844910 191.275162 986.298523 236.931061 1.510467 1.748157 4.259236 -1.202823 -13.409614 120.437826 -1.582905 0.647255
Car -1 -1 -1.602589 1020.305481 190.128784 1072.583374 242.937469 1.726715 1.882300 4.322716 2.328377 -12.791584 117.029484 -1.582696 0.507389
Car -1 -1 -1.539719 838.389954 219.723328 894.951904 272.271118 1.344288 1.790556 4.261634 -4.484242 -10.107915 101.014529 -1.584082 0.608393
Car -1 -1 -1.618657 1078.270020 298.204559 1159.624146 364.368103 1.105466 1.557304 4.236537 3.226921 -4.958201 70.516723 -1.572928 1.064932
Car -1 -1 1.702168 476.880951 224.158295 549.453247 283.925201 1.515056 1.748857 4.252824 -16.263453 -9.079065 94.564632 1.531851 0.500377
Car -1 -1 -1.483825 377.868011 932.553284 721.810730 1079.987793 0.526927 1.874328 4.274556 -3.068638 3.886461 20.416119 -1.633013 3.671599
Car -1 -1 -1.596636 1008.038818 172.024261 1044.794189 203.666977 1.302203 1.727745 4.261578 1.947544 -18.604811 152.373545 -1.583855 0.428315
