Car -1 -1 -1.418962 546.589050 583.485962 747.750183 772.749207 0.865213 1.588369 4.268919 -3.693131 1.496646 25.705221 -1.561658 3.965778
Car -1 -1 -1.534614 777.923157 685.446228 993.082581 909.592041 0.586865 1.776084 4.488480 -0.771552 2.283647 21.766494 -1.570046 2.521282
Car -1 -1 -1.342286 265.822784 829.855103 645.229675 1078.723633 0.932353 1.817704 4.444310 -3.996086 3.685677 17.844051 -1.562596 2.816431
Car -1 -1 1.682278 616.922119 211.584610 671.903992 258.032074 1.362936 1.617285 4.260159 -13.657740 -12.691528 91.667311 1.534373 0.892581
Car -1 -1 1.720900 546.433350 213.841354 604.073425 256.856964 1.272539 1.596658 4.257167 -16.696414 -12.803569 92.338514 1.542015 0.939073
Car -1 -1 1.663448 691.363281 214.316559 743.382385 259.838196 1.306384 1.608095 4.264964 -10.352990 -12.321229 89.554874 1.548354 0.765817
Car -1 -1 1.688809 602.004700 192.312881 646.602722 228.048523 1.282973 1.476424 4.270747 -16.859711 -16.008534 106.617725 1.531975 0.684532
Car -1 -1 1.660400 665.070374 179.198776 714.005432 227.030563 1.806987 1.777572 4.527288 -13.750995 -16.248518 107.366473 1.533018 0.322453
Car -1 -1 1.677178 642.924927 194.846802 694.198669 238.540833 1.454189 1.718243 4.248609 -13.929181 -14.764783 100.889801 1.539982 0.629488
Car -1 -1 0.158340 1297.384399 156.190430 1372.897705 188.045639 1.592287 1.858358 4.061301 23.278271 -23.182992 138.982488 0.324290 0.157784
Car -1 -1 1.650439 716.415161 196.829544 764.254517 244.750488 1.592893 1.621482 4.303870 -10.376750 -14.268464 99.055838 1.546063 0.428993
