Car -1 -1 3.133543 814.982422 400.381042 1102.810303 500.245422 1.406041 1.875875 4.969510 -0.639034 -1.554278 51.417700 3.121115 3.327081
Car -1 -1 -0.059780 1108.768188 440.048828 1413.419189 570.111328 1.639306 1.864023 4.510555 4.309261 -0.309003 44.644275 0.036446 4.086658
Car -1 -1 -1.518271 660.691284 800.392212 881.840027 1034.598145 0.644755 1.601977 4.234176 -1.884427 3.131488 24.670564 -1.594506 3.970301
Car -1 -1 -1.772807 1351.501465 810.256348 1640.989014 1057.509644 0.686037 1.532062 4.221733 4.318430 3.242697 24.366145 -1.597398 3.571935
Car -1 -1 -0.130416 146.305527 405.443024 422.625519 506.062164 1.214348 1.837066 4.423379 -13.132866 -1.571758 51.337703 -0.380858 4.189449
Car -1 -1 3.033678 1277.574585 388.598846 1560.850830 495.568970 1.456933 1.860651 4.596824 7.986254 -1.706462 52.037642 -3.097225 3.106192
Car -1 -1 3.064638 425.193695 499.113800 775.951843 636.016663 1.353338 1.904614 4.636863 -5.785132 0.503354 40.781868 2.923723 4.604416
Car -1 -1 -1.660036 1060.038452 843.883179 1309.307983 1078.934326 1.155453 1.554473 4.227415 1.507806 3.893176 23.079973 -1.594799 4.197391
Car -1 -1 1.738084 408.922821 293.116516 501.399963 379.439911 1.581099 1.519329 4.244539 -13.724893 -5.109318 70.772363 1.546532 1.034297
Car -1 -1 1.793212 267.277191 288.759644 384.670074 380.650269 1.666005 1.684409 4.496530 -17.095001 -5.141216 71.067085 1.557149 0.712325
Car -1 -1 1.690209 519.537659 291.126343 607.536560 379.278351 1.571201 1.571064 4.238763 -10.902958 -5.113153 70.479190 1.536728 1.147409
Car -1 -1 -1.641416 1011.758972 235.177536 1079.307861 287.794403 1.306001 1.935158 4.252167 1.787267 -9.703267 95.101929 -1.622625 0.777976
Car -1 -1 -1.567541 1026.705566 186.493927 1073.789429 234.309845 1.707130 1.830805 4.297424 2.559365 -14.674797 122.903520 -1.546720 0.417206
Car -1 -1 1.723238 533.762451 218.342010 602.828247 284.138977 1.726762 1.469365 4.610978 -14.614495 -9.836762 95.303321 1.571076 0.465304
Car -1 -1 1.715953 498.353577 256.175262 568.756104 313.893799 1.277256 1.413165 4.253743 -14.342611 -8.079092 86.528953 1.551692 0.889435
Car -1 -1 -1.575365 986.073364 140.725403 1017.366516 168.429291 1.575399 1.871041 4.250955 0.607805 -25.700834 181.866610 -1.572023 0.317907
Car -1 -1 1.700832 586.930786 240.928391 655.861755 310.879395 1.698712 1.608926 4.260036 -11.536658 -8.093789 86.173685 1.567746 0.692856
Car -1 -1 1.779438 323.474854 275.781250 410.663239 354.515503 1.484376 1.371266 4.242344 -17.569945 -6.342939 78.041463 1.557995 0.932562
Car -1 -1 1.690560 555.844604 275.232666 633.202820 346.738647 1.397713 1.523620 4.256971 -11.314629 -6.553883 78.811440 1.547969 1.030966
Car -1 -1 1.699609 589.379639 209.006302 645.431274 253.918411 1.254980 1.519999 4.250440 -14.680641 -12.273509 108.249028 1.564812 0.560944
Car -1 -1 1.618565 736.839905 144.433456 770.116516 173.121674 1.447345 1.713981 4.266003 -15.149708 -24.477722 174.999212 1.532210 0.300660
Car -1 -1 1.656300 683.049194 141.219910 717.486572 170.530365 1.577039 1.702689 4.239856 -18.921350 -25.191661 178.916155 1.550936 0.265858
Car -1 -1 1.740273 460.339203 279.412262 534.896240 341.290131 1.286356 1.334714 4.271972 -14.261019 -6.670028 79.446775 1.562661 0.770702
Car -1 -1 1.644164 749.617981 206.164505 803.141846 261.384888 1.699610 1.720248 4.394791 -8.303884 -11.709796 106.230180 1.566154 0.181992
