Car -1 -1 0.849235 833.654663 357.323547 1042.095215 467.722321 1.462034 1.847095 3.904055 -1.139654 -2.481546 55.936062 0.828863 1.757359
Car -1 -1 -1.510068 652.157593 768.871277 885.650330 1027.854370 0.883177 1.756874 4.237976 -1.934821 3.107207 25.078473 -1.587066 3.427893
Car -1 -1 -1.648899 1023.795532 828.494629 1294.636230 1078.987671 1.215629 1.769173 4.261684 1.283375 3.829110 23.209660 -1.593661 2.539931
Car -1 -1 -1.780731 1346.305542 790.831116 1651.379761 1062.619507 0.915347 1.635549 4.235737 4.320198 3.272958 24.299806 -1.604782 3.116142
Car -1 -1 -1.377144 196.891876 851.830200 533.022827 1079.361450 1.003411 1.796441 4.253022 -5.023003 3.772520 22.822885 -1.593776 3.173771
Car -1 -1 1.653738 679.232788 269.934265 753.747375 332.977081 1.288496 1.670474 4.251117 -8.010002 -7.015976 80.535806 1.554606 1.030121
Car -1 -1 -0.060769 1746.162476 418.872406 1916.406250 549.804199 1.548036 1.857541 4.714517 15.638876 -0.748054 47.066265 0.260027 1.055595
Car -1 -1 1.834682 178.326904 251.096924 268.619904 311.893005 1.371403 1.478910 4.255979 -24.649250 -8.366838 88.718191 1.563679 0.968202
Car -1 -1 1.656154 708.744751 236.054291 772.168762 294.118744 1.396034 1.668447 4.244333 -8.289732 -9.142991 91.464958 1.565768 0.969028
Car -1 -1 -1.598838 988.962463 148.927017 1021.945251 179.488312 1.436408 1.793420 4.249944 0.798413 -22.995267 166.904284 -1.594054 0.384037
Car -1 -1 -1.621911 1164.738525 167.543091 1207.367554 203.158401 1.503186 1.841811 4.231958 9.980691 -18.466676 142.543354 -1.552006 0.374795
Car -1 -1 1.649160 693.261475 137.830048 725.132324 164.557053 1.480641 1.658521 4.260635 -19.345982 -27.025807 189.138418 1.547230 0.238783
