Car -1 -1 -1.777400 1134.766602 587.710083 1357.544678 772.398071 1.101344 1.607171 4.257830 2.961072 1.664098 33.421916 -1.689034 2.977405
Car -1 -1 -1.697094 1169.487427 462.228394 1311.991455 584.952209 1.056924 1.530941 4.250536 3.953282 -0.335073 44.454150 -1.608398 2.430028
Car -1 -1 -1.502355 643.617310 808.189331 896.312317 1076.170288 0.838228 1.749246 4.240844 -1.815717 3.321284 23.897687 -1.578189 3.152402
Car -1 -1 -1.620347 961.237061 467.170227 1090.478027 585.920837 1.047149 1.705448 4.246052 0.484858 -0.291949 44.412929 -1.609430 2.435280
Car -1 -1 -1.637367 1043.694458 790.413513 1285.912476 1046.887085 0.854628 1.756877 4.216327 1.461939 3.265390 24.962011 -1.578868 3.163725
Car -1 -1 -1.564323 788.824524 383.122864 890.106812 482.417084 1.154290 1.716350 4.247046 -2.996763 -2.157589 54.422256 -1.619333 2.036912
Car -1 -1 -1.394391 321.065033 803.765808 589.899536 1045.821777 0.692157 1.492372 4.218163 -4.633742 3.170081 24.420405 -1.581911 2.430766
Car -1 -1 -1.590456 955.982483 334.478027 1048.157471 429.334351 1.441664 1.829361 4.248376 0.186740 -3.518240 62.396023 -1.587463 1.507525
Car -1 -1 -1.637943 1081.324463 319.954010 1173.979614 406.574097 1.392771 1.816515 4.255500 3.163753 -4.170465 65.710115 -1.589833 1.086972
Car -1 -1 1.651372 647.818298 290.190491 730.986572 377.801331 1.612671 1.597366 4.247667 -7.671009 -5.098845 70.114787 1.542399 1.147270
Car -1 -1 -1.543300 822.389893 292.406464 892.012756 357.467621 1.200601 1.671709 4.241504 -3.674412 -5.988584 75.622988 -1.591851 1.501658
Car -1 -1 -1.579010 947.501587 267.872864 1010.501038 327.256073 1.256529 1.710424 4.221119 -0.405582 -7.416593 83.326176 -1.583877 1.046376
Car -1 -1 -1.598429 1025.527344 214.442383 1077.834473 259.365692 1.334361 1.877426 4.246912 2.333727 -12.152646 109.106621 -1.577043 0.824649
Car -1 -1 -1.551576 881.498779 181.077759 921.148621 217.963242 1.370402 1.627262 4.249942 -4.377253 -16.658324 133.346928 -1.584390 0.627366
Car -1 -1 -1.569955 925.564331 151.834717 958.553711 181.224899 1.383840 1.766754 4.239492 -3.013666 -22.563709 164.233993 -1.588303 0.463648
Car -1 -1 1.661435 699.006042 247.411377 768.154785 316.766754 1.615865 1.668273 4.237540 -7.919148 -7.843543 84.984843 1.568520 0.895091
Car -1 -1 1.646991 733.875366 217.429672 793.884521 276.720764 1.616916 1.712486 4.231529 -8.192447 -10.496231 99.278219 1.564658 0.556602
