Car -1 -1 2.865226 1497.162109 425.153473 1783.990845 530.593140 1.362753 1.847401 4.268743 11.279052 -0.992859 48.286464 3.094698 5.079559
Car -1 -1 0.074523 524.137878 446.989044 850.838135 585.131775 1.605089 1.896224 4.636920 -4.731380 -0.119155 43.015414 -0.035029 4.359145
Car -1 -1 -1.530104 695.989319 823.879150 930.773193 1075.148926 0.628980 1.720311 4.261437 -1.478439 3.273813 23.846541 -1.592023 3.055698
Car -1 -1 -1.779456 1371.442627 830.797180 1660.054199 1072.292358 0.611436 1.481805 4.214204 4.462150 3.337561 24.251859 -1.597499 3.182513
Car -1 -1 -1.670337 1051.552490 837.263123 1312.593018 1078.999512 1.038280 1.704275 4.246096 1.508624 3.776299 23.609855 -1.606525 3.146444
Car -1 -1 -0.300626 68.679619 384.373688 316.338013 488.120789 1.335037 1.840243 4.045890 -15.383780 -1.928695 53.180315 -0.582216 2.537880
Car -1 -1 -1.388840 156.802094 915.413513 517.757874 1078.929443 0.998874 1.804510 4.267884 -4.851863 4.120539 21.223579 -1.613585 2.723507
Car -1 -1 1.689032 540.629089 191.177979 598.513794 240.068970 1.677749 1.735247 4.367829 -17.794424 -13.676109 116.381669 1.537309 0.468514
Car -1 -1 -1.528513 984.220825 237.006104 1041.286865 286.946838 1.231050 1.628378 4.246513 0.719029 -9.796065 95.825157 -1.521010 0.735458
Car -1 -1 -1.561760 931.171021 130.740845 959.218079 155.332657 1.457096 1.831480 4.233807 -3.558085 -30.336986 207.689670 -1.578890 0.332926
Car -1 -1 -1.602697 1000.031555 150.756592 1031.894653 180.383881 1.387960 1.716506 4.244585 1.429318 -23.307862 169.357045 -1.594257 0.346319
Car -1 -1 1.617045 754.645691 133.038177 784.891541 160.267395 1.521781 1.784563 4.254404 -15.739610 -28.191007 195.222692 1.536595 0.216767
Car -1 -1 1.656635 696.227173 154.494522 737.116760 190.693207 1.659426 1.777712 4.248082 -15.372708 -20.678827 154.319829 1.557347 0.224801
Car -1 -1 1.665641 688.985291 253.610519 761.784363 315.467896 1.311929 1.734895 4.253843 -7.938138 -7.694575 82.724168 1.569975 0.661519
