Car -1 -1 -1.667886 1241.120850 392.109833 1373.914917 512.339661 1.097289 1.877777 4.437611 6.080096 -1.516982 38.907697 -1.512870 1.793584
Car -1 -1 -1.610831 1033.888916 430.386688 1178.882202 606.415039 1.477116 1.841762 4.239152 2.129687 -0.123506 33.661615 -1.547648 4.227879
Car -1 -1 -1.811323 401.328857 466.973907 579.562622 601.811401 0.903134 1.388525 4.234821 -7.225414 -0.140654 33.021393 -2.026738 3.414293
Car -1 -1 -1.506421 887.293945 301.691956 979.798340 387.332794 1.379000 1.881693 4.273354 -0.671078 -4.475035 52.263173 -1.519261 1.384531
Car -1 -1 -1.597346 1026.677734 632.196533 1201.368896 895.804260 1.127944 1.553375 4.390987 1.496011 2.310640 23.020810 -1.532452 1.316293
Car -1 -1 -1.565974 1022.848877 181.265884 1068.709229 223.512802 1.194820 1.714681 4.238101 3.454759 -14.201454 92.618152 -1.528690 0.836517
Car -1 -1 -1.610470 1113.489746 178.117905 1158.993164 220.549088 1.309707 1.687811 4.259067 7.510538 -14.612131 94.808921 -1.531417 0.880083
Car -1 -1 1.809475 499.221558 228.528152 574.800720 287.377319 1.270502 1.313185 4.255034 -13.992135 -9.129284 71.841999 1.617120 1.037827
Car -1 -1 -1.643615 1162.067139 212.044800 1222.703369 267.650330 1.319536 1.805874 4.258263 8.189859 -10.579310 78.305504 -1.539405 0.934062
Car -1 -1 1.800241 541.192200 248.428436 629.647949 313.059814 1.226237 1.430794 4.259394 -11.197469 -7.548496 64.752767 1.629008 1.060158
Car -1 -1 1.836974 427.564484 248.534576 519.880432 312.085693 1.188789 1.491405 4.265866 -14.724631 -7.715079 65.760112 1.616693 1.208928
Car -1 -1 -1.593671 1042.024414 226.217239 1105.279175 282.230377 1.174414 1.883319 4.251339 3.690768 -9.447070 73.083421 -1.543213 0.961791
Car -1 -1 1.915491 213.720367 249.069992 319.506439 319.353943 1.381392 1.375023 4.267491 -20.618670 -7.342102 64.606880 1.606568 1.496417
Car -1 -1 -1.832955 1462.956055 894.608276 1866.206055 1080.000000 0.961450 1.989627 4.220580 5.442707 4.222397 17.530108 -1.531913 3.725948
Car -1 -1 -1.552321 943.002319 212.482422 997.080200 272.302582 1.402175 1.483990 4.446927 0.254737 -10.156852 76.139335 -1.548975 0.610309
Car -1 -1 1.774353 597.463745 160.393448 652.373901 205.647812 1.526322 1.510901 4.260151 -15.985768 -16.518211 102.955010 1.620314 0.561674
Car -1 -1 1.872390 305.243805 225.522339 385.912140 288.692474 1.331805 1.197835 4.228453 -20.245706 -9.083415 71.492763 1.596429 1.139639
Car -1 -1 1.841395 452.759064 184.737228 517.825745 230.993530 1.408504 1.354684 4.240292 -19.677100 -13.406155 89.828972 1.625750 0.756810
Car -1 -1 -1.540735 996.621643 160.212204 1038.050293 197.509644 1.330050 1.702945 4.250508 2.661215 -17.716213 108.057658 -1.516112 0.546696
Car -1 -1 -1.622905 1091.428711 130.607834 1126.221313 161.879333 1.496451 1.879613 4.271574 8.913285 -23.839740 133.739557 -1.556357 0.424711
Car -1 -1 1.874723 343.805664 231.354828 443.493591 304.953613 1.474286 1.254287 4.567593 -17.268673 -7.973234 66.297255 1.619911 0.937084
Car -1 -1 -1.533966 967.111633 191.577972 1021.398682 239.140564 1.294893 1.752060 4.231845 1.209028 -12.389121 84.637575 -1.519682 0.783991
Car -1 -1 1.747372 509.754608 189.523651 571.970093 237.119461 1.355718 1.382191 4.228882 -17.069453 -12.985447 88.186099 1.556175 0.505259
Car -1 -1 -1.534746 967.659973 136.392395 1002.559814 168.675293 1.343751 1.725886 4.249205 1.295943 -22.242364 126.615267 -1.524511 0.504724
Car -1 -1 1.797316 556.026611 208.989807 626.548035 259.886871 1.154822 1.444557 4.256888 -13.376204 -10.803677 77.926972 1.627322 0.671739
Car -1 -1 -1.570224 1033.315918 101.474892 1057.625610 125.592018 1.445830 1.713851 4.238373 6.977644 -36.425557 187.810242 -1.533088 0.199808
Car -1 -1 -1.581803 1063.582764 94.825272 1089.334961 119.914124 1.506387 1.751873 4.272453 10.201826 -38.614169 196.003507 -1.529801 0.133239
Car -1 -1 1.871868 378.413330 193.886780 456.771912 254.619217 1.575727 1.444680 4.488799 -20.687924 -11.591726 82.470892 1.626088 0.310770
Car -1 -1 1.782261 553.848511 179.351868 618.284241 223.429428 1.358005 1.481997 4.237724 -16.153670 -14.284577 93.520986 1.611221 0.370056
Car -1 -1 1.808890 512.620789 175.860168 627.910034 234.380768 1.581986 1.595869 4.223220 -16.770938 -14.077617 93.181184 1.630814 0.321858
