Car -1 -1 -1.767983 1369.123047 792.458252 1659.336426 1049.978149 0.825666 1.606210 4.244472 4.516940 3.223753 24.594031 -1.586347 3.039152
Car -1 -1 -1.526154 716.017700 702.504517 910.199463 903.741699 0.780817 1.681518 4.254461 -1.780140 2.551681 28.676351 -1.588151 2.647836
Car -1 -1 -0.187230 852.077393 293.672363 1047.102905 364.420563 1.388734 1.857063 4.658442 -1.172566 -5.499269 72.364236 -0.203433 1.738316
Car -1 -1 -1.624807 996.559937 570.664917 1166.479980 749.459167 1.090221 1.760059 4.250767 1.053450 1.472145 34.824041 -1.594566 2.627274
Car -1 -1 1.708701 509.601532 302.795746 603.559204 376.892181 1.301155 1.686188 4.249293 -11.197137 -5.194426 71.248817 1.552821 1.376287
Car -1 -1 1.333592 672.856995 277.647736 779.283875 356.490540 1.517449 1.725971 4.253529 -7.227707 -5.932049 74.570482 1.236969 0.894055
Car -1 -1 -1.376184 185.054031 851.140442 508.567688 1077.932983 1.046394 1.695246 4.243497 -5.268598 3.834144 23.158534 -1.599877 2.604438
Car -1 -1 1.722790 491.531616 255.035110 571.092773 314.069214 1.308466 1.604750 4.249191 -14.383242 -8.067045 86.411195 1.557851 1.260654
Car -1 -1 -1.610971 1041.487671 249.521439 1103.569824 303.916443 1.247151 1.726243 4.246064 2.599918 -8.734540 90.273485 -1.582179 1.045557
Car -1 -1 1.674001 634.606323 232.537338 698.434875 287.363556 1.385707 1.625467 4.256402 -11.246993 -9.748494 95.529606 1.556807 0.882541
Car -1 -1 1.797484 309.232849 216.958313 377.280029 264.280731 1.328712 1.380520 4.270247 -25.247600 -11.816880 107.502317 1.566808 0.694268
Car -1 -1 -1.600998 978.412537 170.090073 1016.810608 203.675278 1.297078 1.698176 4.252648 0.253365 -18.335506 141.096899 -1.599202 0.503601
Car -1 -1 1.662527 672.339966 209.225662 726.649170 254.293762 1.286953 1.641103 4.246195 -11.461867 -12.230274 108.154445 1.556945 0.694666
Car -1 -1 -1.364529 1073.846558 168.212463 1120.173706 201.168091 1.351662 1.655262 4.249378 5.561546 -19.002645 145.496712 -1.326324 0.256759
Car -1 -1 1.652679 710.031616 177.133881 753.723633 212.327087 1.354331 1.689039 4.248783 -12.599852 -16.943916 133.747428 1.558750 0.507009
Car -1 -1 -1.596153 1090.550171 137.559647 1127.600342 164.741989 1.579562 2.044164 4.257098 7.801484 -26.216277 184.354609 -1.553861 0.122608
Car -1 -1 1.625404 795.491516 150.497711 832.119202 184.787476 1.619681 1.770794 4.266658 -10.491393 -22.085858 162.237225 1.560827 0.213567
Car -1 -1 -1.660446 1128.449585 158.684113 1171.039551 192.816772 1.514404 1.825218 4.251331 8.734111 -20.259262 152.352310 -1.603181 0.158814
Car -1 -1 1.688614 628.197510 167.081482 669.161011 198.310486 1.332203 1.591223 4.259487 -18.612771 -19.670911 149.837412 1.565028 0.350784
