Car -1 -1 2.879785 778.622803 379.095520 1029.179443 495.141724 1.494826 1.885051 4.165197 -0.739155 -1.625082 41.704692 2.862063 4.864147
Car -1 -1 2.725476 1516.536011 347.030273 1782.119751 461.831116 1.802886 1.984048 4.524738 14.722981 -2.322446 45.703691 3.037118 3.707148
Car -1 -1 -1.642047 942.660339 706.720276 1157.596802 949.960266 0.791272 1.681868 4.223592 0.984539 2.753032 22.259373 -1.597845 4.226738
Car -1 -1 -1.823710 1334.257935 710.701660 1587.707642 922.348328 0.637680 1.409077 4.193641 5.342199 2.675824 23.048220 -1.595948 2.091500
Car -1 -1 -3.081311 13.572713 373.080933 340.762695 513.427124 1.638701 1.975353 4.822019 -13.810292 -1.360609 39.798728 2.867872 4.370309
Car -1 -1 1.913628 58.607037 256.634460 165.018753 322.041046 1.341373 1.436903 4.238619 -25.438819 -7.403400 67.367683 1.552569 1.314585
Car -1 -1 -1.475179 469.017242 811.706177 769.971375 1078.758667 0.905995 1.994225 4.462469 -2.735242 3.738084 19.736911 -1.612887 2.568538
Car -1 -1 1.776559 434.765015 210.074448 503.365295 260.337646 1.356969 1.496425 4.231966 -18.244818 -11.436608 84.669926 1.564322 0.976650
Car -1 -1 1.801382 369.180176 230.710770 445.207672 288.687469 1.281449 1.343280 4.223183 -18.040713 -9.174760 74.088322 1.562528 1.120237
Car -1 -1 1.831735 309.615997 250.647568 392.737000 314.674438 1.320201 1.236615 4.210997 -18.261075 -7.675885 67.927379 1.569112 1.231443
Car -1 -1 1.734026 513.466003 176.622314 567.632874 221.827515 1.523868 1.571130 4.237787 -18.356745 -15.152390 100.497791 1.553360 0.607054
Car -1 -1 1.730371 540.972839 166.959961 589.750854 208.521240 1.537754 1.671124 4.235002 -18.533920 -16.874529 108.107094 1.560581 0.596333
Car -1 -1 1.720123 578.886597 155.746979 623.173950 190.922348 1.424871 1.628978 4.238879 -18.274590 -19.218486 117.766951 1.566175 0.539932
Car -1 -1 1.877305 144.626175 235.701080 224.557510 292.019501 1.276645 1.113411 4.222458 -25.604095 -9.000818 73.958554 1.544023 1.205732
Car -1 -1 1.752000 473.595062 193.445648 532.613647 238.858368 1.338911 1.508575 4.240148 -18.408393 -13.231396 92.169018 1.554869 0.766773
Car -1 -1 1.788526 383.499786 196.377518 443.756012 237.923706 1.219391 1.478594 4.242462 -22.412995 -13.411822 93.177494 1.552469 0.864628
Car -1 -1 1.920764 125.002930 200.410416 197.458862 246.469482 1.319772 1.219874 4.202406 -31.586428 -12.465108 88.622393 1.578385 0.801130
Car -1 -1 1.848252 344.641632 211.277130 412.166351 257.840515 1.131375 1.274589 4.226418 -21.675786 -11.545775 84.417120 1.596912 0.680676
Car -1 -1 2.006516 0.000000 236.860962 54.639374 293.520752 1.225325 1.515671 4.234217 -33.096700 -9.448185 76.944293 1.600301 1.032970
Car -1 -1 1.725413 528.604858 149.428085 573.655273 182.924133 1.365728 1.723619 4.230657 -22.356483 -20.966660 125.568521 1.549217 0.450993
Car -1 -1 1.668949 642.707458 118.563011 671.417847 142.103851 1.449870 1.809562 4.216775 -22.542379 -32.094620 174.967703 1.540817 0.166509
