Car -1 -1 -1.486212 776.593994 540.418945 944.029785 705.175537 0.898906 1.701837 4.254893 -1.284712 0.999655 29.083085 -1.530357 3.487218
Car -1 -1 2.242815 0.000000 268.561554 148.314301 344.523224 1.350348 1.726993 4.198406 -25.275816 -6.427976 61.771053 1.854415 0.829457
Car -1 -1 -1.584545 1069.012939 370.731262 1185.062622 490.720367 1.327440 1.915097 4.355488 3.064674 -1.904283 41.251542 -1.510389 1.798140
Car -1 -1 -1.749917 1311.850952 674.103577 1564.418457 895.770874 0.636605 1.633141 4.299123 4.858357 2.307243 22.969913 -1.541480 2.422590
Car -1 -1 -1.637110 1201.868042 319.734070 1312.936768 422.732788 1.396916 1.911505 4.289185 6.414937 -3.508067 47.944524 -1.504101 1.372075
Car -1 -1 -1.534041 896.900146 323.084930 1000.394592 441.471527 1.511471 1.827265 4.552661 -0.289166 -3.113554 46.545084 -1.540254 1.259703
Car -1 -1 1.835382 458.230621 231.855026 551.697083 301.334015 1.443627 1.588968 4.331224 -14.247360 -8.278914 68.044993 1.628983 1.140738
Car -1 -1 1.880878 312.039551 249.633652 419.986145 317.770386 1.266645 1.631888 4.416446 -17.607000 -7.426164 64.503666 1.614408 1.126328
Car -1 -1 1.903223 231.617783 240.320648 330.549469 312.079529 1.416441 1.297083 4.228821 -20.712426 -7.806155 66.366969 1.600712 1.333652
Car -1 -1 -1.583490 1052.652466 264.008331 1129.478760 342.016357 1.325320 1.856241 4.263184 3.495271 -6.335492 59.976256 -1.525279 1.282434
Car -1 -1 -1.605871 1187.681519 211.233002 1245.665649 260.898285 1.242461 1.802435 4.261348 9.459333 -11.192482 81.437208 -1.490234 0.782767
Car -1 -1 1.580446 667.137146 188.933777 725.287781 236.318237 1.288390 1.487100 4.264482 -10.840848 -13.054705 88.255747 1.458223 0.900978
Car -1 -1 1.858381 402.840302 226.678207 486.041199 285.387177 1.280660 1.402669 4.253150 -17.409353 -9.402491 73.332805 1.625294 1.178707
Car -1 -1 1.820987 526.352295 220.336990 598.702576 270.942535 1.183440 1.250698 4.245454 -13.926210 -10.127092 75.943077 1.639625 1.145763
Car -1 -1 -1.118751 1798.637451 437.046143 1918.142334 591.790527 1.342278 1.702022 3.924065 14.550279 -0.195161 32.991739 -0.703383 1.170130
Car -1 -1 1.886139 323.541046 215.585526 404.978363 271.716919 1.287645 1.427610 4.235985 -20.893315 -10.197086 76.263332 1.618737 0.735594
Car -1 -1 1.783333 574.661987 200.796005 642.149475 250.021881 1.263135 1.407856 4.239361 -13.473868 -11.792085 82.994877 1.622391 1.010489
Car -1 -1 -1.565934 1058.288208 221.715561 1119.437256 276.013947 1.226609 1.787324 4.274774 4.406659 -10.044472 76.311277 -1.508252 0.840595
Car -1 -1 -1.550240 1000.407959 166.348389 1040.728027 203.210983 1.234452 1.682003 4.260509 2.779452 -17.148899 106.323963 -1.524105 0.736789
Car -1 -1 1.780913 591.965149 152.966583 642.553040 190.888138 1.332224 1.452366 4.236079 -18.320401 -19.249441 115.307588 1.623347 0.398559
Car -1 -1 -1.565810 1008.736328 126.961472 1040.279175 160.736130 1.739894 1.707667 4.565322 3.786505 -24.141900 135.237389 -1.537818 0.257430
Car -1 -1 1.830652 471.274811 201.907196 543.054565 250.384613 1.157541 1.315828 4.248916 -17.263775 -11.736547 82.726036 1.624918 0.829420
Car -1 -1 1.699809 728.685303 145.928131 770.858276 177.317215 1.298591 1.683441 4.258127 -11.853893 -20.721975 120.704122 1.601917 0.640370
Car -1 -1 -1.603158 1089.194580 134.486221 1121.632324 163.487793 1.303965 1.752281 4.255008 8.500654 -23.187425 130.828053 -1.538274 0.352980
Car -1 -1 1.834734 515.824463 179.768875 582.675720 232.823441 1.705581 1.297230 4.787713 -16.671671 -13.075401 88.149578 1.647812 0.415435
Car -1 -1 1.865049 412.418182 202.170609 477.852539 244.568054 1.215218 1.281744 4.242486 -19.648349 -11.805837 82.666755 1.631698 0.684899
Car -1 -1 -1.594005 1085.603149 153.872192 1125.343262 191.030716 1.391076 1.792132 4.272014 7.309006 -18.640137 112.142704 -1.528921 0.365715
Car -1 -1 1.740845 654.049561 170.368378 708.731995 212.298645 1.256006 1.488411 4.237465 -12.664470 -15.481233 97.866149 1.612154 0.666699
Car -1 -1 -1.545285 998.580872 91.752861 1024.178833 119.096069 1.566717 1.786576 4.276330 4.085504 -36.776696 186.417369 -1.523372 0.203613
Car -1 -1 -1.576917 1038.280029 108.441513 1064.514404 132.843719 1.540423 1.824466 4.257805 6.692341 -32.114817 169.108168 -1.537363 0.135094
Car -1 -1 -1.581086 1059.058594 119.679115 1088.246460 146.473251 1.375465 1.742193 4.248197 7.515421 -27.444299 148.588605 -1.530551 0.183828
