Car -1 -1 0.102158 0.114809 420.255798 176.369171 531.631897 1.406592 1.847843 4.140491 -16.495712 -0.975422 47.873915 -0.229667 1.632764
Car -1 -1 0.197493 243.835358 458.636536 528.515198 574.910339 1.387556 1.851282 3.897573 -9.619780 -0.243503 44.094810 -0.017303 3.885793
Car -1 -1 -0.514440 419.140015 401.658051 663.747070 501.619507 1.186846 1.812137 3.938607 -8.472793 -1.673725 51.825277 -0.676494 2.449766
Car -1 -1 -1.525476 680.638367 780.174316 903.714844 1019.016479 0.718331 1.695917 4.243793 -1.712254 3.041130 24.989853 -1.593887 3.263463
Car -1 -1 -0.240907 1482.366699 452.949951 1790.009155 569.748413 1.369603 1.854365 4.306466 10.418668 -0.355717 45.022201 -0.013498 4.513055
Car -1 -1 -2.514435 1588.062256 322.456421 1807.043823 415.731812 1.496914 1.857371 4.262851 16.157566 -3.835198 63.487933 -2.265227 1.908357
Car -1 -1 -1.662630 1064.405029 792.312805 1290.457031 1022.287231 0.674043 1.572981 4.238550 1.582847 3.109079 25.176892 -1.599844 2.752764
Car -1 -1 -1.741696 1282.857910 248.675613 1363.861084 312.150696 1.509323 1.766433 4.252736 10.574377 -8.309604 88.556050 -1.622850 0.950248
Car -1 -1 -1.768169 1351.688477 741.809204 1657.057861 1019.378723 0.994170 1.673726 4.706158 4.526672 3.015407 25.232083 -1.590655 2.571011
Car -1 -1 2.265701 0.787620 603.882751 205.506485 819.421021 1.234875 1.914389 4.591516 -12.290870 2.101887 34.121500 1.919960 1.623121
Car -1 -1 1.782059 274.488281 301.444366 376.200470 377.037842 1.322816 1.579199 4.242877 -17.422473 -5.286790 72.365548 1.545799 1.154930
Car -1 -1 1.707655 525.428589 287.954498 619.385925 371.297150 1.521487 1.735237 4.240285 -10.941824 -5.424327 72.248237 1.557350 1.305992
Car -1 -1 1.726452 390.461182 305.770416 489.418518 378.836761 1.261267 1.669114 4.245954 -14.143619 -5.118398 70.874344 1.529481 1.081445
Car -1 -1 1.796327 353.839813 277.559235 434.431427 340.877380 1.255032 1.248231 4.244457 -17.281903 -6.742342 79.691857 1.582775 0.983413
Car -1 -1 1.690464 656.221741 285.845856 739.667480 354.621857 1.328533 1.704387 4.239285 -7.984729 -6.026630 75.297559 1.584817 1.399656
Car -1 -1 1.688934 604.632568 250.721909 669.405334 310.054993 1.323226 1.366348 4.253908 -11.348975 -8.380967 88.386979 1.561232 1.001507
Car -1 -1 -1.665801 1223.629883 218.964493 1282.646240 262.447449 1.279174 1.862601 4.265033 10.300405 -12.045875 109.419792 -1.571941 0.804812
Car -1 -1 -1.639305 1092.981079 140.822632 1127.285522 169.377090 1.560184 1.954800 4.268067 7.924284 -26.471483 187.086404 -1.596974 0.123695
Car -1 -1 1.682411 620.728577 231.366394 675.420959 282.814423 1.402319 1.379083 4.209589 -11.909392 -9.822968 95.494286 1.558339 0.349819
Car -1 -1 1.586522 800.991821 143.787094 832.864624 174.003403 1.466384 1.819468 4.242952 -10.924476 -23.934195 171.337766 1.522848 0.098002
