Car -1 -1 -1.536176 817.569824 385.636414 918.566345 480.185425 1.127488 1.755526 4.259642 -2.426349 -2.180165 54.554407 -1.580622 1.939082
Car -1 -1 1.748065 402.329681 290.923828 495.968170 371.726990 1.514717 1.514559 4.258179 -14.180780 -5.395309 72.317666 1.554432 1.087724
Car -1 -1 1.699720 518.287903 300.028900 611.574707 374.054260 1.308249 1.666604 4.239506 -11.036561 -5.290880 71.577889 1.546735 1.311159
Car -1 -1 -1.575422 970.092896 281.495575 1050.327393 361.621582 1.489563 1.864382 4.241744 0.455427 -5.767165 73.687397 -1.569242 1.486623
Car -1 -1 -1.550029 861.025208 187.676331 918.781860 257.530975 2.154042 1.911636 4.778025 -4.038103 -12.349925 109.757034 -1.586804 0.308656
Car -1 -1 1.656509 649.100464 298.453003 731.066895 379.301392 1.425210 1.576364 4.247879 -7.627017 -5.062626 70.060691 1.548073 1.285942
Car -1 -1 1.752595 448.517517 241.485046 537.510742 334.899292 2.099675 1.635239 4.541960 -14.369333 -6.895080 79.669259 1.574151 0.645022
Car -1 -1 -1.618590 1054.381958 252.903839 1117.697266 309.376038 1.278957 1.819339 4.258209 2.981037 -8.405836 88.535798 -1.584933 1.193207
Car -1 -1 -1.549180 854.542236 290.979492 925.067505 358.210999 1.245171 1.692842 4.252064 -2.784495 -5.971386 75.585337 -1.586003 1.508015
Car -1 -1 -1.566280 952.694519 241.786636 1008.018127 295.462616 1.277805 1.728790 4.248653 -0.397718 -9.224157 92.668183 -1.570572 0.947873
Car -1 -1 -1.565451 937.934753 169.639282 976.625488 206.385620 1.432549 1.757794 4.257817 -1.795444 -18.096725 140.372675 -1.578241 0.641074
Car -1 -1 1.722966 519.944275 243.710922 588.251648 300.143402 1.314468 1.524309 4.241974 -14.343326 -8.864861 90.507315 1.565796 1.263507
Car -1 -1 -1.577153 994.063171 138.473267 1023.599365 163.983582 1.403479 1.858043 4.251169 1.109335 -26.388555 184.903263 -1.571154 0.287872
Car -1 -1 -1.604463 1083.493652 132.587341 1110.387695 156.815338 1.480585 1.785867 4.261998 7.621376 -29.082774 200.459298 -1.566461 0.248480
Car -1 -1 -1.582894 1000.319763 165.114929 1035.226685 196.499832 1.363779 1.642313 4.246887 1.387321 -20.259574 153.303122 -1.573845 0.393115
Car -1 -1 -1.567168 925.602051 128.333450 953.828857 154.243942 1.587113 1.879332 4.251575 -3.945844 -30.140514 206.029308 -1.586317 0.280870
Car -1 -1 -1.570437 941.477844 151.061829 973.712769 179.483383 1.387190 1.783368 4.251260 -2.134607 -23.514806 169.776146 -1.583009 0.144587
