Car -1 -1 -1.390677 586.752625 601.492310 780.001343 768.292114 0.696387 1.477282 4.232594 -3.382343 1.721046 26.537792 -1.517447 2.613284
Car -1 -1 2.786426 1460.654907 389.036621 1736.791260 485.046600 1.258966 1.905112 4.460300 12.408078 -1.668181 43.119480 3.066616 2.695389
Car -1 -1 2.702776 585.058044 439.607330 895.697510 585.125671 1.403897 1.978227 4.073964 -3.616363 -0.055878 34.650744 2.598787 5.447200
Car -1 -1 -2.897886 545.643311 305.348755 745.942932 387.874115 1.529751 1.899877 4.339472 -8.144315 -4.303104 54.936274 -3.045064 2.679667
Car -1 -1 -1.508043 862.273438 645.562927 1052.750244 837.609558 0.641516 1.717354 4.256243 -0.037789 2.136608 24.231681 -1.509602 2.927760
Car -1 -1 -1.266285 313.110168 571.987732 561.166077 762.171997 0.942931 1.492728 4.338483 -6.374292 1.615898 26.766418 -1.500075 2.987503
Car -1 -1 3.128695 1230.019409 345.913483 1450.822998 428.150360 1.331270 1.881063 4.382893 8.398178 -2.996339 48.925158 -2.984494 3.152330
Car -1 -1 -1.638555 1160.782837 642.349915 1367.914673 868.368835 0.842750 1.753709 4.433443 3.093016 2.311590 23.632301 -1.508414 2.181588
Car -1 -1 2.479990 121.220505 443.282623 504.817322 682.174011 1.931837 1.896315 4.601488 -8.916201 0.860981 29.460325 2.186102 1.804626
Car -1 -1 2.792366 1315.070679 429.489563 1598.940308 538.215149 1.264589 1.895292 4.134235 8.630721 -0.656354 38.587291 3.012412 4.735585
Car -1 -1 2.925744 1462.332886 318.065796 1685.689697 404.885223 1.553605 1.915930 4.441209 14.548670 -3.721444 52.354674 -3.086394 2.290609
Car -1 -1 -3.121535 1063.572266 301.903931 1246.538696 375.612823 1.425200 1.891977 4.474476 4.919025 -4.739466 57.169216 -3.035703 2.452063
Car -1 -1 0.381981 149.191162 340.820557 373.841370 422.884064 1.301912 1.871948 4.093605 -16.299167 -3.211589 50.150955 0.067747 3.355378
Car -1 -1 -1.772199 1442.582153 726.402100 1703.529053 962.486938 0.587933 1.485919 4.257968 5.738133 2.780342 21.066188 -1.506265 4.097582
Car -1 -1 -2.529021 0.000000 315.329163 173.857666 396.213745 1.437361 1.897678 3.938206 -21.739776 -3.924294 52.524291 -2.921452 0.642575
Car -1 -1 2.918407 758.030640 405.443848 1027.172729 505.079132 1.241726 1.922183 4.490614 -1.540458 -1.251178 40.966831 2.880822 3.350778
Car -1 -1 -1.154357 0.000000 792.576660 371.853058 1078.595093 0.924759 2.137284 4.289045 -7.098862 3.558750 19.019137 -1.511591 4.231411
Car -1 -1 -1.456712 691.075134 875.037964 1006.713257 1079.405762 0.953939 1.805225 4.242237 -0.802352 4.112586 17.284737 -1.503099 2.560545
Car -1 -1 2.991124 1423.703125 302.426666 1621.755493 378.795532 1.490236 1.886505 4.239904 14.450492 -4.689992 57.231625 -3.044739 0.579938
Car -1 -1 -2.789736 213.864227 286.069977 395.381592 359.272034 1.569519 1.891086 4.118520 -18.046688 -5.252642 59.086385 -3.086166 1.927992
