Car -1 -1 1.777175 158.608810 240.191956 282.383331 356.656311 1.849776 1.532266 4.714679 -16.992219 -4.780101 63.977042 1.517570 0.823473
Car -1 -1 -1.664618 905.028198 687.338501 1160.857056 935.288818 0.829116 1.749643 4.331571 0.542582 2.461478 25.221436 -1.643109 2.340385
Car -1 -1 1.832166 7.339051 229.285995 119.018051 300.094147 1.284727 1.596746 4.260238 -24.519614 -6.958591 75.933935 1.519828 1.086902
Car -1 -1 1.775942 142.806320 186.034943 228.287354 246.206818 1.440181 1.652266 4.248049 -25.349034 -9.852492 90.826358 1.503774 1.072620
Car -1 -1 1.737625 304.609406 169.242996 374.515991 222.383484 1.435666 1.610588 4.261569 -23.062278 -11.997501 103.110065 1.517580 0.695436
Car -1 -1 1.749947 217.791397 168.718674 287.031372 217.313126 1.329713 1.566191 4.246089 -26.963110 -12.475697 105.705143 1.500194 0.820972
Car -1 -1 -1.598496 824.739075 192.013992 881.618408 246.248001 1.215994 1.710423 4.257160 -3.602253 -10.047277 92.354319 -1.637481 0.769362
Car -1 -1 1.803433 44.498684 188.750671 131.403473 241.247635 1.263419 1.601510 4.259804 -29.196443 -10.220202 92.950386 1.499084 1.030023
Car -1 -1 -1.622765 894.196655 141.218857 938.387146 177.747574 1.220379 1.680993 4.259345 -2.083871 -16.790707 128.473320 -1.638983 0.523851
Car -1 -1 1.766843 171.064819 149.733398 237.100143 197.549805 1.494661 1.686403 4.277295 -31.136559 -14.195295 114.244437 1.500762 0.520981
Car -1 -1 1.820268 32.233002 151.365143 102.229019 196.704636 1.401032 1.481472 4.252061 -37.587520 -14.539099 116.963748 1.509332 0.463192
Car -1 -1 1.715628 307.550049 143.485870 365.509308 188.254211 1.392842 1.730568 4.254682 -27.575236 -15.631648 122.492319 1.494201 0.483385
