Car -1 -1 0.716429 727.549622 296.321686 893.958252 372.051392 1.408957 1.839313 3.892319 -4.739494 -5.334796 72.008014 0.650705 1.425354
Car -1 -1 0.199725 1416.103271 403.805206 1693.376587 525.656250 1.533188 1.859807 4.236686 9.919501 -1.144336 48.698779 0.400667 4.587755
Car -1 -1 -1.648550 1023.272888 774.940796 1273.641235 1040.622070 0.880917 1.787527 4.387497 1.282383 3.138393 24.735086 -1.596751 1.855826
Car -1 -1 -1.512045 661.261536 811.832642 897.039551 1065.511353 0.717394 1.691343 4.254634 -1.772032 3.267744 24.156540 -1.585270 3.882321
Car -1 -1 1.746493 408.036774 371.868134 530.782593 468.042664 1.204925 1.534712 4.251221 -10.297212 -2.386391 54.661626 1.560294 1.475631
Car -1 -1 -1.747766 1333.909180 768.544006 1635.403564 1034.975830 0.899783 1.744929 4.408531 4.251377 3.109059 24.694882 -1.577281 3.317876
Car -1 -1 1.757652 374.376282 310.341858 479.808075 398.630890 1.455678 1.604505 4.252578 -13.509919 -4.389981 66.282936 1.556585 1.404663
Car -1 -1 1.830336 50.290928 535.396118 282.296661 772.913513 1.504028 1.342785 4.519784 -9.670364 1.521184 32.796259 1.543600 3.469339
Car -1 -1 -1.385855 186.618195 834.138123 533.938721 1079.446167 1.226799 1.838003 4.241096 -5.055747 3.840799 22.824909 -1.603836 3.340345
Car -1 -1 1.761753 375.693115 249.695602 466.848785 323.857422 1.652210 1.723193 4.260120 -17.434637 -7.659921 84.571927 1.558450 1.062939
Car -1 -1 1.697031 584.131409 250.331116 659.673523 312.025970 1.343695 1.670719 4.262044 -11.672972 -8.239987 87.173997 1.563918 1.093434
Car -1 -1 1.726093 529.022644 233.993027 601.090332 290.007202 1.386931 1.658003 4.257251 -14.486308 -9.489364 93.806148 1.572876 0.820260
Car -1 -1 1.707450 541.252991 200.140259 594.003052 239.886902 1.281206 1.578839 4.241517 -17.949680 -13.720877 116.773387 1.554930 0.645726
Car -1 -1 1.678953 633.828552 185.081253 685.408081 225.559525 1.452637 1.733102 4.245382 -15.284270 -15.540726 126.894314 1.559082 0.640243
Car -1 -1 1.605741 760.445557 195.163300 807.961975 237.125107 1.298479 1.704523 4.237919 -8.947283 -14.068061 118.366873 1.530295 0.441482
Car -1 -1 1.626995 787.420715 170.957245 828.934631 210.570465 1.614746 1.727599 4.270565 -8.712168 -16.660916 131.075939 1.560626 0.265724
Car -1 -1 1.636373 745.762329 152.810272 782.653320 182.331512 1.410116 1.758398 4.242439 -13.581851 -22.487931 164.479694 1.553985 0.140156
