Car -1 -1 -1.982448 412.397949 411.640472 576.470764 512.627686 1.108286 1.424949 4.197044 -9.530994 -1.767635 44.165798 -2.194989 0.466739
Car -1 -1 -1.387838 388.611389 656.314819 631.664612 863.299561 0.723266 1.693402 4.485607 -4.965627 2.108347 24.540823 -1.587484 2.301667
Car -1 -1 -1.615409 1013.974182 365.167511 1108.764160 454.007996 1.123617 1.797295 4.237339 2.128301 -3.167336 49.881190 -1.572767 1.640916
Car -1 -1 1.764727 484.997498 287.525848 571.400330 351.348297 1.260685 1.664205 4.286870 -13.756669 -7.168915 69.050568 1.568076 0.776778
Car -1 -1 1.187341 1811.578491 164.983047 1893.585327 214.114639 1.717671 1.781605 4.473522 42.437495 -16.822390 104.999991 1.571434 0.283752
Car -1 -1 -1.596460 978.714661 182.362015 1016.158264 216.165222 1.395170 1.840654 4.241985 1.781740 -19.539665 123.506071 -1.582034 0.452247
Car -1 -1 -1.916259 1753.169800 171.883087 1825.394775 211.364319 1.343288 1.510870 4.265757 39.294239 -16.823708 104.629251 -1.557000 0.437559
Car -1 -1 1.982483 1735.543945 206.318497 1832.325684 260.828156 1.482707 1.852376 4.235496 32.172670 -12.156986 86.179260 2.339782 0.248174
Car -1 -1 2.781855 1721.475220 163.853088 1813.772461 201.929077 1.482807 1.852229 3.668162 40.437224 -18.128656 110.428549 3.132875 0.134143
Car -1 -1 1.194049 1872.966309 170.543228 1919.009277 211.063202 1.454360 1.594895 4.211201 45.117105 -16.884109 105.006061 1.599862 0.366963
Car -1 -1 -1.560298 931.621704 129.797867 955.154419 153.026108 1.614151 1.888208 4.261890 -2.126977 -36.734750 199.058528 -1.570982 0.315025
Car -1 -1 2.867500 1558.072876 139.417862 1636.432373 173.606888 1.844078 1.874183 4.027864 39.819192 -24.341548 138.461216 -3.135658 0.127718
Car -1 -1 -2.768187 38.732658 197.787643 120.182983 228.537598 1.200286 1.831880 3.336599 -47.970584 -18.225168 118.963659 3.131704 0.111561
