Car -1 -1 0.853758 477.247650 368.125214 659.504883 454.082886 1.297553 1.846137 3.702222 -8.991728 -3.005748 49.426840 0.673806 1.384201
Car -1 -1 -1.368349 325.239716 719.462708 578.950195 934.746704 0.588228 1.494977 4.255044 -5.185813 2.561739 22.714144 -1.592809 3.868278
Car -1 -1 1.679107 412.655243 339.129272 494.365265 418.816589 1.240427 1.444921 4.255296 -13.364903 -4.412547 57.450201 1.450538 1.036495
Car -1 -1 1.183465 1811.568726 164.819641 1894.512329 213.912766 1.734836 1.807360 4.520288 42.180172 -16.696162 104.239878 1.567970 0.268419
Car -1 -1 -1.920926 1754.379028 173.777679 1825.430420 214.074066 1.377003 1.585151 4.234189 39.208192 -16.660710 104.178699 -1.560968 0.542934
Car -1 -1 2.777808 1724.692871 163.152710 1819.026367 202.314896 1.494112 1.863926 3.700103 40.395845 -18.109093 110.209870 3.129137 0.127191
Car -1 -1 1.167689 1868.550903 170.644714 1918.434937 211.626404 1.431426 1.644074 4.208499 44.895396 -16.811097 104.676595 1.572855 0.435007
Car -1 -1 -1.612058 1001.964111 137.962860 1028.530029 160.554321 1.557332 1.805646 4.239722 4.246308 -34.921237 192.437736 -1.589996 0.243114
Car -1 -1 -2.776838 34.265736 196.973755 122.880402 227.472855 1.205168 1.830096 3.417183 -47.933193 -18.241802 118.870873 3.123053 0.101730
Car -1 -1 2.875824 1591.129639 147.021027 1670.538696 180.526718 1.524823 1.814379 3.840315 39.803177 -22.599922 130.566825 -3.111462 0.092672
