Car -1 -1 -1.615512 936.472107 668.732117 1178.334473 913.508240 0.994520 1.871424 4.226036 0.667605 2.332420 25.860838 -1.589702 2.885924
Car -1 -1 -1.483535 574.414673 753.008850 807.364624 996.017395 0.689013 1.489621 4.212054 -2.380348 2.701477 23.777862 -1.583311 2.049150
Car -1 -1 -1.743236 1272.866821 707.645813 1536.510620 927.253967 0.701791 1.520384 4.244830 3.838671 2.387920 25.395456 -1.593216 2.183937
Car -1 -1 1.876740 31.805517 323.130798 160.469040 411.573578 1.219014 1.276130 4.244334 -19.258842 -3.661010 60.485320 1.568484 1.336988
Car -1 -1 2.919128 1642.618164 296.791077 1888.205566 409.730591 1.973783 1.914904 4.655190 17.137815 -3.529852 60.048012 -3.086046 2.384594
Car -1 -1 1.874703 32.203228 248.567505 130.689072 310.508606 1.268991 1.334081 4.294416 -27.222544 -7.779050 83.957929 1.561158 0.916085
Car -1 -1 1.538290 243.198242 317.162262 340.180817 410.214661 1.270538 1.386195 4.238900 -14.846941 -3.654764 59.581496 1.294077 0.878231
Car -1 -1 1.797562 229.558014 194.211166 295.660889 249.567017 1.634845 1.363500 4.243839 -27.684831 -11.995364 106.840502 1.544015 0.487342
Car -1 -1 1.715601 427.453552 217.397812 501.814087 270.104584 1.351954 1.699112 4.253031 -17.934482 -10.162677 96.563948 1.531966 0.689937
Car -1 -1 1.746204 344.437408 213.301376 413.703491 263.732666 1.347258 1.488083 4.237042 -21.454334 -10.648546 99.025556 1.532847 0.748003
Car -1 -1 1.769429 253.531906 290.263855 354.524170 361.783508 1.200396 1.393770 4.257272 -16.559567 -5.141460 67.916964 1.530275 0.921170
Car -1 -1 1.747839 390.698151 181.266403 445.977020 223.025757 1.366130 1.485685 4.248208 -24.843793 -14.786799 122.469320 1.547698 0.521937
Car -1 -1 1.713748 500.934143 145.218033 544.085632 188.811783 1.954062 1.514570 4.556837 -25.665099 -20.622696 156.003394 1.550692 0.187316
Car -1 -1 2.660903 1827.480469 376.867188 1919.015259 456.394073 1.206097 1.865649 3.334931 19.749343 -2.483770 57.636538 2.991018 0.347535
Car -1 -1 1.738046 456.446686 151.657516 495.572998 180.092117 1.352555 1.601642 4.266753 -30.405057 -22.511789 167.242857 1.558208 0.274689
