Car -1 -1 -0.646843 1383.455933 432.102203 1655.534912 541.462280 1.240654 1.851718 4.129471 9.183015 -0.901325 47.897937 -0.457421 4.016379
Car -1 -1 -1.735271 1285.579102 653.359558 1519.238770 868.723999 1.129237 1.743830 4.227077 4.337042 2.385716 30.092092 -1.592131 4.120484
Car -1 -1 1.745957 393.161530 303.699158 490.479095 379.551941 1.316823 1.544980 4.241718 -13.957916 -5.071073 70.279585 1.549903 1.228407
Car -1 -1 1.917045 50.693783 271.723083 171.947540 348.618835 1.583104 1.571232 4.321100 -25.037370 -6.464063 78.730265 1.609144 1.105456
Car -1 -1 1.700819 533.107117 298.762146 619.282776 372.550110 1.305478 1.578637 4.238747 -10.777195 -5.340505 71.818132 1.551868 1.243146
Car -1 -1 1.604097 652.110535 297.708801 730.440247 369.644623 1.293845 1.679538 4.267872 -7.818383 -5.408013 71.881936 1.495756 0.998461
Car -1 -1 -1.694929 1268.173828 242.629333 1335.875732 296.022949 1.276386 1.712207 4.239895 10.480058 -9.305322 93.669949 -1.583510 0.850169
Car -1 -1 -1.582080 1001.459290 219.776520 1053.211548 275.399994 1.572824 1.757601 4.303353 1.280745 -10.613204 100.344103 -1.569317 0.678620
Car -1 -1 1.673236 617.329956 211.537689 687.540588 289.162567 2.163217 1.692302 4.585702 -11.339643 -9.358281 92.562618 1.551336 0.459925
Car -1 -1 -1.564736 948.130554 177.032410 986.632690 211.123337 1.313993 1.685125 4.258334 -1.217487 -17.494752 137.424206 -1.573595 0.572221
Car -1 -1 1.637385 673.591736 262.233612 754.097534 337.227814 1.565210 1.852444 4.242605 -7.999320 -6.841928 79.626430 1.537260 0.946460
Car -1 -1 1.717931 444.713135 279.177917 526.199524 345.320374 1.295019 1.498713 4.247580 -14.262388 -6.477981 77.934003 1.536928 0.716318
Car -1 -1 -1.591829 1010.369385 172.565659 1049.442139 206.518112 1.364210 1.792107 4.255779 1.934035 -18.389937 142.734195 -1.578280 0.552338
Car -1 -1 1.714970 501.391327 257.095978 578.594971 314.853180 1.293386 1.591188 4.240374 -14.177634 -8.061766 86.760832 1.552991 0.972877
Car -1 -1 -1.644916 995.858459 951.726807 1299.200806 1080.000000 0.535221 1.856697 4.286848 1.096645 4.032626 21.806354 -1.594668 3.366493
Car -1 -1 -1.551880 881.565430 138.624161 912.018250 166.969757 1.649027 1.928110 4.252513 -6.387734 -26.163894 184.704103 -1.586450 0.343487
Car -1 -1 1.663788 580.182678 270.768555 652.605774 334.304993 1.291588 1.530107 4.256372 -10.895800 -6.943568 80.174204 1.528714 0.912788
Car -1 -1 -1.558838 893.048584 158.399338 929.772644 195.996811 1.691705 1.845958 4.309303 -4.416194 -19.814901 149.985181 -1.588274 0.345579
Car -1 -1 1.611147 787.347961 147.675110 822.999573 197.589951 2.181369 1.653666 4.634793 -9.852142 -19.097414 144.833537 1.543228 0.179811
Car -1 -1 -1.568913 935.493591 144.596695 965.157471 170.883972 1.407684 1.776624 4.273933 -2.679882 -24.845373 176.899270 -1.584061 0.255519
Car -1 -1 1.624909 714.394165 245.140213 776.111694 300.768341 1.324769 1.637122 4.262229 -8.115491 -8.868179 90.931418 1.535896 0.658511
Car -1 -1 1.649421 677.006714 206.901566 727.953552 251.697815 1.324447 1.560051 4.231291 -11.478799 -12.396916 108.782124 1.544289 0.275875
Car -1 -1 -1.577525 991.399597 143.775223 1021.705505 172.467148 1.459286 1.755224 4.252894 0.868666 -24.241817 173.661170 -1.572523 0.153588
