Car -1 -1 -1.660780 1065.036499 793.195801 1291.246094 1022.780640 0.663882 1.586133 4.242981 1.590438 3.106165 25.191570 -1.597730 2.894517
Car -1 -1 -0.858219 678.752686 324.450378 879.692444 428.811707 1.592728 1.752397 4.488325 -4.649023 -3.445256 61.111073 -0.934148 1.251968
Car -1 -1 -1.523379 680.373230 780.507690 904.163574 1020.778320 0.724392 1.708088 4.242660 -1.708318 3.054251 25.023537 -1.591542 3.676486
Car -1 -1 -0.171639 65.812431 404.598663 341.117371 506.189789 1.204825 1.845263 4.366128 -14.669694 -1.579677 51.341292 -0.449952 3.979562
Car -1 -1 -1.768435 1349.942261 742.351746 1656.871948 1019.841980 0.980346 1.684352 4.696704 4.530254 3.011710 25.256369 -1.590952 2.497757
Car -1 -1 1.790465 274.477112 303.937103 380.314331 375.992706 1.268709 1.668376 4.247460 -17.206488 -5.239900 71.666446 1.554834 1.120157
Car -1 -1 1.713808 522.113403 290.126495 619.424561 371.770599 1.485745 1.730770 4.240941 -10.914812 -5.369569 71.760028 1.562864 1.317944
Car -1 -1 1.751950 387.479279 306.076477 492.129608 379.979919 1.266963 1.686068 4.245986 -14.091555 -5.090367 70.688818 1.555183 1.249168
Car -1 -1 -1.561172 928.155945 262.858002 998.501953 330.358734 1.498036 1.924006 4.254323 -0.850482 -7.277708 82.819962 -1.571440 1.042422
Car -1 -1 -1.574121 984.577820 220.530899 1037.755737 266.902435 1.311263 1.790123 4.235034 0.724155 -11.423454 105.138687 -1.567234 0.907640
Car -1 -1 -1.568164 936.332214 180.970322 977.867065 221.083725 1.466036 1.828656 4.254563 -1.709509 -16.404313 132.221408 -1.581093 0.613551
Car -1 -1 1.791364 352.533112 277.696625 432.698303 342.261230 1.293672 1.244298 4.239357 -17.285747 -6.711519 79.709958 1.577813 1.029987
Car -1 -1 1.708103 565.361328 214.880173 628.026001 273.398560 1.495379 1.597266 4.242708 -14.134453 -10.582393 98.768461 1.565962 0.736988
Car -1 -1 1.689928 602.749146 255.423584 668.461365 312.460480 1.292679 1.479806 4.240723 -11.245362 -8.169575 87.226896 1.561715 1.194238
Car -1 -1 -1.579763 984.353333 140.273041 1013.787231 166.562469 1.442650 1.834870 4.264230 0.440868 -27.484713 192.935321 -1.577478 0.365829
Car -1 -1 1.664904 656.506287 286.322388 735.230103 350.338928 1.263180 1.668211 4.256392 -8.158284 -6.202022 76.471886 1.558622 1.283058
Car -1 -1 -1.604943 1092.160034 136.197250 1128.871460 169.538315 1.558966 1.902645 4.257309 8.047006 -27.055044 190.482620 -1.562722 0.115723
Car -1 -1 -1.561907 933.481750 135.153351 963.309631 161.666183 1.500317 1.804574 4.245606 -2.992431 -27.128343 189.293429 -1.577714 0.176455
Car -1 -1 1.636689 711.273315 176.395264 759.192810 216.727402 1.495697 1.724780 4.261989 -12.335229 -16.659673 132.403308 1.543793 0.174765
Car -1 -1 1.675090 616.028137 213.113434 672.243713 261.911346 1.251817 1.494854 4.241619 -13.009509 -11.537637 103.920258 1.550550 0.223874
