Car -1 -1 -1.538340 749.153076 572.908630 905.604858 724.648071 0.937453 1.775208 4.243178 -2.110343 1.300195 36.150760 -1.596650 2.888755
Car -1 -1 -1.741593 1234.460083 609.159912 1428.781860 775.099426 0.921144 1.526957 4.223706 4.080809 1.733024 33.864044 -1.621666 2.683245
Car -1 -1 1.960878 0.000000 280.955658 114.509781 373.050262 1.714565 1.693918 4.503104 -25.688518 -5.663950 75.164169 1.631557 0.644715
Car -1 -1 -1.645048 1017.890198 788.191528 1249.128906 1014.723633 0.692858 1.672780 4.227127 1.199144 3.117552 25.602455 -1.598245 2.622603
Car -1 -1 -1.669063 1130.374512 440.960724 1268.838745 576.634766 1.339282 1.717819 4.227942 3.307965 -0.437697 44.900003 -1.595522 2.099864
Car -1 -1 -1.595821 951.368286 457.042572 1070.431396 586.985291 1.271576 1.682429 4.234146 0.262200 -0.251452 44.394031 -1.589915 2.525139
Car -1 -1 1.785860 274.902313 303.148926 378.463684 375.805847 1.304163 1.579599 4.240008 -17.204084 -5.230808 71.593595 1.550030 1.207351
Car -1 -1 -1.578647 963.796814 310.378937 1041.450317 379.044739 1.204754 1.804114 4.248994 0.243923 -5.062541 70.513273 -1.575188 1.466329
Car -1 -1 -1.554788 867.018982 254.049957 926.331116 309.860046 1.283920 1.734545 4.248674 -3.057969 -8.328345 88.089413 -1.589488 1.132392
Car -1 -1 1.750736 386.363403 303.009186 491.378967 379.694977 1.346591 1.714632 4.255857 -14.162497 -5.115919 70.963685 1.553750 1.239990
Car -1 -1 1.704302 523.888672 287.295898 621.912048 371.227325 1.543738 1.789938 4.252896 -10.923875 -5.425583 72.212165 1.554165 1.145502
Car -1 -1 1.323872 676.624084 284.000366 780.475281 363.634613 1.471121 1.664271 4.280088 -7.165205 -5.770198 74.256323 1.227677 0.592639
Car -1 -1 -1.553404 858.602539 195.865494 908.931030 246.298477 1.592548 1.880900 4.228696 -4.566239 -13.512761 116.488672 -1.592583 0.682862
Car -1 -1 -1.571595 946.653137 202.148544 990.305847 244.003723 1.307960 1.599976 4.247936 -1.014617 -13.562248 116.458995 -1.580307 0.706123
Car -1 -1 -1.600680 1047.368774 209.396301 1095.054077 253.202911 1.298517 1.668348 4.262520 3.209599 -12.678429 111.990123 -1.572028 0.770659
Car -1 -1 1.786215 351.018738 277.739624 431.266785 342.733093 1.294100 1.275944 4.234083 -17.234854 -6.665280 79.287093 1.572172 1.151749
Car -1 -1 -1.581756 986.294312 140.446976 1015.405762 166.613541 1.392726 1.783432 4.266396 0.580818 -26.145466 184.288308 -1.578604 0.377819
Car -1 -1 -1.562338 927.629822 171.539795 965.135071 205.148438 1.334867 1.697940 4.243162 -2.380165 -18.582346 143.736759 -1.578896 0.547234
Car -1 -1 -1.586975 1006.724670 166.203415 1046.002686 203.864380 1.527184 1.873626 4.246879 1.733992 -18.585057 143.202627 -1.574867 0.392113
Car -1 -1 -1.559353 884.393616 153.184662 917.238770 183.812729 1.577317 1.760317 4.274870 -5.553215 -22.712049 167.074244 -1.592578 0.366393
Car -1 -1 1.608674 797.501160 136.038818 828.486694 162.902771 1.546497 1.834722 4.249345 -12.206770 -26.850380 187.491304 1.543660 0.341431
Car -1 -1 -1.555968 890.902527 131.953629 919.046570 156.808014 1.441456 1.791307 4.244869 -6.650019 -30.742612 210.759884 -1.587510 0.254746
Car -1 -1 -1.578278 942.077820 144.865295 972.647766 174.504532 1.613993 1.749518 4.272806 -2.219590 -24.420912 175.576007 -1.590919 0.250551
Car -1 -1 -1.617437 1090.832764 138.947479 1125.827393 169.948364 1.696497 1.990283 4.279560 7.846578 -26.411944 187.557382 -1.575626 0.105397
Car -1 -1 1.638604 756.482971 129.050919 787.363098 156.020294 1.683756 1.856367 4.241368 -16.428618 -29.960830 205.688472 1.558902 0.134638
