Car -1 -1 2.910700 1436.184448 257.847015 1590.174194 314.161957 1.374875 1.827997 4.076764 17.605651 -8.086548 70.925637 -3.129176 2.514885
Car -1 -1 2.806004 1556.998291 284.869690 1735.759033 350.697083 1.355844 1.831950 4.084303 18.729024 -5.975802 60.400375 3.106684 3.016324
Car -1 -1 -1.513072 739.323608 739.123352 967.416260 985.962585 0.566755 1.684534 4.257578 -0.971994 2.659244 20.045362 -1.561524 4.218892
Car -1 -1 -2.766690 64.768799 253.682327 237.423859 318.297729 1.550222 1.851123 4.183841 -24.995115 -7.483984 66.758995 -3.124942 2.332555
Car -1 -1 -1.404572 468.401031 636.195801 712.523193 853.044678 0.810941 1.678665 4.258821 -3.917259 2.008936 23.260410 -1.571415 4.408392
Car -1 -1 -1.677941 1111.480835 831.871521 1400.337280 1077.305786 0.889357 1.811539 4.225430 2.296547 3.700607 18.683034 -1.555633 4.878074
Car -1 -1 1.702484 598.068298 206.932510 664.676208 261.279297 1.600746 1.933750 4.282581 -13.811298 -12.209835 89.069841 1.548648 0.740697
Car -1 -1 1.665672 687.436829 204.253799 744.263489 257.513031 1.614536 1.739936 4.484108 -10.535847 -12.547289 90.541359 1.549828 0.470225
Car -1 -1 -1.733246 1030.069458 214.794449 1085.624390 256.873444 1.265407 1.687958 4.277352 3.816500 -13.247452 95.334605 -1.693234 0.621613
Car -1 -1 1.640891 711.166138 194.005005 757.417603 237.605881 1.478363 1.695548 4.254908 -11.030566 -14.973594 102.123482 1.533296 0.584993
Car -1 -1 0.173918 1298.140869 156.700577 1373.752319 188.223633 1.566974 1.834051 4.074775 23.573688 -23.527824 140.884175 0.339709 0.114566
Car -1 -1 1.645364 736.423279 191.516602 776.902161 226.669617 1.273599 1.551079 4.255655 -10.314751 -16.028953 106.404166 1.548726 0.368308
