Car -1 -1 2.072049 0.000000 297.882629 104.892738 376.123535 1.378811 1.671234 4.367887 -25.155259 -5.335620 72.527333 1.738193 0.726129
Car -1 -1 -1.618642 1053.717529 259.848450 1117.486450 318.358032 1.253524 1.738685 4.250265 2.874484 -7.926100 86.040016 -1.585246 1.161367
Car -1 -1 1.651495 645.047363 302.206757 727.028992 381.799042 1.375049 1.597690 4.255757 -7.670920 -4.960027 69.433387 1.541462 1.135863
Car -1 -1 -1.709479 1296.133545 246.795532 1371.999512 308.609344 1.441316 1.704537 4.246021 11.102616 -8.591041 90.083592 -1.586849 0.922943
Car -1 -1 -1.599039 1015.567383 186.048615 1060.072754 223.851761 1.344779 1.847039 4.245569 2.120492 -16.010752 130.110183 -1.582743 0.606697
Car -1 -1 1.833693 116.716232 275.183777 210.081604 334.127563 1.255647 1.404540 4.252858 -24.454063 -7.048652 81.551561 1.542364 1.158289
Car -1 -1 -1.563673 952.252258 145.700897 983.649597 172.528671 1.401691 1.835362 4.244823 -1.601242 -25.416721 181.106699 -1.572514 0.343284
Car -1 -1 -1.645951 1152.436401 173.654099 1197.251587 210.875031 1.466021 1.806676 4.254012 9.219143 -17.972713 140.908436 -1.580618 0.379600
Car -1 -1 -1.623078 1082.685303 135.876877 1113.533569 161.041794 1.464238 1.882049 4.255924 7.420891 -28.164753 195.685470 -1.585173 0.225625
Car -1 -1 1.652841 704.897766 221.514511 776.317688 297.192596 1.945972 1.894585 4.508132 -8.499949 -9.324936 93.757308 1.562429 0.435195
Car -1 -1 -1.534946 1094.663940 160.626221 1130.660278 195.511124 1.538499 1.861328 4.263188 6.998500 -21.046527 158.623618 -1.490855 0.172708
Car -1 -1 1.511431 663.687927 279.464935 743.861816 350.319794 1.346326 1.609692 4.261520 -8.012865 -6.230777 76.520275 1.407095 0.638524
Car -1 -1 1.654796 695.105652 259.422333 761.964233 320.383911 1.325899 1.601506 4.241455 -8.143449 -7.764630 84.972706 1.559252 0.788338
Car -1 -1 1.667889 708.650513 136.532272 741.518433 163.563950 1.479665 1.759854 4.244040 -18.380215 -27.210498 189.945787 1.571423 0.275716
Car -1 -1 -1.664035 1232.897583 214.674942 1292.231934 260.267426 1.384711 1.778835 4.236829 10.650492 -11.959709 108.421209 -1.566117 0.405483
