Car -1 -1 -1.831025 1372.907104 670.519226 1641.006836 877.225708 0.722577 1.602627 4.265239 5.661208 2.188275 23.534337 -1.594960 3.334140
Car -1 -1 -0.155316 464.266998 374.262726 674.261658 459.924866 1.212604 1.826325 4.102766 -8.944273 -2.888206 49.183489 -0.335205 3.277540
Car -1 -1 -1.504441 716.411926 687.743164 930.314331 908.485962 0.708578 1.741436 4.244178 -1.383753 2.336834 22.684975 -1.565364 2.820001
Car -1 -1 -3.077636 710.191284 342.801758 918.340271 421.751221 1.352736 1.865919 4.511913 -3.637836 -3.870866 53.050793 3.137084 2.873216
Car -1 -1 -1.673467 1056.299805 662.167847 1285.971680 900.163513 0.910440 1.810897 4.239410 2.031075 2.294642 23.045246 -1.585559 3.312102
Car -1 -1 0.142847 61.039886 401.219727 311.747314 491.482483 1.168481 1.895460 4.495214 -16.743100 -2.201026 47.235504 -0.197795 4.052103
Car -1 -1 1.800147 384.391602 279.209045 474.638062 350.751923 1.524955 1.609818 4.240278 -17.295859 -7.381327 70.860043 1.560743 1.214272
Car -1 -1 2.923944 1026.506958 348.445221 1229.918091 444.389984 1.565988 1.874749 3.985796 3.573315 -3.107312 48.605441 2.997329 3.551426
Car -1 -1 -1.526199 908.785767 263.099915 978.123962 327.659241 1.455152 1.875374 4.233040 -0.732607 -8.165611 72.203072 -1.536345 0.966277
Car -1 -1 1.822305 272.667297 295.673157 363.261444 360.435364 1.292553 1.509587 4.260025 -20.620232 -7.005729 69.864568 1.535308 1.213698
Car -1 -1 1.727808 572.987854 210.947052 629.104370 256.875153 1.504296 1.712594 4.247059 -16.654786 -14.159740 99.960863 1.562712 0.736339
Car -1 -1 1.780514 480.740784 287.606903 571.126526 355.792542 1.356223 1.580082 4.282766 -13.575502 -6.948415 67.907077 1.583202 1.141026
Car -1 -1 1.835191 273.411346 262.842407 347.923706 313.791718 1.310772 1.542450 4.240404 -24.863916 -9.834599 83.267918 1.545017 1.009273
Car -1 -1 1.836819 193.321335 283.949554 273.246765 342.352478 1.302288 1.268193 4.240259 -24.914118 -7.963564 74.573309 1.514388 1.078720
Car -1 -1 1.768561 499.874176 210.637680 558.068298 255.557953 1.542463 1.704662 4.236668 -20.707330 -14.766420 103.889484 1.571818 0.573024
Car -1 -1 1.779356 462.063019 259.620270 531.905945 314.444336 1.292808 1.491439 4.230388 -17.103859 -9.486728 79.943652 1.568584 1.106296
Car -1 -1 1.149457 1812.849243 166.542892 1895.846436 213.974030 1.664250 1.696382 4.473028 41.835090 -16.563643 103.430147 1.533816 0.372947
Car -1 -1 1.986248 1737.173218 205.659531 1831.758789 257.522156 1.417580 1.692317 4.215873 32.198086 -12.184303 85.819885 2.345179 0.449598
Car -1 -1 1.785147 342.851501 266.757904 419.534760 325.147736 1.415990 1.487801 4.234969 -20.795103 -8.876656 77.922574 1.524356 1.031315
Car -1 -1 1.705322 598.172729 180.791916 639.620056 213.404831 1.430505 1.762931 4.246325 -21.053845 -21.196843 133.001082 1.548327 0.584069
Car -1 -1 1.902048 172.755341 247.253250 246.666473 293.592224 1.289713 1.369567 4.239157 -32.120297 -11.772109 93.141050 1.569963 0.653294
Car -1 -1 -0.502393 1798.346924 354.216919 1918.506836 477.295746 1.569338 1.880710 3.997557 19.173403 -2.382177 43.786103 -0.089657 0.862778
Car -1 -1 -1.945229 1756.679321 172.519501 1825.040527 210.809433 1.358114 1.483671 4.225499 39.787038 -17.009334 105.634834 -1.585015 0.345603
Car -1 -1 1.686079 677.691711 160.581177 712.519043 190.616501 1.569394 1.650818 4.260661 -18.613198 -25.437782 150.612187 1.563118 0.415322
Car -1 -1 1.132243 1877.479370 170.151077 1918.396118 212.031174 1.507621 1.191027 4.240500 44.875409 -16.647914 103.784977 1.540355 0.370390
Car -1 -1 -1.753043 1288.931519 212.715134 1351.683350 257.027649 1.357190 1.753473 4.200013 15.517681 -13.597217 95.633404 -1.592182 0.790832
Car -1 -1 1.809194 353.996185 240.398712 422.720215 284.572418 1.294238 1.580686 4.254646 -24.624293 -12.169467 93.477010 1.551619 0.636562
Car -1 -1 -1.590310 961.423828 163.020386 991.579773 193.033173 1.400135 1.749425 4.252182 0.691053 -24.256806 144.202672 -1.585517 0.497694
Car -1 -1 -2.746748 0.134783 208.210556 57.650173 243.133591 1.412714 1.811882 3.782069 -49.043068 -16.507460 112.654095 3.125839 0.101266
Car -1 -1 2.810071 1727.461914 164.053024 1818.484009 203.647446 1.512533 1.816038 3.742601 40.970761 -18.194297 111.188788 -3.120072 0.114365
Car -1 -1 2.875116 1587.154175 148.245682 1667.325928 181.444336 1.527647 1.809951 3.729666 39.573831 -22.589322 130.772417 -3.114215 0.095819
