Car -1 -1 -1.908991 1590.665527 448.271881 1835.849731 639.402832 1.627525 1.654942 4.870136 10.290471 0.502297 39.760120 -1.655734 3.041182
Car -1 -1 -1.494026 616.416504 504.225616 810.360168 730.472961 1.563823 1.879374 4.277705 -3.270779 1.313919 33.672788 -1.590857 3.738909
Car -1 -1 -1.725112 1243.360352 559.467163 1429.138794 719.164917 0.874162 1.547750 4.244479 4.304970 1.305834 35.233080 -1.603529 2.047868
Car -1 -1 -1.397951 246.085266 584.576294 507.119080 839.026062 1.416840 1.751046 4.414507 -6.262939 2.071170 28.719585 -1.612661 2.225240
Car -1 -1 1.840454 131.839523 262.008179 231.568985 329.801727 1.339807 1.427847 4.249422 -22.742342 -6.363663 78.025019 1.556836 0.997505
Car -1 -1 1.732397 378.959229 188.798401 446.229675 242.613602 1.758518 1.818270 4.272892 -24.250795 -12.731797 116.341621 1.526895 0.485460
Car -1 -1 1.676557 580.026978 192.093140 628.275024 231.724289 1.269376 1.509700 4.259251 -17.092679 -13.878676 122.771991 1.538223 0.596900
Car -1 -1 1.762982 310.859375 194.551697 376.080688 239.205704 1.429999 1.617244 4.268811 -27.880518 -13.179363 119.283354 1.533371 0.582781
Car -1 -1 1.716172 436.307617 172.867783 486.818512 208.544952 1.414049 1.723254 4.269283 -26.737006 -16.827361 139.725726 1.527104 0.333844
Car -1 -1 1.667671 606.142517 145.816071 639.426453 171.366684 1.342210 1.556653 4.268109 -24.026985 -24.017714 181.027888 1.535717 0.229721
Car -1 -1 1.707225 530.403931 163.923462 576.519104 197.591385 1.455467 1.832093 4.245516 -24.171186 -18.999820 153.147357 1.550686 0.275516
Car -1 -1 -1.606630 1081.370483 142.644394 1113.942993 169.314270 1.523180 1.919909 4.242546 7.509483 -26.392604 197.397075 -1.568606 0.093215
