Car -1 -1 -1.836589 1324.997192 743.521851 1601.948730 975.369385 0.625858 1.444573 4.220787 5.080935 2.930814 21.835180 -1.607962 3.443464
Car -1 -1 -1.646347 945.152466 731.809937 1184.348755 1001.576904 0.799735 1.864169 4.452465 1.076253 2.989280 21.342304 -1.595961 2.701378
Car -1 -1 1.832080 309.668121 254.272659 408.064514 320.201782 1.326833 1.596547 4.276805 -17.745118 -7.421766 66.978649 1.573094 1.447047
Car -1 -1 1.924292 54.989910 246.745239 167.198639 321.897858 1.585802 1.557920 4.309913 -25.338380 -7.394758 67.067329 1.563064 1.193891
Car -1 -1 1.872728 192.239166 250.055450 291.374268 314.886230 1.329427 1.519125 4.261098 -21.812981 -7.742758 68.461914 1.564282 1.222078
Car -1 -1 1.789003 406.748047 257.941528 493.560608 323.651825 1.273414 1.482429 4.237948 -14.672159 -7.196410 65.650665 1.569128 1.367154
Car -1 -1 1.868239 167.437851 228.591537 250.000275 286.197723 1.388620 1.267793 4.227777 -25.495521 -9.507269 76.454464 1.546362 0.848012
Car -1 -1 1.811849 301.541687 218.750793 379.726379 272.917297 1.433043 1.470698 4.249509 -22.121077 -10.502555 80.925479 1.545017 0.737291
Car -1 -1 1.767063 395.966125 223.347305 477.369141 282.121307 1.429668 1.780813 4.240906 -17.742920 -9.758160 77.291389 1.541414 1.216445
Car -1 -1 1.703934 575.817932 156.285507 616.672119 195.251526 1.593451 1.789243 4.238400 -18.158752 -18.601832 115.247219 1.547655 0.344224
Car -1 -1 1.796802 344.468506 205.050125 414.799713 253.724167 1.388214 1.439515 4.229352 -22.247037 -11.953100 86.855341 1.546054 0.886237
Car -1 -1 1.861427 227.538483 213.988495 302.848083 261.191681 1.265345 1.319837 4.246797 -25.573811 -11.121329 82.929390 1.562299 0.652929
Car -1 -1 1.763607 480.204498 190.434418 539.681580 238.449127 1.490638 1.587662 4.237301 -18.268296 -13.353702 92.796022 1.569228 0.837196
Car -1 -1 1.767331 404.691986 170.516937 457.058411 206.993286 1.334660 1.456236 4.252357 -24.743756 -16.628438 106.367846 1.538771 0.647538
Car -1 -1 1.717349 544.567871 168.878860 595.724426 209.960693 1.374972 1.691755 4.224704 -18.301493 -17.010051 108.696107 1.550540 0.539543
Car -1 -1 1.724918 511.851013 168.010544 570.585327 222.013489 1.913339 1.796960 4.474104 -18.284532 -15.119749 100.360947 1.544707 0.305523
Car -1 -1 1.765674 410.916718 192.222595 470.330688 232.334839 1.193189 1.452425 4.231991 -21.519016 -13.791835 94.368244 1.541475 0.780161
Car -1 -1 1.818677 331.379395 190.379868 393.765656 232.262299 1.260499 1.553059 4.247198 -24.819559 -13.757614 93.934349 1.560358 0.551654
Car -1 -1 1.757207 449.788971 178.297913 501.015991 216.747940 1.199414 1.338683 4.239170 -21.598592 -15.623518 101.853479 1.548247 0.700011
Car -1 -1 1.737000 482.768982 164.952484 531.179749 200.680664 1.338278 1.563627 4.224332 -21.513836 -17.287020 108.500375 1.541256 0.450704
Car -1 -1 1.763717 442.620453 208.428375 508.930145 255.835526 1.277319 1.441919 4.228912 -18.001273 -11.562323 84.756746 1.554439 0.912716
Car -1 -1 1.686389 598.490906 149.541199 638.495850 184.323441 1.439095 1.669216 4.229590 -18.359006 -20.735438 125.031176 1.540595 0.431919
Car -1 -1 1.780044 366.720856 182.729431 419.718140 221.216827 1.214700 1.457264 4.235616 -25.078962 -15.171907 100.435385 1.535345 0.373272
