Car -1 -1 -1.617154 977.567749 406.805573 1087.220825 507.457153 1.118421 1.716929 4.230042 0.687333 -1.579561 50.858971 -1.603641 1.829604
Car -1 -1 -1.511223 683.879456 774.030212 912.473816 1009.554016 0.796190 1.736881 4.236451 -1.710095 3.109808 25.852910 -1.577274 2.641753
Car -1 -1 -1.530344 783.158203 431.066437 900.808411 554.131714 1.252522 1.708111 4.241489 -2.490964 -0.774795 46.735186 -1.583593 2.208385
Car -1 -1 -1.584368 948.831665 297.267548 1023.622986 380.580017 1.476443 1.664364 4.299080 -0.180782 -5.031362 70.079919 -1.586948 1.160702
Car -1 -1 -2.950373 1770.197144 346.155548 1917.441040 448.626617 1.578298 1.846778 4.693103 19.206383 -2.877124 58.682722 -2.634070 0.853981
Car -1 -1 -1.620646 1061.889648 285.161377 1149.354370 365.617157 1.484499 1.949868 4.241088 2.954973 -5.602320 72.907833 -1.580138 1.303190
Car -1 -1 -1.645968 1033.777100 663.893433 1212.139526 900.021729 1.287176 1.387975 4.229042 1.317433 2.612847 29.379764 -1.601156 0.649059
Car -1 -1 -1.549542 835.653198 299.793549 913.585571 383.358276 1.427306 1.754397 4.267197 -2.966339 -5.013580 70.241609 -1.591747 1.507493
Car -1 -1 -1.609120 1047.691772 229.587555 1108.491943 283.339478 1.468250 1.808315 4.255796 3.012104 -9.986667 96.991872 -1.578075 0.850997
Car -1 -1 -1.538531 840.630798 245.510239 901.087524 299.852936 1.279005 1.798079 4.243903 -3.975629 -8.880300 90.613195 -1.582377 1.086430
Car -1 -1 -1.552718 874.764038 198.772049 918.674255 239.320007 1.317926 1.729095 4.251963 -4.099354 -13.982693 118.688639 -1.587243 0.791953
Car -1 -1 -1.565341 943.361877 202.384811 990.940735 246.902451 1.337879 1.819510 4.257020 -1.065338 -13.354927 115.464305 -1.574567 0.893524
Car -1 -1 -1.780697 1400.867554 933.182556 1798.129395 1080.000000 0.888170 1.883263 4.366756 4.682950 4.233856 21.856652 -1.569630 2.364029
Car -1 -1 -1.580049 1008.437683 193.217743 1052.768799 233.204193 1.332532 1.757755 4.246687 1.690218 -14.683019 122.288582 -1.566228 0.675651
Car -1 -1 1.671318 619.376831 195.309799 675.859924 242.231934 1.478824 1.743653 4.235415 -14.484749 -13.606859 116.112074 1.547212 0.747502
Car -1 -1 -1.565535 948.062073 171.464264 987.507385 210.175323 1.527262 1.816327 4.247153 -1.189517 -17.390632 136.547832 -1.574246 0.449966
Car -1 -1 -1.547979 882.489685 136.949905 910.909851 162.607285 1.393654 1.703655 4.242070 -6.663009 -27.567468 192.091444 -1.582651 0.351752
Car -1 -1 -1.558086 874.986633 169.257584 912.823792 202.710373 1.322309 1.731167 4.248653 -5.076808 -18.508254 142.454834 -1.593709 0.582978
Car -1 -1 -1.562941 929.013794 144.846191 960.964355 173.638763 1.360192 1.767568 4.256364 -3.031788 -24.487557 175.034414 -1.580261 0.361813
Car -1 -1 -1.587650 1010.506287 171.963959 1049.354492 206.410248 1.406803 1.780452 4.251801 1.868095 -17.755999 138.207217 -1.574134 0.264987
Car -1 -1 -1.380161 1093.634888 157.581009 1133.426147 196.238785 1.649841 1.853825 4.298866 6.816520 -20.361149 153.840883 -1.335881 0.101530
Car -1 -1 -1.608481 1085.821289 137.963577 1116.242920 161.868912 1.322794 1.686794 4.265556 7.415670 -27.224988 189.482184 -1.569365 0.109708
Car -1 -1 -1.577125 980.159790 128.009537 1006.635742 153.990433 1.542658 1.813026 4.278275 0.111973 -30.374848 206.998042 -1.576584 0.134062
Car -1 -1 -1.563900 937.507385 132.503983 965.119568 157.942032 1.503054 1.804342 4.236204 -2.909065 -28.185435 195.023229 -1.578815 0.128342
