Car -1 -1 -1.560211 929.628601 344.755463 1020.079590 433.514526 1.150330 1.825719 4.268749 0.112228 -3.334760 48.900710 -1.557916 1.746476
Car -1 -1 2.812247 1634.093750 270.179932 1797.942871 326.082611 1.338269 1.831544 4.147487 23.233710 -7.397047 68.035275 3.141325 2.486778
Car -1 -1 1.201265 740.156555 303.590485 874.182251 380.558990 1.170440 1.615594 4.733046 -4.218490 -4.973668 55.393507 1.125257 0.985043
Car -1 -1 1.651129 682.925232 222.892517 739.742432 274.039978 1.369016 1.637615 4.275697 -9.790328 -10.899572 82.798437 1.533432 0.823573
Car -1 -1 1.344883 714.704712 247.029266 790.394531 302.506897 1.221830 1.604208 4.279756 -7.328942 -8.822897 73.369069 1.245322 0.735225
Car -1 -1 -1.549575 865.577759 188.313095 907.938293 226.258179 1.447896 1.855534 4.253527 -4.164864 -16.622372 110.033411 -1.587408 0.678384
Car -1 -1 -1.580816 931.884460 241.503036 990.787048 304.480133 1.433288 1.826961 4.277355 -0.312444 -8.945844 74.722332 -1.584997 1.029803
Car -1 -1 -1.590242 935.831360 183.287231 975.563538 221.149216 1.405671 1.774034 4.262260 -0.763190 -17.627317 114.686245 -1.596897 0.639527
Car -1 -1 1.661253 671.548340 185.047592 712.162170 221.429581 1.379588 1.525959 4.257664 -14.224630 -17.099203 111.649921 1.534531 0.556428
Car -1 -1 1.452636 735.059448 193.730423 786.305786 240.176682 1.518231 1.685259 4.277415 -9.678637 -14.672017 100.733635 1.356849 0.444981
Car -1 -1 1.396609 711.488892 268.798920 795.369019 337.956146 1.237300 1.607218 4.248980 -6.295284 -6.712525 63.032286 1.297065 0.813157
Car -1 -1 -1.555602 886.558777 169.302353 921.588928 201.329514 1.446576 1.815677 4.261056 -3.944417 -20.894204 129.392565 -1.586077 0.588098
Car -1 -1 -1.588122 929.254517 156.802933 960.480042 185.521286 1.553030 1.946934 4.273929 -1.682197 -24.500615 146.153661 -1.599631 0.347460
Car -1 -1 1.644157 776.680115 155.814362 808.296997 185.172668 1.496623 1.733138 4.269087 -11.565735 -24.118925 143.244456 1.563590 0.285858
Car -1 -1 1.703778 626.223389 160.378235 664.857300 189.247620 1.379544 1.740126 4.252395 -21.015741 -23.576002 141.498464 1.556333 0.393670
Car -1 -1 0.174220 1298.182495 157.446426 1373.286499 189.285217 1.553411 1.851446 4.112676 23.285545 -23.156774 139.031689 0.340164 0.135385
