Car -1 -1 -1.641952 995.856995 512.312866 1136.119873 654.269104 1.126699 1.599823 4.205006 1.006305 0.592356 40.060999 -1.616838 2.540816
Car -1 -1 -1.742720 1265.498901 702.809082 1500.573120 914.955933 0.895338 1.569238 4.219728 3.922013 2.637681 28.482336 -1.605881 4.052475
Car -1 -1 -1.526093 794.101013 387.136261 907.786865 498.431305 1.310602 1.862189 4.247333 -2.644232 -1.820696 52.486540 -1.576429 2.261475
Car -1 -1 -1.525257 683.110840 742.339233 908.731934 986.602356 0.917186 1.800151 4.242584 -1.783741 2.945822 26.152572 -1.593357 2.319208
Car -1 -1 -1.644581 1070.046265 292.485077 1146.388062 357.134338 1.190346 1.665934 4.245347 3.150328 -6.018367 75.858587 -1.603075 1.566697
Car -1 -1 -1.582001 947.994934 319.646362 1034.298218 406.127594 1.412104 1.851718 4.245714 -0.050860 -4.140175 65.110206 -1.582782 1.300310
Car -1 -1 1.651418 640.288025 298.474701 728.846497 388.590088 1.594245 1.692570 4.335586 -7.519267 -4.690605 67.864443 1.541069 0.745183
Car -1 -1 -1.568472 927.430908 209.717178 976.051819 257.426880 1.398394 1.718300 4.250746 -1.622887 -12.183994 108.894031 -1.583374 0.831327
Car -1 -1 -1.615145 1023.992920 221.680939 1082.452637 276.108032 1.516047 1.853690 4.243078 2.177563 -10.745591 101.597260 -1.593715 0.975739
Car -1 -1 -1.536087 849.102295 235.035385 903.496765 287.669098 1.314145 1.661376 4.246735 -3.991426 -9.740534 95.548090 -1.577837 1.028641
Car -1 -1 -1.597659 1009.491272 197.494308 1053.532471 236.191055 1.295806 1.742847 4.258471 1.696064 -14.175024 119.386787 -1.583454 0.628573
Car -1 -1 -1.640496 1205.009277 194.155136 1261.647339 242.515564 1.582613 1.954300 4.262269 10.311290 -13.907128 118.773150 -1.553899 0.630460
Car -1 -1 -1.551229 936.073303 186.052551 977.851013 225.708740 1.430816 1.741840 4.243273 -1.644453 -15.731074 128.527775 -1.564023 0.584491
Car -1 -1 -1.563734 897.329346 132.763718 925.459473 156.588242 1.415904 1.882196 4.223713 -5.878661 -29.216937 200.935611 -1.592982 0.363009
Car -1 -1 -1.406234 1053.302979 173.701111 1099.253052 206.816483 1.304932 1.723141 4.254107 4.362933 -18.395402 142.866238 -1.375705 0.366343
Car -1 -1 -1.551525 873.883728 164.919907 910.737549 197.819595 1.366429 1.720819 4.247244 -5.338007 -19.455871 147.661315 -1.587659 0.601603
Car -1 -1 -1.572242 942.904297 166.423965 980.272461 200.608124 1.389062 1.760670 4.224237 -1.673769 -19.549557 149.027450 -1.583473 0.436166
Car -1 -1 1.411819 672.311584 281.159088 765.130127 354.801239 1.383193 1.653773 4.229418 -7.453504 -6.013382 74.914604 1.312652 0.678408
Car -1 -1 -1.589557 985.906067 144.276321 1016.938843 174.434113 1.490618 1.772029 4.238780 0.566952 -24.812621 177.472227 -1.586362 0.350635
Car -1 -1 1.609083 781.114258 161.545502 821.785217 201.692764 1.665837 1.740591 4.248338 -9.823124 -18.610233 142.582246 1.540297 0.439566
Car -1 -1 -1.598198 1082.447266 134.282806 1110.080200 159.106491 1.450506 1.744644 4.237999 7.493972 -28.813362 199.060085 -1.560569 0.097194
