Car -1 -1 -2.809240 0.000000 353.501709 166.654053 448.818909 1.402972 1.835911 4.101391 -18.506984 -2.569736 45.162573 3.085031 1.078256
Car -1 -1 1.810484 276.349640 252.078674 381.308624 326.620636 1.511781 1.760733 4.423249 -18.139936 -7.049021 65.097091 1.538718 1.101269
Car -1 -1 1.867987 145.400894 253.903168 259.831451 331.712036 1.527107 1.755902 4.502924 -21.766915 -6.902708 64.737317 1.543628 1.083772
Car -1 -1 1.760689 412.565857 215.142059 485.494385 268.215271 1.364537 1.571266 4.238411 -18.120149 -10.682138 80.951618 1.540480 1.147076
Car -1 -1 1.907511 77.979652 244.592346 178.820084 317.377289 1.540671 1.278507 4.230603 -25.400713 -7.722314 68.582429 1.552808 1.334807
Car -1 -1 1.760046 421.169586 180.306000 483.717163 226.401276 1.565301 1.783432 4.242723 -21.678853 -14.443456 97.275725 1.540769 0.859754
Car -1 -1 1.813579 266.333771 229.226624 350.150665 287.021057 1.402063 1.610199 4.240767 -21.704139 -9.310944 75.324305 1.533036 1.518248
Car -1 -1 1.731078 526.253845 168.606644 580.085815 213.785690 1.692931 1.726479 4.248394 -18.451941 -16.020263 104.256465 1.555906 0.633589
Car -1 -1 1.798978 354.287964 231.877441 428.565033 293.118378 1.350908 1.322225 4.233958 -18.476275 -9.014576 73.706605 1.553366 1.263794
Car -1 -1 -1.617426 963.274780 919.294250 1260.874634 1079.040649 0.440420 1.857588 4.283401 1.220647 3.926741 17.194276 -1.546553 7.018244
Car -1 -1 1.747244 496.668335 182.935501 553.632141 229.883484 1.504659 1.464627 4.248436 -18.186044 -14.127347 95.887389 1.559810 0.704555
Car -1 -1 1.788386 343.616730 201.621918 413.108826 252.270096 1.432781 1.599795 4.237223 -21.999450 -11.841874 85.804042 1.537401 1.083441
Car -1 -1 1.753273 460.903534 200.770096 520.418884 245.721344 1.285996 1.450717 4.230848 -18.233051 -12.495346 88.716654 1.550575 0.894640
Car -1 -1 1.849654 223.025131 213.853897 303.419250 265.836731 1.341716 1.623569 4.246639 -25.360153 -10.875425 82.059651 1.549919 0.642829
Car -1 -1 1.788780 366.353912 173.023468 422.504578 212.845718 1.459916 1.477589 4.271225 -25.933794 -15.984447 103.767805 1.543875 0.664025
Car -1 -1 1.795042 339.166046 184.079681 399.801636 224.821747 1.327083 1.438992 4.231242 -25.101902 -14.291268 96.141106 1.539649 0.543562
Car -1 -1 1.711198 567.472778 164.149002 614.781677 200.181702 1.366760 1.643709 4.248346 -18.155662 -18.117171 113.645761 1.552780 0.766525
Car -1 -1 1.842071 287.867828 202.247498 355.707336 245.964111 1.231635 1.393934 4.243621 -25.479715 -12.728661 90.252889 1.566917 0.792286
Car -1 -1 1.654695 675.114075 108.200249 702.000366 130.692123 1.668001 1.752673 4.228416 -23.441540 -38.346713 203.513706 1.540016 0.133214
