Car -1 -1 -1.507906 656.096558 807.139587 897.589844 1060.595825 0.657566 1.721887 4.537163 -1.794553 3.205647 24.272693 -1.581704 2.384317
Car -1 -1 -1.759912 1336.632080 771.680359 1613.732910 1002.059814 0.730146 1.593095 4.248381 4.387685 3.019022 25.741949 -1.591086 2.357324
Car -1 -1 -1.628402 1011.637756 745.488770 1233.701172 967.700317 0.789336 1.777507 4.230588 1.161472 2.870188 26.634999 -1.584823 2.840322
Car -1 -1 -0.922856 974.216614 299.267548 1121.711426 365.711395 1.197006 1.859507 3.577238 1.487286 -5.561416 72.925922 -0.902465 0.866213
Car -1 -1 1.351273 684.196411 312.989502 797.468994 404.035980 1.387911 1.559156 4.271588 -5.936905 -4.194950 64.591733 1.259617 1.109569
Car -1 -1 -1.583450 1031.695435 194.239594 1074.612183 236.105484 1.393928 1.702541 4.237790 2.672738 -14.515428 121.970140 -1.561540 0.619048
Car -1 -1 1.669096 676.667542 268.868652 748.963684 338.907501 1.453306 1.522155 4.251760 -7.930646 -6.691145 78.581688 1.568514 1.210559
Car -1 -1 -1.594882 1059.977417 252.521896 1126.777222 328.165283 1.635423 1.806738 4.342025 3.015430 -7.348913 82.433240 -1.558318 0.798498
Car -1 -1 1.657544 709.598938 242.115356 774.065979 301.985870 1.423304 1.656177 4.252740 -8.050422 -8.683269 89.272283 1.567609 0.893613
Car -1 -1 1.630302 734.641846 217.400070 792.048462 273.308868 1.572750 1.758360 4.260353 -8.214918 -10.538631 99.178251 1.547661 0.571643
Car -1 -1 1.641807 758.865356 198.326157 808.113159 245.636917 1.483419 1.691596 4.254819 -8.445390 -12.952784 111.893954 1.566473 0.391470
Car -1 -1 -1.635134 1108.909424 154.523682 1148.999634 186.084808 1.492984 1.859496 4.247692 8.393627 -22.822095 168.879822 -1.585474 0.102706
