Car -1 -1 -0.755744 807.386353 353.419342 1015.952332 456.118530 1.373134 1.831739 3.843444 -1.588527 -2.689273 56.288563 -0.783957 2.500014
Car -1 -1 -1.505323 662.697021 777.660645 886.586121 1013.437378 0.725984 1.646577 4.242547 -1.888232 3.024592 25.106715 -1.580390 2.394314
Car -1 -1 -0.108478 227.677383 402.451263 495.733704 505.816345 1.240686 1.841132 4.304695 -11.631759 -1.571118 51.168140 -0.332003 4.223279
Car -1 -1 -1.633886 1019.660461 807.899658 1257.609131 1049.553711 0.654643 1.729133 4.310716 1.210172 3.204661 24.574921 -1.584682 3.071543
Car -1 -1 -1.769848 1366.138794 796.423340 1661.044800 1035.923828 0.637574 1.589965 4.371365 4.539454 3.112935 24.771432 -1.588606 2.592459
Car -1 -1 -1.045781 922.722717 263.885651 1091.248169 372.956909 2.037430 1.972746 4.778520 0.352056 -5.398515 71.466578 -1.040855 1.146640
Car -1 -1 1.660627 663.584106 285.818604 738.859436 357.395599 1.319834 1.614001 4.245035 -7.856644 -5.949259 74.800882 1.555977 1.054608
Car -1 -1 1.738505 393.766296 302.578094 491.458099 379.276093 1.311778 1.599430 4.246387 -13.990892 -5.103778 70.502646 1.542605 1.066745
Car -1 -1 -1.373027 176.856796 837.036621 520.450378 1078.940918 1.058730 1.819564 4.262362 -5.227884 3.738275 23.132993 -1.595286 3.437163
Car -1 -1 1.692361 533.297974 298.667938 618.333191 372.616455 1.299504 1.585266 4.237672 -10.776410 -5.331797 71.674953 1.543128 1.155883
Car -1 -1 -1.576604 1014.042969 193.569000 1059.974854 235.052750 1.388537 1.806890 4.255876 1.966127 -14.628348 122.568277 -1.560564 0.679760
Car -1 -1 -1.567663 939.519043 212.173279 989.775696 260.187683 1.373587 1.680072 4.256698 -1.061175 -11.967946 107.636237 -1.577521 0.709455
Car -1 -1 1.655668 708.533386 244.840698 775.245972 304.569031 1.356737 1.708674 4.243679 -8.164885 -8.749527 90.455709 1.565648 0.913747
Car -1 -1 1.640562 750.182739 201.048584 806.736755 255.218384 1.596063 1.799896 4.310105 -8.232084 -12.042460 106.634376 1.563516 0.555170
Car -1 -1 1.727214 476.229401 225.548920 539.888428 276.029480 1.335747 1.552460 4.225547 -18.069462 -10.942858 103.105850 1.553725 0.703819
Car -1 -1 1.728748 445.605865 281.006195 527.879272 344.975006 1.250788 1.478615 4.247569 -14.295691 -6.500681 78.197254 1.547929 0.671870
Car -1 -1 1.666704 617.487854 211.177551 686.947754 292.465485 2.222955 1.714670 4.613113 -11.391669 -9.302760 92.935144 1.544736 0.377144
Car -1 -1 1.749571 426.505859 238.673370 498.699707 298.162903 1.456265 1.540918 4.241631 -17.646876 -9.063744 92.036592 1.560133 0.710116
Car -1 -1 1.663858 580.607910 272.721069 652.698853 336.076050 1.277564 1.537610 4.247835 -10.780401 -6.848604 79.498087 1.529074 0.932922
Car -1 -1 1.707452 540.978333 233.239014 600.900085 286.481232 1.326879 1.405629 4.242242 -14.731828 -9.932422 96.785068 1.556400 0.545230
Car -1 -1 1.637733 739.992371 157.878464 778.260193 195.031601 1.526787 1.625939 4.259524 -12.686008 -19.956823 150.206534 1.553475 0.268444
Car -1 -1 1.704621 526.404419 196.292099 583.991821 241.096527 1.415301 1.689267 4.244881 -18.296439 -13.592523 115.772356 1.547879 0.539551
Car -1 -1 -1.614211 1088.479126 139.560440 1118.826660 164.951614 1.458498 1.843123 4.260337 7.487004 -26.778034 187.839697 -1.574373 0.202200
Car -1 -1 1.704361 567.682373 219.145905 622.558105 266.112183 1.290756 1.393676 4.256062 -14.887677 -11.298339 103.852730 1.561977 0.535421
Car -1 -1 1.608278 775.741943 130.494354 809.611145 172.069290 2.117806 1.808817 4.527402 -12.582874 -24.687745 175.267860 1.536609 0.143034
Car -1 -1 1.711042 499.644714 260.303894 571.361206 319.039948 1.288435 1.538186 4.236820 -14.116550 -7.844148 85.534500 1.547477 0.826086
Car -1 -1 -1.136744 948.454895 309.107574 1098.883545 392.093658 1.612563 1.757064 4.343652 0.699735 -4.616526 68.518245 -1.126532 0.650475
Car -1 -1 1.667008 694.506653 187.824249 743.043640 229.384720 1.476187 1.704600 4.261293 -11.989503 -14.523543 120.484173 1.567824 0.438413
Car -1 -1 1.682191 579.329590 179.569122 624.979065 217.188202 1.367204 1.618581 4.261352 -18.469786 -16.367374 130.721938 1.541830 0.302035
Car -1 -1 1.720103 490.770081 164.665939 536.051331 199.174088 1.535053 1.680904 4.254043 -26.281543 -19.883794 151.591077 1.548438 0.132161
Car -1 -1 1.669878 646.273926 181.936234 690.785950 218.420868 1.289769 1.511706 4.224703 -15.609232 -16.729124 133.354676 1.553357 0.166904
