Car -1 -1 -1.613528 946.077576 666.860779 1153.467773 873.876770 0.799313 1.718455 4.260689 0.508535 2.300692 27.957954 -1.595341 2.455760
Car -1 -1 -1.714100 1235.616821 619.752319 1487.516357 854.782349 1.122898 1.676790 4.515666 3.650036 2.152294 28.292207 -1.585797 1.758807
Car -1 -1 1.799159 207.717361 233.208893 300.514404 299.576935 1.557918 1.735922 4.258287 -23.585280 -8.105739 88.898941 1.539829 0.767979
Car -1 -1 1.716191 451.941650 237.561020 529.324707 294.201569 1.304364 1.661555 4.235484 -16.083332 -8.288610 89.263725 1.537926 0.789499
Car -1 -1 -1.592393 959.426819 217.089828 1013.867981 269.144714 1.363064 1.860129 4.259137 -0.170550 -10.258660 101.546654 -1.594072 0.867999
Car -1 -1 1.741141 377.087036 228.635391 456.824524 285.579834 1.354373 1.643437 4.258535 -19.335583 -8.938986 93.444769 1.537100 0.724172
Car -1 -1 -1.572178 940.529602 179.873947 986.687927 229.557327 1.802023 1.835345 4.597979 -1.188747 -13.856812 122.375525 -1.581892 0.380795
Car -1 -1 -1.557820 844.127319 213.501740 904.527710 270.707245 1.630931 1.990207 4.282350 -4.209339 -10.042035 100.310130 -1.599759 0.621578
Car -1 -1 1.790684 281.671661 231.692978 346.969849 282.332825 1.308710 1.262714 4.246674 -23.530151 -9.287730 96.443433 1.551380 0.638024
Car -1 -1 -1.557071 884.420837 173.294678 921.263184 207.615112 1.325147 1.639894 4.249372 -4.574632 -17.407623 143.604859 -1.588916 0.391213
Car -1 -1 -1.542549 858.670898 196.331497 906.437622 236.639008 1.330753 1.855070 4.251449 -4.513735 -12.735827 114.929358 -1.581803 0.435721
Car -1 -1 -1.940704 1308.549072 184.332016 1369.556396 223.525406 1.549264 1.381781 4.385861 16.897946 -15.590868 135.155613 -1.816324 0.096734
Car -1 -1 -1.554318 946.963196 129.249481 971.842346 159.297409 1.926927 1.624183 4.699687 -2.413248 -28.982712 212.281445 -1.565685 0.094536
Car -1 -1 -1.552991 888.558411 156.618179 920.255005 182.914368 1.336958 1.691995 4.257592 -5.234129 -22.070803 170.899439 -1.583609 0.096446
