Car -1 -1 1.833186 9.380151 254.450943 135.613068 349.477448 1.514090 1.520863 4.266782 -20.775380 -4.945392 65.159332 1.524536 1.229229
Car -1 -1 -1.608818 861.825806 409.434448 990.031006 534.146790 1.023691 1.734995 4.301294 -0.599359 -0.815571 43.213486 -1.622687 1.803395
Car -1 -1 1.760419 179.155457 209.568100 272.434570 274.020233 1.308756 1.750695 4.272907 -21.797388 -8.230257 82.429332 1.501899 0.952671
Car -1 -1 1.806325 77.946541 203.132202 173.311157 270.632019 1.440929 1.568850 4.263875 -24.993513 -8.378798 83.063796 1.514047 0.873380
Car -1 -1 -1.584118 835.137146 176.036224 888.069397 225.533890 1.248316 1.707124 4.270923 -3.569179 -11.474023 99.578930 -1.619945 0.909447
Car -1 -1 1.755920 184.735260 151.360062 248.793686 199.452789 1.505521 1.669298 4.251608 -30.579054 -14.101447 114.096153 1.494063 0.621326
Car -1 -1 1.727840 323.228668 171.775482 390.246826 220.440872 1.281303 1.625920 4.254539 -22.630312 -12.149151 103.912081 1.513405 0.757071
Car -1 -1 1.734950 301.700409 138.916901 360.729553 185.231613 1.526682 1.719809 4.252297 -27.432546 -15.523001 121.001829 1.512007 0.514523
Car -1 -1 1.757236 207.281921 175.825531 280.192657 225.731262 1.272091 1.614942 4.268033 -26.135699 -11.656179 101.016291 1.504060 0.787923
Car -1 -1 1.681710 400.303528 142.745590 453.091064 181.285202 1.293673 1.673270 4.246042 -24.165117 -16.251502 125.514965 1.491509 0.384815
