Car -1 -1 -2.724554 1713.599731 332.234680 1910.528320 419.548248 1.424362 1.835077 3.936949 18.988593 -3.746530 64.016977 -2.436203 1.979608
Car -1 -1 0.277824 788.176086 306.731049 988.121277 392.311127 1.587749 1.879804 4.156780 -2.464433 -4.391507 65.988739 0.240496 2.142599
Car -1 -1 -1.408824 218.711563 838.211365 517.893311 1079.052246 1.030078 1.641666 4.234902 -5.160728 3.750666 23.490857 -1.625079 3.194488
Car -1 -1 1.678663 666.640076 285.955048 746.816833 354.400299 1.328003 1.622671 4.243021 -7.722710 -5.991383 74.951673 1.575989 1.250655
Car -1 -1 -1.819630 1322.097290 280.422699 1425.385864 345.669464 1.263357 1.750634 4.267192 10.829494 -6.535862 78.599891 -1.682712 0.857719
Car -1 -1 -1.681228 1248.963013 230.325546 1315.031372 284.522308 1.409128 1.630356 4.249374 10.019413 -9.835445 95.736557 -1.576951 0.837535
Car -1 -1 -1.592610 1021.079468 192.347641 1064.964233 230.798355 1.320084 1.772812 4.258574 2.241236 -14.859706 123.344613 -1.574441 0.714050
Car -1 -1 -1.555579 929.556335 211.629868 982.858215 258.735016 1.376247 1.862749 4.259391 -1.410882 -12.019553 107.919228 -1.568652 0.816564
Car -1 -1 1.652995 722.585938 237.302490 785.700073 291.893005 1.345273 1.662079 4.253537 -8.028628 -9.366780 93.098736 1.566970 0.766488
Car -1 -1 -1.658279 1169.638184 183.748032 1217.056641 222.612152 1.432386 1.756190 4.247742 9.451625 -15.994990 129.649682 -1.585506 0.432355
Car -1 -1 -1.662907 1210.554443 207.783997 1260.776245 245.527802 1.301686 1.732517 4.257232 10.349900 -13.614663 117.911952 -1.575355 0.602588
Car -1 -1 -1.615217 1094.178223 139.291611 1127.338013 167.150864 1.600596 2.025073 4.263766 7.869512 -26.408529 186.107175 -1.572957 0.117833
Car -1 -1 1.629650 735.011475 141.961258 768.666748 170.325546 1.453738 1.760412 4.245164 -15.803658 -25.689576 181.991828 1.543030 0.279595
Car -1 -1 1.659473 680.003784 257.693115 750.997437 318.567932 1.351475 1.670352 4.264787 -8.433427 -7.738496 84.449187 1.559939 0.694979
Car -1 -1 -1.655621 1209.801636 191.255890 1254.515869 228.188080 1.373664 1.730602 4.274014 10.590095 -14.753457 122.494456 -1.569381 0.292765
Car -1 -1 -1.663330 1130.257080 162.387955 1171.317261 197.859680 1.622118 1.897022 4.290956 8.771000 -20.053316 152.629990 -1.605927 0.179008
Car -1 -1 -1.587428 991.776917 130.485245 1024.282959 161.565506 1.857696 1.865330 4.650269 1.015278 -26.646635 185.581292 -1.581958 0.082629
