Car -1 -1 -2.025793 287.794769 366.088928 494.493958 518.947998 1.726365 1.532070 4.359589 -9.998293 -1.345837 39.739919 -2.272271 0.685345
Car -1 -1 -1.599643 931.193054 332.750977 1032.048096 438.871185 1.467193 1.974438 4.247203 0.886639 -3.135700 48.971572 -1.581539 1.670711
Car -1 -1 1.798233 412.559509 211.852661 486.863739 266.525360 1.405479 1.601331 4.251937 -17.950832 -10.609695 80.173180 1.577965 0.945332
Car -1 -1 -1.788478 1329.286987 231.040756 1415.594482 295.276978 1.478414 1.749915 4.245551 14.603260 -8.969258 74.073933 -1.593830 1.147161
Car -1 -1 1.742811 488.102905 161.496155 539.305054 198.117203 1.467602 1.725072 4.251167 -22.629421 -18.631068 116.211831 1.550492 0.673117
Car -1 -1 -1.599617 936.952026 152.365005 973.185669 187.975586 1.523088 1.811731 4.220961 0.815481 -20.671324 125.382386 -1.593114 0.670702
Car -1 -1 1.753839 472.913269 152.271637 517.650513 182.645981 1.397286 1.662933 4.239352 -26.088030 -21.318271 128.237492 1.553143 0.414735
Car -1 -1 -1.592123 919.483459 113.984169 944.812195 136.711258 1.602977 1.907508 4.254789 -0.736047 -35.536646 191.431067 -1.595968 0.282558
Car -1 -1 1.700411 613.557556 128.297699 646.347107 153.581741 1.395198 1.639353 4.237938 -22.648952 -28.554881 159.596308 1.559439 0.216047
Car -1 -1 1.762370 394.550323 130.012039 437.623688 161.591965 1.662277 1.832808 4.260261 -35.871749 -26.238168 149.523281 1.526913 0.150544
