Car -1 -1 -1.659656 897.475464 749.411316 1147.104980 997.130920 0.628591 1.627655 4.314970 0.425743 2.761759 23.902483 -1.641846 2.014307
Car -1 -1 -1.795923 1237.213013 723.580811 1536.401489 959.226868 0.625200 1.534029 4.371442 3.727772 2.625762 25.221988 -1.649187 2.462732
Car -1 -1 1.807483 42.317837 263.340820 156.229614 341.429413 1.191870 1.459399 4.249501 -20.776572 -5.263364 67.060149 1.507042 1.234788
Car -1 -1 -1.498518 372.554352 787.664368 670.787170 1080.000000 1.253417 1.810140 4.281476 -3.342610 3.591672 21.895965 -1.650007 2.684774
Car -1 -1 1.822338 0.000000 214.273285 77.230919 318.165314 1.917048 1.923210 4.561706 -25.053887 -6.359926 73.273441 1.492876 0.462067
Car -1 -1 1.777066 117.153381 225.396286 212.873138 306.607300 1.489401 1.438305 4.292387 -21.072460 -6.591135 73.602328 1.498224 0.709555
Car -1 -1 1.818585 50.742184 217.164429 143.803146 283.837372 1.342176 1.295722 4.245471 -24.898505 -7.716518 80.020731 1.516930 0.723681
Car -1 -1 1.760285 174.177490 210.014389 262.588837 278.273376 1.425969 1.520157 4.245679 -22.007215 -8.109765 82.440931 1.499423 1.065333
Car -1 -1 -1.563748 730.634705 168.939514 782.503296 215.599045 1.262545 1.759631 4.256634 -7.707410 -12.417844 104.746140 -1.637198 0.752143
Car -1 -1 -1.616116 900.177368 139.959854 945.949890 182.179504 1.418167 1.756794 4.301051 -1.764847 -16.109861 124.563621 -1.630283 0.504442
Car -1 -1 -1.586624 820.550110 137.231201 863.966125 172.832672 1.262441 1.859249 4.263073 -5.612233 -17.267435 130.562407 -1.629583 0.307339
Car -1 -1 1.818106 45.763702 236.538620 147.403839 306.032562 1.280478 1.386228 4.241675 -23.906832 -7.105496 76.259064 1.514315 0.409257
