Car -1 -1 -1.539514 817.180481 639.985107 1000.388916 833.570740 0.659783 1.668073 4.252534 -0.601646 1.906272 23.779985 -1.564810 3.587975
Car -1 -1 -1.401540 484.559967 672.940369 717.200073 879.477600 0.569974 1.468042 4.246326 -3.659618 2.133563 22.292531 -1.564252 4.523324
Car -1 -1 -3.137902 802.044800 266.749969 953.217773 331.387115 1.466490 1.819495 4.194377 -2.722105 -6.852980 64.237919 3.102934 2.775742
Car -1 -1 2.700166 1182.936035 295.436127 1366.457397 361.461609 1.306621 1.873461 4.144203 8.131271 -5.481868 58.213242 2.838949 2.759247
Car -1 -1 2.825031 1558.775024 274.070251 1734.019653 347.791077 1.552634 1.846912 3.871198 19.098131 -6.198768 61.719288 3.125121 2.452822
Car -1 -1 -2.916995 307.872803 251.198105 473.202301 318.551758 1.646820 1.876042 4.294817 -17.992557 -7.614922 67.923200 3.107243 2.459017
Car -1 -1 1.693879 619.688477 211.380081 675.128723 256.542786 1.289002 1.642986 4.258290 -13.297049 -12.500620 90.060814 1.547293 0.630185
Car -1 -1 1.652701 696.271790 211.760254 749.699463 259.633881 1.363979 1.664452 4.256918 -10.318333 -12.614762 91.437480 1.540331 0.703507
Car -1 -1 1.681151 636.072083 202.283142 687.096863 245.048904 1.338022 1.599515 4.261363 -13.796513 -14.131351 98.162495 1.541518 0.718785
Car -1 -1 1.624172 731.638672 173.256531 777.911011 225.327835 2.054573 1.859354 4.589456 -10.829591 -16.758691 110.274794 1.526281 0.287116
Car -1 -1 0.189673 1295.523682 157.464249 1364.520020 188.490189 1.554031 1.853750 3.786037 22.887392 -22.985265 137.936604 0.354101 0.157492
