Car -1 -1 -0.396536 346.905487 392.157867 614.240112 491.592255 1.193377 1.843264 4.321944 -9.743273 -1.895503 52.777556 -0.579091 3.212855
Car -1 -1 2.003868 52.992561 662.166199 378.462280 874.678955 0.907840 1.310836 4.504735 -8.503104 2.357170 30.713018 1.733777 1.482855
Car -1 -1 -1.520497 695.108643 742.160889 917.353821 977.395203 0.857634 1.778856 4.255353 -1.682719 2.893127 26.274265 -1.584454 3.428361
Car -1 -1 -1.649096 1034.967285 782.896729 1268.047729 1024.398804 0.749847 1.614045 4.259340 1.338743 3.079487 24.922474 -1.595431 2.328374
Car -1 -1 0.219580 128.038559 463.516510 479.056396 582.069580 1.358817 1.873745 4.759034 -10.843177 -0.152118 43.654788 -0.023878 3.625334
Car -1 -1 -1.214742 896.773743 324.329437 1040.280640 415.795471 1.366675 1.605221 4.272778 -0.547129 -3.854634 63.098808 -1.223413 1.472120
Car -1 -1 -1.791835 1363.294312 841.117981 1713.480713 1080.000000 0.978172 1.857295 4.260808 4.520251 3.727153 23.637772 -1.602886 4.138701
Car -1 -1 0.024428 0.272861 417.075867 115.750893 523.300171 1.388630 1.849987 3.845462 -17.998891 -1.160087 49.659769 -0.323290 1.006235
Car -1 -1 1.704913 523.882996 271.811981 615.656738 367.603271 1.799834 1.583279 4.788349 -11.162015 -5.643819 73.426753 1.554053 0.366955
Car -1 -1 1.744509 389.687805 306.204346 494.500397 380.715302 1.276628 1.743150 4.254779 -14.011689 -5.064573 70.577037 1.548527 1.136999
Car -1 -1 1.775572 278.822205 289.665710 381.221771 374.600677 1.569359 1.603284 4.249554 -17.164611 -5.299423 71.820335 1.540979 1.434123
Car -1 -1 0.029837 788.411987 451.144379 954.862488 569.998291 1.524889 1.557403 2.036025 -1.915530 -0.227144 43.995913 -0.013675 1.984590
Car -1 -1 -1.569199 927.203125 226.856827 981.898682 273.889984 1.273967 1.771892 4.241549 -1.370240 -10.721114 100.892903 -1.582779 1.105399
Car -1 -1 -1.514922 937.600220 291.398102 1014.881592 354.027008 1.177268 1.710811 4.252330 -0.409624 -6.007822 75.140592 -1.520374 1.245578
Car -1 -1 -1.569599 948.661621 180.184341 988.622437 215.126587 1.380735 1.780822 4.244976 -1.171323 -17.029079 135.375866 -1.578251 0.607185
Car -1 -1 1.728700 451.505402 283.210693 533.410828 348.329803 1.274202 1.536690 4.244960 -14.056720 -6.370390 77.658626 1.549632 1.260390
Car -1 -1 -1.564170 937.473633 136.147018 965.205688 161.319733 1.428027 1.735961 4.259227 -2.894614 -27.730133 192.734996 -1.579188 0.345104
Car -1 -1 1.719751 494.064667 256.387939 566.682983 317.386536 1.353590 1.465055 4.259309 -14.444147 -8.020835 86.600043 1.554481 0.438849
Car -1 -1 1.712519 573.060547 270.582611 645.739502 333.207825 1.330007 1.461226 4.256345 -11.357112 -7.130450 81.887131 1.574706 0.432650
