Car -1 -1 0.164064 312.710022 396.650665 610.324402 511.138458 1.342786 1.858254 4.342286 -9.296206 -1.002677 46.422085 -0.033576 4.512420
Car -1 -1 2.920136 827.564575 358.341278 1079.309937 453.337952 1.359603 1.840327 4.276152 -1.330503 -2.126036 53.916964 2.895465 2.849733
Car -1 -1 -3.063201 737.904175 301.686493 954.654663 380.083435 1.320827 1.860364 4.491244 -3.991424 -4.119275 64.642891 -3.124869 1.599595
Car -1 -1 2.883165 1237.607544 361.092010 1488.369873 449.731781 1.347669 1.845447 4.316432 7.045683 -2.314283 57.153871 3.005822 3.338991
Car -1 -1 2.836076 1469.449463 333.259827 1700.153076 429.708252 1.609109 1.820285 4.128140 12.220686 -2.810658 59.970908 3.037100 2.531801
Car -1 -1 2.980169 1086.817627 341.757996 1324.089355 425.561798 1.280420 1.842954 4.427577 3.976333 -2.905272 59.588729 3.046800 2.648540
Car -1 -1 2.770046 1694.016724 350.123810 1919.351196 458.548431 1.708461 1.854219 4.418981 16.558486 -2.136893 56.641993 3.054457 1.266589
Car -1 -1 2.843386 794.521423 343.705231 1007.590515 427.370544 1.240009 1.821847 4.024154 -2.537428 -2.831845 58.435564 2.799990 0.671384
Car -1 -1 -1.132548 676.790527 239.371643 791.279907 296.461060 1.203456 1.594367 4.199251 -8.725905 -7.814029 85.186391 -1.234626 0.664958
Car -1 -1 -1.530867 880.522949 204.572464 941.969604 256.251892 1.392378 1.978503 4.240788 -3.996361 -10.896287 104.080428 -1.569245 0.730706
Car -1 -1 1.748255 210.219772 212.100693 291.349548 271.246460 1.302867 1.681212 4.267387 -24.955476 -9.071517 90.381070 1.478853 0.902112
Car -1 -1 1.695973 302.575775 215.629028 384.061646 277.520935 1.334845 1.650383 4.259803 -21.747903 -8.824046 89.453571 1.457480 0.920697
Car -1 -1 2.992264 770.750549 321.920563 974.110229 407.093597 1.199314 1.847135 4.225153 -2.865977 -3.144724 58.654994 2.943441 0.807602
Car -1 -1 -1.537947 751.910767 158.724838 796.128967 195.542053 1.303470 1.777568 4.251532 -11.752329 -16.689950 134.165216 -1.625320 0.418517
Car -1 -1 1.662609 280.814423 197.309830 349.646820 248.007614 1.208647 1.434254 4.255293 -25.715645 -11.013692 101.770047 1.415106 0.449711
Car -1 -1 1.802622 152.749374 193.056213 223.265640 246.630722 1.419572 1.397366 4.255072 -29.092449 -10.464833 97.313990 1.512125 0.696380
Car -1 -1 -1.555123 826.375122 161.903275 865.873718 194.581787 1.239798 1.632588 4.256945 -8.692267 -17.523927 140.923531 -1.616726 0.305184
Car -1 -1 1.602856 219.255753 183.688370 282.660797 230.360901 1.250156 1.522058 4.272346 -29.450157 -12.033155 106.389642 1.332804 0.462073
Car -1 -1 1.662903 240.948975 158.180893 301.399109 199.793732 1.363114 1.591490 4.256522 -33.774270 -15.446509 125.354877 1.399723 0.266463
Car -1 -1 1.285816 1612.659180 310.212952 1797.928589 388.960022 1.323940 1.860311 3.998304 16.739733 -4.101449 67.387203 1.529298 0.329482
