Car -1 -1 0.231859 211.736725 446.275452 537.018555 578.075562 1.626317 1.898166 4.516475 -9.852882 -0.198664 44.447792 0.013713 4.745747
Car -1 -1 -0.213871 1347.172852 434.246063 1670.386230 573.706726 1.661244 1.872571 4.492724 8.204438 -0.320535 44.458690 -0.031383 4.661483
Car -1 -1 -0.057426 0.726385 410.219208 208.800583 521.312561 1.374293 1.838832 4.346405 -16.689363 -1.271482 50.373132 -0.377359 1.290629
Car -1 -1 -0.970606 641.294556 345.239410 814.265503 437.953888 1.315688 1.581619 4.125283 -5.652320 -3.198859 59.775461 -1.064884 1.375778
Car -1 -1 1.787310 271.393402 305.576935 377.096832 380.123291 1.302895 1.589366 4.234523 -17.084901 -5.093316 70.841923 1.550660 1.286034
Car -1 -1 -1.487092 617.741333 821.677979 877.250549 1078.659790 1.040604 1.748469 4.241343 -1.965928 3.622744 23.525603 -1.570464 2.919792
Car -1 -1 1.746994 394.135925 294.437469 497.218048 379.732635 1.567794 1.670584 4.244907 -13.890224 -5.065615 70.413355 1.552228 1.170413
Car -1 -1 -1.351107 863.904480 309.677368 954.311401 382.187988 1.214154 1.426475 4.226161 -2.051997 -4.948964 69.663437 -1.380554 0.992848
Car -1 -1 -1.646405 1014.367432 835.492493 1283.501099 1078.959595 1.226447 1.774129 4.256870 1.190309 3.883953 23.100578 -1.594924 2.847763
Car -1 -1 1.706212 519.988220 310.634827 605.333984 382.836182 1.210066 1.484846 4.236561 -10.774191 -4.939763 69.568802 1.552561 1.114154
Car -1 -1 1.644529 708.041931 230.866333 769.457092 284.532837 1.384858 1.650959 4.250485 -8.874941 -9.997455 97.034205 1.553321 0.890634
Car -1 -1 -1.547292 866.119812 229.648911 929.404663 298.858917 1.772264 1.811658 4.330645 -3.152173 -9.066772 92.099663 -1.581504 0.644197
Car -1 -1 -1.557390 994.262939 202.142151 1042.165771 243.746567 1.310912 1.822414 4.223587 1.101073 -13.706979 117.624976 -1.548030 0.762473
Car -1 -1 1.736691 395.929840 191.902512 447.484528 231.440231 1.346707 1.526035 4.248762 -26.150737 -15.277184 126.683035 1.533124 0.493568
Car -1 -1 -1.563017 929.611755 162.882797 961.553406 193.653656 1.372822 1.619725 4.247222 -2.600127 -20.504294 154.228724 -1.579874 0.420127
