Car -1 -1 -1.588095 974.452698 481.825409 1126.260986 639.868896 1.213598 1.840194 4.250283 0.780067 0.551552 38.596700 -1.567887 2.520004
Car -1 -1 -1.378052 172.794510 680.133240 446.144409 899.239807 0.842575 1.612777 4.239604 -6.575051 2.442978 27.219634 -1.615067 2.329914
Car -1 -1 1.729246 441.522430 218.109268 524.527771 296.809052 1.894972 1.664265 4.605905 -16.217101 -8.198648 88.780695 1.548573 0.427788
Car -1 -1 -1.540632 977.403137 334.848114 1078.018188 424.006683 1.119595 1.810559 4.264886 0.801162 -3.090666 59.002999 -1.527054 1.575059
Car -1 -1 -1.599619 880.638733 813.729248 1144.050171 1078.196167 0.966052 1.861397 4.370504 0.102548 3.546603 23.155280 -1.595191 1.764620
Car -1 -1 -1.525150 804.385254 232.082855 882.042297 319.117615 1.845080 1.940828 4.316494 -4.352831 -7.068738 82.452706 -1.577893 0.733737
Car -1 -1 1.839867 118.266037 233.371811 216.704681 298.922333 1.588818 1.655224 4.256901 -26.586971 -8.183790 89.653228 1.551575 0.824692
Car -1 -1 -1.577518 936.591125 233.788483 996.756042 298.138000 1.526793 1.676235 4.382547 -0.815540 -8.312032 90.680534 -1.586512 0.652484
Car -1 -1 -1.623281 1046.552856 231.686264 1107.547607 282.724243 1.231757 1.781067 4.270315 2.996832 -9.353870 96.888093 -1.592360 0.738212
Car -1 -1 -1.546966 857.461182 186.887772 905.875366 232.558914 1.535199 1.892844 4.271538 -4.729539 -13.630316 121.059823 -1.586014 0.464171
Car -1 -1 -1.551136 973.476013 278.095398 1045.851440 350.617126 1.347305 1.681435 4.263477 0.520730 -5.575590 74.395492 -1.544136 1.133152
Car -1 -1 1.714331 431.190338 192.187836 482.942169 230.201645 1.239031 1.567851 4.255768 -23.849223 -14.038224 123.677194 1.523835 0.524470
Car -1 -1 -1.590669 996.073669 141.971497 1027.058960 170.056030 1.459861 1.772958 4.256827 1.433124 -25.434556 190.811939 -1.583158 0.284314
Car -1 -1 -1.567942 934.929688 140.818176 964.140381 167.364227 1.438275 1.857846 4.247484 -2.886990 -25.784020 192.286822 -1.582955 0.316418
Car -1 -1 1.670134 589.484924 138.604889 622.255005 163.560608 1.426175 1.706711 4.262863 -27.619994 -27.029483 199.547563 1.532595 0.158337
Car -1 -1 -1.532999 820.725830 226.959320 886.371887 287.978912 1.615264 1.892155 4.256903 -4.627936 -8.726284 92.900593 -1.582774 0.335183
