Car -1 -1 -1.870406 997.767151 339.230438 1126.797241 418.000366 1.122619 1.523038 4.371747 1.547483 -3.745396 62.668363 -1.845718 1.005783
Car -1 -1 2.798516 1454.438477 415.904022 1753.954468 541.404907 1.614625 1.867562 4.326108 10.531074 -0.843660 47.847478 3.015158 4.767413
Car -1 -1 -1.521648 657.780884 767.028687 884.908813 1006.416260 0.784153 1.747872 4.261743 -1.951954 3.013455 25.450789 -1.598193 2.169403
Car -1 -1 1.792177 250.119415 298.745483 359.236450 384.516541 1.517673 1.614188 4.247214 -17.242426 -4.902288 69.540112 1.549130 1.198067
Car -1 -1 -1.645442 1002.234131 830.728149 1240.944092 1075.518188 0.618620 1.618662 4.241237 1.013735 3.301662 23.826732 -1.602922 3.032429
Car -1 -1 1.671343 642.940430 309.788513 723.224670 385.249207 1.267479 1.497059 4.242041 -7.686855 -4.840205 68.965492 1.560342 1.133086
Car -1 -1 -1.782496 1361.974854 787.332214 1626.809570 1031.108643 0.773978 1.364475 4.231402 4.395412 3.137522 24.832970 -1.607311 2.406942
Car -1 -1 2.966015 1368.779419 398.074127 1621.504517 499.018158 1.435258 1.842157 4.133861 9.446671 -1.549009 51.484485 -3.135703 1.821755
Car -1 -1 -0.541780 467.446808 377.175079 702.072205 475.549866 1.251404 1.834751 3.947800 -8.063018 -2.263998 55.106604 -0.687065 2.509820
Car -1 -1 1.742995 383.608246 293.121094 488.194702 382.674774 1.621551 1.672973 4.345067 -14.043595 -5.001496 70.035782 1.545099 0.892263
Car -1 -1 1.714223 508.986084 311.078491 605.960815 387.461639 1.241058 1.633919 4.249763 -10.767795 -4.775248 68.559414 1.558438 1.186342
Car -1 -1 -1.693840 1282.526978 252.040558 1359.731812 304.036591 1.250655 1.773539 4.240886 10.851023 -8.817853 91.479739 -1.575775 0.939400
Car -1 -1 -1.621119 1080.603271 303.130432 1163.260132 373.490997 1.185065 1.704488 4.226895 3.346839 -5.338016 71.706488 -1.574479 1.273263
Car -1 -1 1.762672 354.333282 262.844849 445.778839 333.545776 1.475824 1.640941 4.246736 -17.457154 -7.119120 81.560702 1.551814 0.980762
Car -1 -1 -1.758807 957.663269 265.421448 1043.118652 325.722992 1.260686 1.676661 4.265741 0.194129 -7.390291 82.664515 -1.756459 0.789065
Car -1 -1 1.719804 450.442261 280.124695 524.177429 345.687134 1.294812 1.340169 4.252112 -14.272327 -6.502094 78.267971 1.539434 1.066257
Car -1 -1 -1.574870 1022.366272 192.789383 1065.777588 232.367584 1.314764 1.738827 4.245403 2.311235 -14.730578 122.696044 -1.556036 0.638965
Car -1 -1 -1.557748 939.957092 183.154907 981.414490 219.288910 1.361603 1.830098 4.258181 -1.476192 -16.126876 129.761787 -1.569124 0.655630
Car -1 -1 1.730272 501.939484 256.279938 572.396973 313.907684 1.255706 1.444772 4.230808 -14.170712 -8.039062 86.185469 1.567309 0.912281
Car -1 -1 -1.553800 876.778809 174.412094 917.178772 211.806152 1.487726 1.800662 4.256103 -4.743678 -17.438067 137.408027 -1.588308 0.631204
Car -1 -1 1.679787 601.001953 203.912659 663.500427 255.831192 1.584134 1.818164 4.268035 -14.338747 -12.411516 110.201787 1.550400 0.641787
Car -1 -1 1.641008 683.551880 257.904999 748.542114 321.483246 1.333817 1.520474 4.244023 -8.472950 -7.799884 85.220767 1.541910 0.956389
Car -1 -1 1.758754 416.681915 230.611374 498.648712 297.104675 1.577952 1.682493 4.319285 -17.480280 -8.983664 90.446536 1.567842 0.565820
Car -1 -1 1.643251 710.127075 243.593384 770.990967 300.517151 1.381956 1.582359 4.251484 -8.313261 -8.959282 91.557336 1.552701 0.724665
Car -1 -1 1.642500 733.252502 218.903564 791.067688 276.290253 1.518359 1.713909 4.253371 -8.407832 -10.712327 100.959280 1.559413 0.666791
Car -1 -1 -1.603468 1035.816895 218.224884 1091.008545 269.812622 1.402496 1.799569 4.236093 2.699687 -11.419363 105.409393 -1.577862 0.521391
Car -1 -1 1.695102 597.196777 261.895905 664.028320 318.128693 1.288219 1.399315 4.236382 -11.087896 -7.810148 85.111155 1.565556 1.040159
Car -1 -1 -1.610985 1058.662598 225.176285 1128.150269 310.626190 2.289289 1.955056 5.187552 3.197434 -8.404566 89.197566 -1.575154 0.223575
Car -1 -1 -1.572780 1008.943542 174.062454 1048.318115 209.626678 1.394073 1.766203 4.239583 1.839137 -17.709069 138.603444 -1.559512 0.448070
Car -1 -1 1.694370 548.012451 282.378174 634.477417 350.559540 1.314355 1.666329 4.246715 -11.258077 -6.322785 77.685304 1.550453 1.060642
Car -1 -1 -1.569045 949.003235 165.514511 986.270203 201.260147 1.541113 1.781424 4.269362 -1.242402 -18.597155 142.969083 -1.577735 0.304836
Car -1 -1 -1.549330 875.901672 152.980560 910.615479 185.505676 1.511542 1.836017 4.235204 -5.735982 -21.625992 159.173435 -1.585350 0.293910
Car -1 -1 -1.541909 885.157959 128.920258 911.852905 153.969864 1.503496 1.843895 4.229290 -6.904666 -29.776546 203.397506 -1.575843 0.231725
Car -1 -1 -1.609591 1083.247192 133.108749 1114.367188 157.708801 1.476552 1.833335 4.247132 7.637389 -28.897149 199.047242 -1.571240 0.167910
Car -1 -1 1.657875 727.425842 146.492813 762.482239 175.329636 1.425555 1.710065 4.247478 -15.408441 -24.019035 172.563394 1.568819 0.175762
