Car -1 -1 0.928978 831.113953 368.229248 1028.099487 468.801727 1.279083 1.691537 4.267824 -1.345165 -2.522784 57.095144 0.905423 0.726454
Car -1 -1 1.797341 274.904327 447.477478 438.663361 574.547180 1.161564 1.430161 4.255994 -10.117414 -0.474124 44.417565 1.573383 2.737619
Car -1 -1 1.724683 483.880432 329.345551 589.967712 409.713257 1.220464 1.646986 4.258285 -10.517290 -3.995381 64.077618 1.562000 1.257840
Car -1 -1 1.868018 0.762321 638.004700 256.819824 864.524719 1.247226 1.629047 4.397902 -9.521804 2.366674 30.533092 1.565724 2.487335
Car -1 -1 0.269492 1334.006470 406.779755 1616.989136 532.395020 1.550155 1.883493 4.323055 8.507158 -1.054517 48.602379 0.442773 4.654167
Car -1 -1 -1.629951 1019.600281 808.619507 1257.774536 1048.437256 0.643977 1.727486 4.301163 1.213300 3.198079 24.553505 -1.580577 3.278844
Car -1 -1 -1.509160 663.365967 778.066711 885.412781 1012.403503 0.717001 1.637595 4.234794 -1.896942 3.024085 25.156685 -1.584422 2.611868
Car -1 -1 1.828372 208.085709 394.149292 358.511169 499.953247 1.180384 1.490503 4.279644 -13.468437 -1.817442 52.741197 1.578347 2.091078
Car -1 -1 -1.768885 1366.026367 796.489319 1659.706909 1036.859741 0.639423 1.580191 4.330126 4.526240 3.109915 24.712059 -1.587734 2.677265
Car -1 -1 1.683093 593.322815 250.747742 670.018005 319.558441 1.502181 1.727606 4.244397 -10.919833 -7.703670 83.893483 1.553657 1.002360
Car -1 -1 -1.379148 175.079239 836.982117 520.812622 1078.611206 1.066034 1.834580 4.261038 -5.235510 3.737559 23.163519 -1.601437 2.940032
Car -1 -1 1.737971 444.989288 279.613831 535.543518 347.167511 1.287485 1.662571 4.244185 -14.098154 -6.437937 77.800656 1.558707 1.230715
Car -1 -1 1.675814 647.425598 219.744110 709.257629 274.407196 1.458271 1.682388 4.250155 -11.249870 -10.554373 99.048068 1.562719 0.766403
Car -1 -1 1.763988 387.103760 258.285400 469.994141 320.655853 1.353036 1.438982 4.235500 -17.340669 -7.780010 85.053397 1.562865 0.991992
Car -1 -1 1.716442 538.149231 235.275681 604.541565 290.661591 1.358450 1.495628 4.241629 -14.298913 -9.530424 94.156008 1.565729 0.900955
Car -1 -1 1.731021 475.142212 225.875610 538.611206 272.081085 1.239535 1.612236 4.248909 -17.971180 -10.961664 102.332180 1.557178 0.763809
Car -1 -1 1.600202 778.272461 174.378754 821.491394 215.846939 1.565203 1.755527 4.255318 -9.193347 -16.586566 132.055117 1.530697 0.463582
Car -1 -1 1.641305 687.695374 179.070358 744.654968 238.372330 2.106147 1.884469 4.599403 -11.840954 -14.006580 118.476968 1.541693 0.347673
Car -1 -1 1.657340 629.161255 181.272964 681.884216 231.660782 1.807627 1.840016 4.348284 -15.243743 -15.078112 125.144747 1.536129 0.309715
Car -1 -1 1.686129 580.930237 213.895630 636.237366 258.145935 1.256739 1.518001 4.229188 -15.007021 -12.142123 108.469042 1.548649 0.554429
Car -1 -1 1.650077 716.288818 163.462357 762.385803 214.110794 1.987439 1.779337 4.551350 -12.028802 -16.665870 131.819148 1.559077 0.142440
Car -1 -1 -0.355149 1823.016968 455.108368 1917.408447 569.437195 1.325181 1.769340 3.817211 16.306766 -0.393113 46.763639 -0.019628 0.502141
Car -1 -1 1.629904 753.854248 128.181320 783.783325 156.166885 1.668873 1.845902 4.263426 -16.314749 -29.438758 202.034521 1.549326 0.117829
