Car -1 -1 -1.685898 1100.986938 744.407654 1333.600830 995.563477 0.579970 1.493495 4.232782 2.156940 2.732559 20.051047 -1.578738 2.714582
Car -1 -1 2.804333 1557.923828 285.496307 1736.104980 350.655121 1.377511 1.839974 4.019242 18.861161 -6.008153 60.889435 3.104720 3.125686
Car -1 -1 -1.402271 467.801605 636.381531 712.574707 853.687866 0.806783 1.668760 4.253919 -3.921959 2.011003 23.278920 -1.569180 4.436585
Car -1 -1 -1.515563 739.685181 736.440186 967.639160 985.176392 0.566586 1.687545 4.270547 -0.968527 2.648863 20.005061 -1.563939 3.943827
Car -1 -1 3.031035 1125.041016 259.585785 1289.848022 315.074585 1.333592 1.860987 4.734383 7.620476 -8.014262 70.549774 3.138633 2.546537
Car -1 -1 1.707580 597.611633 207.069885 664.387512 261.637268 1.594360 1.929053 4.278857 -13.770543 -12.148435 88.685655 1.553536 0.732885
Car -1 -1 2.718970 1800.167969 276.144379 1918.843750 337.019501 1.310983 1.813373 3.884031 27.076039 -6.721605 64.651221 3.115579 0.392371
Car -1 -1 2.711707 1772.134277 261.175323 1916.079346 319.859131 1.367454 1.818591 3.880668 27.341031 -7.615683 68.044052 3.093776 0.535090
Car -1 -1 1.665512 687.406311 204.275970 744.342590 258.372498 1.621019 1.759230 4.489799 -10.615531 -12.624328 91.182123 1.549613 0.439683
Car -1 -1 -1.622561 970.096375 182.562363 1008.881348 213.980026 1.219031 1.778894 4.238608 1.070427 -18.616867 119.182507 -1.613579 0.475947
Car -1 -1 1.657389 711.008301 195.486206 757.782471 239.015991 1.465768 1.671697 4.262642 -10.991996 -14.936701 102.112972 1.550156 0.499676
Car -1 -1 0.180594 1298.906860 156.488983 1374.040283 187.615662 1.558667 1.830533 4.083831 23.346306 -23.320591 139.610610 0.346286 0.111318
