Car -1 -1 -1.534507 813.367004 404.623627 923.138916 518.852112 1.303728 1.768245 4.260362 -2.239127 -1.396443 50.624284 -1.578708 1.847472
Car -1 -1 -1.445500 269.208740 789.391113 517.858582 1036.077271 0.682537 1.566783 4.316246 -5.286918 3.118730 24.893470 -1.654772 1.803600
Car -1 -1 1.650483 643.582825 308.818909 722.472595 384.159790 1.278683 1.502851 4.238182 -7.736592 -4.895800 69.414232 1.539486 1.044969
Car -1 -1 1.890016 46.325424 281.497559 172.000031 351.556915 1.360442 1.660963 4.357714 -24.684373 -6.294168 77.422283 1.581377 0.937206
Car -1 -1 -1.557825 865.982971 255.787994 928.232056 314.267578 1.303976 1.742869 4.222746 -3.010809 -8.160391 87.522783 -1.592212 1.061222
Car -1 -1 -1.565192 974.677185 230.595718 1032.889893 290.938019 1.571762 1.790767 4.400572 0.399350 -9.531217 94.627455 -1.560971 0.496955
Car -1 -1 -1.577541 943.202881 202.740860 994.254639 258.928131 1.796693 1.653781 4.586411 -0.964363 -12.030287 108.380638 -1.586439 0.361062
Car -1 -1 1.653759 708.511353 243.793869 770.392883 300.357239 1.366434 1.602285 4.251457 -8.343658 -8.964572 91.527370 1.562850 0.820902
Car -1 -1 1.657102 686.248291 257.894287 749.999451 318.688599 1.315135 1.467069 4.244000 -8.486473 -7.877302 85.594816 1.558278 0.862732
Car -1 -1 1.649228 733.508850 218.248047 791.722107 277.032562 1.542260 1.746027 4.262818 -8.361721 -10.654689 100.555747 1.566264 0.675930
Car -1 -1 -1.577117 949.409302 177.200287 993.608093 217.728760 1.498059 1.887428 4.273561 -1.031123 -16.253344 130.085387 -1.585043 0.353670
Car -1 -1 -1.544791 883.592346 130.489166 909.782654 155.700089 1.499595 1.721287 4.257534 -7.006213 -29.579011 202.866934 -1.579313 0.294994
Car -1 -1 1.649346 735.269836 141.655594 768.398865 170.462814 1.511471 1.682830 4.249682 -15.722269 -25.373642 180.254193 1.562343 0.381787
Car -1 -1 -1.563338 940.822571 145.728180 974.117737 177.524719 1.553910 1.859631 4.265371 -2.138135 -23.500910 169.684341 -1.575938 0.288804
Car -1 -1 -1.605822 1089.628906 135.360168 1122.851807 164.493652 1.776404 2.103018 4.253420 8.006266 -27.471181 192.690386 -1.564296 0.122517
Car -1 -1 -1.588161 994.860474 150.754288 1027.210938 178.842575 1.421656 1.791974 4.243729 1.178335 -23.762035 172.347952 -1.581324 0.237232
Car -1 -1 -1.583960 947.438171 172.189178 985.325684 204.096573 1.322343 1.803232 4.239069 -1.337128 -18.415167 142.657700 -1.593332 0.295471
Car -1 -1 -1.477448 1098.144531 160.664383 1142.274048 194.748764 1.671520 1.934796 4.281707 7.334018 -21.065375 158.888555 -1.431323 0.080950
