Car -1 -1 1.878899 0.000000 402.228455 160.287048 545.071960 1.589915 1.593017 4.306549 -15.875781 -0.960908 47.875014 1.558701 2.398303
Car -1 -1 1.880001 1.152768 642.178650 255.081299 888.911316 1.289417 1.753791 4.426342 -9.365973 2.442045 29.303912 1.570647 2.222185
Car -1 -1 -1.513879 721.050354 808.508667 934.368896 1043.449829 0.648721 1.584814 4.226994 -1.379415 3.174644 24.508672 -1.570103 3.806377
Car -1 -1 -1.394348 322.309265 803.914185 590.467407 1044.691284 0.678133 1.477264 4.217780 -4.618996 3.151967 24.392070 -1.581497 2.279956
Car -1 -1 -1.755080 1333.361816 758.325562 1607.346680 979.767944 0.689881 1.637224 4.371931 4.418798 2.894498 26.228710 -1.588175 2.770865
Car -1 -1 1.456473 673.021729 318.696686 771.299072 398.618103 1.266715 1.691444 4.241539 -6.575459 -4.390321 66.427119 1.357807 1.084911
Car -1 -1 -1.660188 1046.385498 838.525024 1319.358765 1079.063110 1.047464 1.787122 4.430117 1.506546 3.800660 23.570094 -1.596357 1.977182
Car -1 -1 1.660906 660.608948 274.537415 737.616333 342.721619 1.346630 1.673040 4.249131 -8.298161 -6.612087 78.428867 1.555493 1.130147
Car -1 -1 -1.529644 1025.225220 181.908905 1072.222900 223.877319 1.596358 1.912454 4.266122 2.613322 -15.666936 127.670467 -1.509178 0.531979
Car -1 -1 1.663977 702.834717 235.580841 771.355042 297.942627 1.500736 1.758833 4.243835 -8.377725 -8.978727 90.864405 1.572036 0.893614
Car -1 -1 1.626459 772.010010 187.967499 818.462769 233.192032 1.559530 1.657970 4.253498 -8.523362 -14.494243 120.843611 1.556043 0.434220
Car -1 -1 1.635597 727.164429 137.618652 759.997986 165.557343 1.475251 1.712345 4.260756 -16.966619 -26.906228 188.649135 1.545901 0.334032
Car -1 -1 1.623680 741.822205 218.406158 795.680420 265.309937 1.332254 1.617695 4.232419 -8.439819 -11.451286 104.739862 1.543275 0.641585
