Car -1 -1 -1.723161 1208.027222 667.858765 1458.427490 897.862183 0.913328 1.580177 4.215466 3.305600 2.257890 26.369367 -1.598454 2.402803
Car -1 -1 -1.621174 902.272217 730.463562 1145.681641 964.943665 0.728922 1.743968 4.235317 0.334776 2.580179 24.585302 -1.607558 3.223939
Car -1 -1 1.783080 277.728760 271.771118 372.440582 356.161316 1.490262 1.317983 4.217557 -16.548479 -5.459481 70.153223 1.551424 1.416673
Car -1 -1 1.814986 152.008881 265.109711 260.041992 357.155914 1.744091 1.483996 4.210029 -19.594845 -5.422355 70.282498 1.543089 1.329893
Car -1 -1 -1.592944 927.672302 231.917313 991.207703 284.659515 1.300907 1.804226 4.257853 -0.618367 -9.425173 93.928372 -1.599527 1.258601
Car -1 -1 1.699566 480.364685 199.990906 539.249390 245.808533 1.286222 1.608927 4.242113 -18.389288 -12.321372 108.558034 1.531763 0.674001
Car -1 -1 1.794896 218.815216 230.240463 298.052795 287.500061 1.320720 1.417585 4.232376 -23.772438 -9.107082 91.207603 1.539927 0.755213
Car -1 -1 -1.592081 899.279297 179.651077 942.770203 219.836868 1.458530 1.739544 4.256442 -2.562012 -15.483024 127.294959 -1.612205 0.552769
Car -1 -1 1.813481 211.666992 184.957993 285.562531 239.471207 1.658020 1.672039 4.273784 -29.688558 -12.988075 112.402416 1.555250 0.483222
Car -1 -1 1.705933 476.065125 161.628326 519.888794 197.531433 1.476429 1.666223 4.249386 -25.513891 -18.896075 146.605433 1.533628 0.334448
