Car -1 -1 -0.526831 440.199341 372.082275 683.804077 464.707275 1.147009 1.861873 4.345113 -8.659717 -2.524630 55.942683 -0.680409 3.099400
Car -1 -1 1.792526 262.559845 294.481201 371.883301 381.562500 1.578670 1.603449 4.245306 -17.149277 -5.040307 70.439808 1.553712 1.267248
Car -1 -1 -1.757268 1309.333496 736.958801 1551.791870 961.802673 0.820640 1.467197 4.220720 4.170829 2.856423 27.010614 -1.604063 3.371137
Car -1 -1 -1.279037 883.419373 316.494293 993.512573 392.956696 1.222862 1.511166 4.237904 -1.283379 -4.630009 68.095803 -1.297881 1.175290
Car -1 -1 0.828763 683.522827 286.958923 839.980652 368.602966 1.550202 1.843879 3.662281 -6.023106 -5.446812 72.162888 0.745491 0.935173
Car -1 -1 -1.498900 612.655334 842.140503 869.144836 1079.690308 1.013664 1.746650 4.245738 -2.011162 3.737913 23.178901 -1.585450 3.976249
Car -1 -1 1.752533 383.467377 309.553711 479.614899 385.304871 1.291776 1.476108 4.241565 -14.060339 -4.876186 69.492666 1.552900 1.366706
Car -1 -1 -1.669946 1037.664795 803.651611 1321.782593 1078.809326 1.334642 1.838979 4.468201 1.480609 3.782415 23.652808 -1.607430 1.822834
Car -1 -1 1.712589 518.286072 300.654938 609.790649 376.445953 1.322804 1.611081 4.239625 -11.058185 -5.244699 71.666011 1.559494 0.970447
Car -1 -1 -1.617196 978.560120 250.476639 1047.198608 311.390900 1.480730 1.942936 4.264390 0.612242 -8.297081 88.289113 -1.610261 1.007307
Car -1 -1 -1.549069 872.364380 181.272095 916.423218 223.949478 1.591374 1.861594 4.262836 -4.583790 -15.918428 129.454862 -1.584463 0.655271
Car -1 -1 -1.562890 1019.146790 175.920120 1068.125244 220.054108 1.710730 2.000309 4.286287 2.404092 -16.053260 129.331020 -1.544303 0.311428
Car -1 -1 1.793293 343.752411 280.760040 428.276306 350.602081 1.391734 1.308848 4.244600 -16.973521 -6.302185 77.556671 1.577837 1.083198
Car -1 -1 1.732253 467.275604 248.690277 554.896057 328.965942 1.770429 1.545574 4.435607 -14.470532 -7.436866 83.476244 1.560609 0.532208
Car -1 -1 -1.566649 936.817322 140.911362 965.057739 166.556213 1.392822 1.698282 4.254931 -2.793331 -26.554898 186.878462 -1.581596 0.390223
Car -1 -1 -1.589898 987.600647 157.413483 1025.092896 191.065887 1.565049 1.935161 4.261859 0.814171 -20.935253 156.510132 -1.584696 0.421049
Car -1 -1 1.764088 432.809418 290.597076 510.336731 355.705872 1.236748 1.223199 4.250660 -14.448799 -6.113371 76.794500 1.578114 0.620867
Car -1 -1 1.673417 591.827637 245.193665 666.992371 318.640076 1.733521 1.774149 4.238510 -11.209037 -7.848307 85.495707 1.543054 0.701411
Car -1 -1 1.784284 398.972229 258.873505 471.942444 316.851501 1.221676 1.322258 4.224577 -17.435264 -8.052357 86.881470 1.586236 0.700733
Car -1 -1 -1.328939 1057.387329 167.574921 1101.147461 197.766541 1.335160 1.579781 4.250741 4.696742 -19.393815 147.470331 -1.297101 0.251790
Car -1 -1 1.688684 550.129028 271.637207 633.236389 339.424957 1.357455 1.573318 4.265224 -11.498064 -6.759347 79.374840 1.544827 0.405898
