Car -1 -1 2.943523 601.384033 376.624298 875.762451 496.831573 1.456863 1.906546 4.545428 -3.881380 -1.657604 41.761962 2.850849 4.770292
Car -1 -1 2.740803 0.811599 426.456146 196.799957 573.314697 1.336789 1.822831 4.109267 -14.740234 -0.419261 35.553898 2.347784 2.326726
Car -1 -1 -1.637206 966.304504 690.239136 1169.690552 909.307739 0.728626 1.709467 4.250077 1.234772 2.560395 23.255183 -1.584159 2.032110
Car -1 -1 -0.402114 486.377441 336.418701 703.883667 426.525787 1.263792 1.834172 4.074267 -7.666740 -3.292934 48.740280 -0.558133 3.138241
Car -1 -1 1.925072 48.244495 252.303345 157.638092 329.254852 1.574316 1.365085 4.230670 -25.129470 -7.072296 65.830047 1.560412 1.229090
Car -1 -1 -1.134166 855.529419 305.595398 990.977600 383.671478 1.223565 1.469357 4.259823 -0.408472 -4.759656 55.683052 -1.141501 1.432918
Car -1 -1 1.871290 190.227905 254.748138 285.867523 321.177551 1.339170 1.378403 4.245779 -21.468529 -7.394321 66.989043 1.561153 1.415814
Car -1 -1 1.810645 307.325928 247.305847 403.205475 319.600098 1.519152 1.592322 4.246910 -17.785891 -7.414385 66.738600 1.550198 1.434012
Car -1 -1 1.841082 255.298233 232.122330 336.277039 293.667542 1.395187 1.391350 4.225543 -21.742476 -8.999268 73.899932 1.554941 1.198383
Car -1 -1 1.792326 378.958435 229.778412 450.621704 284.164307 1.278584 1.336493 4.212581 -18.210424 -9.519405 76.000053 1.557149 1.074391
Car -1 -1 1.859882 240.790604 209.236404 314.282501 259.518494 1.309772 1.482712 4.232995 -25.462930 -11.382064 84.106149 1.565906 0.744673
Car -1 -1 1.871347 165.642380 232.557617 253.322388 289.822296 1.355319 1.523178 4.226629 -25.560595 -9.439265 76.642192 1.549441 1.070176
Car -1 -1 1.771524 439.242035 207.804306 505.767303 258.775299 1.377597 1.519745 4.227667 -18.017204 -11.426748 84.236693 1.560812 0.858626
Car -1 -1 1.781530 384.843719 188.066940 450.718750 237.362839 1.473664 1.647055 4.253040 -21.730347 -13.149069 91.012780 1.547156 0.729051
Car -1 -1 -1.778053 1289.971069 209.994568 1371.538086 273.177032 1.743311 1.767170 4.361662 14.412578 -10.522010 81.160541 -1.602304 0.773147
Car -1 -1 1.814134 332.555542 210.096405 407.565948 260.661560 1.315174 1.601960 4.237354 -21.553609 -11.183375 82.872161 1.559688 0.959092
Car -1 -1 -1.748909 1206.385376 174.324478 1256.093994 207.573334 1.203539 1.555450 4.231018 14.386140 -16.883683 108.459915 -1.617038 0.647184
Car -1 -1 -1.701072 1138.507202 141.657166 1174.450073 168.462067 1.234928 1.432309 4.238595 13.819693 -24.164577 140.059779 -1.602721 0.307091
