Car -1 -1 1.779404 270.281036 359.254517 392.814148 452.981506 1.226295 1.461987 4.263525 -13.820696 -2.839309 58.033355 1.545609 1.421901
Car -1 -1 1.867657 1.106725 409.880920 158.019241 572.220215 1.643792 1.834667 4.692870 -15.635033 -0.620205 46.461360 1.543044 1.531576
Car -1 -1 -1.519995 678.838440 792.191467 898.225708 1026.471436 0.666118 1.666193 4.251517 -1.746702 3.093036 24.900591 -1.590027 3.963765
Car -1 -1 1.752149 374.291412 372.555847 509.828094 495.759552 1.490022 1.487718 4.362073 -10.143634 -1.823536 51.284996 1.556880 1.524793
Car -1 -1 -1.639928 997.779968 822.903381 1236.907471 1073.715210 0.660897 1.633270 4.271130 0.980989 3.280238 23.853417 -1.598825 2.856239
Car -1 -1 -1.782048 1372.719116 833.675293 1666.270630 1078.626587 0.794312 1.588621 4.224627 4.517748 3.550539 24.278639 -1.598073 3.038063
Car -1 -1 -1.580929 1037.727905 263.541290 1104.906616 321.492554 1.278323 1.838409 4.252069 2.404768 -7.617401 84.086564 -1.552338 1.135180
Car -1 -1 1.705449 549.307983 273.367401 638.241455 360.755554 1.664036 1.607440 4.334700 -10.401257 -5.693749 72.469716 1.562897 0.680644
Car -1 -1 1.719018 485.186249 253.387222 563.416870 315.478790 1.395409 1.597705 4.249075 -14.547480 -7.986764 86.052761 1.551549 1.118456
Car -1 -1 -1.571093 972.634644 149.396500 1004.705261 178.536911 1.422243 1.784100 4.255764 -0.231441 -24.013753 173.670158 -1.572425 0.372976
Car -1 -1 1.623486 783.878052 131.961395 813.340881 157.514114 1.486772 1.761264 4.251202 -13.873021 -28.653353 197.370926 1.553312 0.299069
Car -1 -1 -1.575346 987.830750 133.525269 1015.674500 157.580841 1.457514 1.696159 4.233758 0.728480 -28.972057 199.793393 -1.571700 0.259895
Car -1 -1 1.738631 451.709930 176.623596 506.327606 216.081650 1.518065 1.802803 4.246292 -25.494294 -17.200623 137.302537 1.555042 0.338325
