Car -1 -1 1.912158 57.725147 260.602722 163.771561 324.326324 1.285353 1.438430 4.256046 -25.168086 -7.239959 66.518025 1.550440 1.343823
Car -1 -1 1.832030 304.765564 256.055145 400.070648 320.445465 1.287552 1.512242 4.238513 -17.857193 -7.369518 66.583275 1.570003 1.385117
Car -1 -1 1.868793 187.448502 255.096237 287.760529 319.716125 1.289159 1.463631 4.253297 -21.517996 -7.447951 67.108246 1.558504 1.346586
Car -1 -1 1.832023 265.121613 224.977036 349.260193 284.432739 1.392546 1.550506 4.235939 -21.994111 -9.571959 76.230074 1.551128 1.311737
Car -1 -1 1.884878 145.838486 230.089478 239.203308 292.616241 1.443060 1.513806 4.231406 -25.277779 -9.028373 74.075797 1.556026 1.044312
Car -1 -1 1.812863 343.493011 207.091187 415.206421 257.113281 1.319600 1.457384 4.228660 -21.561210 -11.488315 84.280675 1.562408 1.034076
Car -1 -1 1.786726 373.321838 232.356522 451.112000 288.380157 1.295832 1.475908 4.248654 -17.946334 -9.195076 74.519471 1.550399 1.157979
Car -1 -1 1.758247 468.351685 187.729477 534.775452 243.300339 1.677098 1.698294 4.237247 -18.156868 -12.876742 90.616080 1.560495 0.802455
Car -1 -1 1.772419 423.540375 207.554245 494.864075 266.151154 1.534349 1.557955 4.236252 -17.817902 -10.788348 81.095982 1.556141 1.027377
Car -1 -1 1.744118 516.954895 177.791565 573.889038 221.115112 1.438410 1.601290 4.232016 -18.333838 -15.360171 101.694653 1.565751 0.824418
Car -1 -1 1.853032 218.092667 205.608307 298.854858 259.805023 1.471464 1.644095 4.247546 -25.496267 -11.044294 81.872670 1.551138 0.735864
Car -1 -1 1.796341 390.845917 182.260864 455.448425 230.513336 1.572650 1.649985 4.285888 -22.203636 -13.785312 94.047696 1.564497 0.589145
Car -1 -1 -1.583323 930.983154 117.236328 956.110413 143.925781 1.687901 1.745905 4.294913 0.225077 -32.705615 178.828030 -1.582064 0.245884
Car -1 -1 1.850066 329.130219 185.816650 395.428772 228.674347 1.480228 1.487519 4.251243 -25.166513 -13.966247 95.233549 1.591711 0.434693
Car -1 -1 1.828168 279.651825 196.644974 349.863739 241.149643 1.324855 1.466955 4.281363 -25.360180 -12.709534 89.109722 1.550903 0.265231
