Car -1 -1 -1.625290 996.504089 564.508240 1159.153809 725.005615 1.019280 1.775642 4.234250 1.036635 1.282895 36.091035 -1.596575 2.809004
Car -1 -1 -1.726545 1250.995972 627.380737 1449.747925 804.319580 0.903735 1.599585 4.209999 4.116988 1.926385 32.468112 -1.600417 2.534743
Car -1 -1 -1.691076 1153.528687 438.322449 1285.291992 560.974365 1.199038 1.563442 4.215409 3.736548 -0.682671 46.137293 -1.610265 2.617361
Car -1 -1 -1.542241 769.296936 439.257782 887.223450 551.177612 1.097186 1.781225 4.251681 -2.794120 -0.827593 47.447149 -1.601062 1.876962
Car -1 -1 -1.588430 939.851685 388.661804 1049.324097 500.719208 1.327286 1.837690 4.233370 0.006031 -1.769155 52.477141 -1.588315 1.966444
Car -1 -1 -1.646241 1081.428955 354.295746 1177.040405 446.610443 1.261591 1.594513 4.232946 2.896478 -3.008899 59.213598 -1.597364 1.629760
Car -1 -1 -1.545501 829.030518 276.017090 902.643250 353.029083 1.539438 1.834242 4.252352 -3.492701 -6.201311 76.781935 -1.590958 1.275840
Car -1 -1 -1.571351 947.725952 266.726593 1021.472046 340.119904 1.587625 1.944274 4.239365 -0.244996 -6.707787 79.316938 -1.574440 1.083711
Car -1 -1 -1.802934 1372.784424 827.209290 1739.759888 1080.000000 1.235389 1.913226 4.282554 4.591640 3.841649 23.364458 -1.608885 3.316664
Car -1 -1 -1.552275 890.206421 234.331940 946.282104 285.482452 1.338107 1.744101 4.247019 -2.594145 -9.956416 97.160970 -1.578968 1.184770
Car -1 -1 -1.655617 1019.432312 935.800476 1340.035034 1080.000000 0.605120 1.873475 4.264243 1.313310 3.982013 21.219501 -1.593805 4.205894
Car -1 -1 -1.602472 1087.191772 136.984863 1118.035156 163.637070 1.448900 1.808108 4.258475 7.735025 -28.075225 195.871108 -1.563003 0.272590
Car -1 -1 1.653382 767.979492 192.756271 806.343506 247.321487 1.752316 1.285962 4.262777 -8.747426 -13.576278 117.532080 1.579093 0.059174
