Car -1 -1 -0.063977 1.020481 404.417664 257.313873 516.697876 1.383849 1.841587 4.370736 -15.949540 -1.358866 50.550789 -0.369607 2.811316
Car -1 -1 -1.104947 726.613159 338.137390 883.519531 434.712036 1.407726 1.539244 4.228095 -4.052462 -3.290344 60.245576 -1.172112 1.264031
Car -1 -1 -1.517072 686.467468 781.902161 907.885193 1010.933655 0.704698 1.715033 4.248392 -1.711538 3.065571 25.409243 -1.584329 1.882497
Car -1 -1 -1.646279 1038.140015 767.623230 1273.527832 1020.709656 0.889726 1.696078 4.241468 1.403813 3.106589 25.327916 -1.590910 1.755764
Car -1 -1 -0.364502 340.988586 385.177582 597.090393 477.934418 1.159694 1.828058 4.350038 -10.294520 -2.166246 54.255009 -0.552016 2.955913
Car -1 -1 -2.097856 1405.179443 310.821320 1554.428711 384.256134 1.126091 1.486875 4.464655 12.415722 -5.040795 70.529233 -1.923605 0.523192
Car -1 -1 1.793997 274.775208 283.798218 373.132416 382.182922 1.815247 1.255965 4.616701 -17.009700 -5.057181 70.575036 1.557492 0.568846
Car -1 -1 -1.782041 1386.305664 817.419495 1688.102539 1077.043823 0.780503 1.596784 4.242882 4.573586 3.345678 23.889316 -1.592881 2.718823
Car -1 -1 1.712003 520.215088 289.862488 614.738037 371.718262 1.496821 1.736052 4.247674 -11.036930 -5.395551 72.034648 1.559968 0.937495
Car -1 -1 -1.369671 182.903549 849.628357 508.524872 1080.000000 1.046184 1.691843 4.242745 -5.261381 3.826394 23.098099 -1.593634 2.777954
Car -1 -1 1.661600 646.101562 290.935822 732.133911 377.199341 1.558828 1.729568 4.246171 -7.728570 -5.163196 70.675295 1.552679 1.054989
Car -1 -1 1.753520 398.243683 309.692932 489.595154 382.380219 1.252900 1.359061 4.243280 -13.884627 -4.974509 70.122357 1.558042 1.129340
Car -1 -1 1.882688 98.602104 275.086182 198.282928 340.221710 1.314726 1.335481 4.240755 -24.326864 -6.761893 79.748753 1.586610 1.186125
Car -1 -1 1.683370 572.021118 258.385468 653.679321 333.060791 1.591942 1.724313 4.247451 -11.085464 -7.064405 80.822452 1.547063 0.935416
Car -1 -1 -1.567741 943.369202 199.450089 988.678040 241.949219 1.359727 1.716150 4.245030 -1.138542 -13.782185 117.598947 -1.577422 0.767831
Car -1 -1 -1.561241 935.693604 133.327698 964.534241 160.434753 1.575387 1.801340 4.256274 -3.016383 -28.187153 195.403846 -1.576677 0.300472
Car -1 -1 -1.591662 986.859009 134.711472 1015.929077 162.774231 1.590804 1.779428 4.237890 0.658783 -27.236866 190.013444 -1.588195 0.313691
Car -1 -1 1.646256 756.439331 202.354233 806.035156 247.867722 1.302731 1.527894 4.233563 -8.312914 -12.620917 109.310564 1.570353 0.667187
Car -1 -1 1.656428 688.951233 258.371613 754.380249 317.092651 1.315326 1.547320 4.253310 -8.286976 -7.781373 84.564909 1.558745 0.852939
Car -1 -1 1.641684 778.163818 133.044479 807.843506 158.320145 1.477032 1.701747 4.228197 -14.467465 -29.043493 200.140697 1.569523 0.306910
Car -1 -1 1.659126 710.637329 244.107895 770.413330 297.166656 1.293333 1.507960 4.245728 -8.350630 -9.091349 92.091387 1.568696 0.695490
Car -1 -1 -1.611789 1090.682129 135.481201 1124.238159 164.290314 1.640162 2.094689 4.259189 7.893933 -26.828912 187.744981 -1.569768 0.156679
Car -1 -1 -1.570532 949.216431 178.160355 989.288757 215.017639 1.311602 1.755589 4.227798 -1.129095 -17.035399 134.595996 -1.578921 0.317046
