Car -1 -1 -1.458951 1376.762329 619.004761 1609.169312 837.835449 0.703996 1.713444 4.385638 5.473767 2.171778 22.928772 -1.224608 2.240519
Car -1 -1 -1.157373 786.816162 593.902649 1043.959473 768.582825 0.754580 1.294110 4.210154 -0.673772 1.991904 26.550795 -1.182744 3.185169
Car -1 -1 0.289846 948.652039 322.019684 1155.767456 412.773224 1.392735 1.876883 4.044123 1.720151 -2.885133 50.736458 0.323736 3.368579
Car -1 -1 0.373733 631.002441 320.446960 799.371155 385.646118 1.206573 1.875784 3.854014 -7.252370 -4.022350 60.511183 0.254451 2.303195
Car -1 -1 0.661040 272.515839 368.686615 460.583984 444.129395 1.306165 1.881831 3.794092 -16.182226 -2.453786 57.729097 0.387740 1.574760
Car -1 -1 -1.280924 919.847595 698.534485 1217.277100 929.432495 0.511300 1.464954 4.545338 1.003377 2.714811 21.384507 -1.234038 2.810787
Car -1 -1 0.717182 0.000000 370.386322 108.088089 438.953674 1.368695 1.856407 3.621631 -27.850901 -2.778409 64.171425 0.307707 0.182512
Car -1 -1 -1.623871 1715.654297 614.682007 1918.096436 887.374817 0.984269 1.947036 4.376162 8.067289 2.302577 20.746381 -1.253011 1.482364
Car -1 -1 0.149343 1139.522217 276.748749 1362.159180 375.537445 1.743085 1.997992 4.603943 6.699025 -3.845172 53.426402 0.274080 2.680355
Car -1 -1 -1.128396 479.771210 756.977539 832.600098 1002.435486 0.536186 1.350342 4.287436 -2.875988 3.211345 20.664528 -1.266683 3.326067
Car -1 -1 0.552580 409.378021 338.117340 592.433289 415.393738 1.379596 1.882327 3.914511 -13.174074 -3.314270 60.447363 0.337993 2.143920
Car -1 -1 -1.433037 1212.807739 841.056946 1532.117432 1079.809082 0.938023 1.731165 4.235107 3.239017 3.988732 17.254476 -1.247477 3.230302
Car -1 -1 -0.209681 1662.545654 264.973114 1905.586060 353.181488 1.330205 1.917369 4.977633 18.353279 -4.098297 49.602364 0.144707 0.752489
Car -1 -1 0.646932 249.018219 328.388947 397.867676 387.106995 1.245026 1.835372 3.773779 -21.191950 -4.632266 70.425247 0.354637 1.473622
Car -1 -1 -0.161245 1691.411377 287.063629 1920.764160 383.717438 1.302890 1.899578 5.035521 17.289567 -3.138434 44.655558 0.208158 0.956695
Car -1 -1 0.073592 1311.434937 272.237701 1511.304688 344.497772 1.194023 1.891922 4.480116 10.945061 -4.711643 55.548128 0.268137 1.603036
Car -1 -1 1.687924 1424.650757 158.371414 1474.537964 198.965485 1.220743 1.536599 4.265420 21.742587 -14.745377 101.619017 1.898708 0.631936
Car -1 -1 1.787486 1231.660767 176.005356 1285.641724 213.786072 1.206879 1.540325 4.275556 13.464899 -14.704082 106.207042 1.913593 0.433532
Car -1 -1 1.722749 1309.899780 166.997726 1359.279541 205.616440 1.232637 1.369069 4.250785 16.996456 -14.933608 105.203663 1.882923 0.458355
Car -1 -1 1.769652 1266.511719 157.744049 1314.851196 196.905991 1.397457 1.445108 4.245399 16.188316 -16.586370 113.971726 1.910746 0.475699
Car -1 -1 -1.182350 257.967438 265.913147 364.921936 301.321594 1.086887 1.834826 3.845683 -31.072000 -10.255206 102.045074 -1.477924 0.387873
Car -1 -1 1.704381 1354.560913 147.199142 1397.894409 182.807724 1.316429 1.642730 4.255722 21.210092 -17.786457 117.465085 1.883021 0.473100
Car -1 -1 1.686278 1446.545532 137.361877 1493.963989 183.378159 1.714596 1.631686 4.407783 24.774319 -16.766722 110.722978 1.906403 0.290956
