Car -1 -1 -1.377165 48.791302 697.917725 357.482910 969.051575 0.859516 1.619970 4.240485 -6.454883 2.560443 24.114472 -1.638710 2.734668
Car -1 -1 -1.677018 940.639526 229.915161 1021.246643 294.205658 1.195829 1.698159 4.254724 0.537344 -7.243410 77.694888 -1.670102 0.984424
Car -1 -1 1.761892 197.705536 202.359177 277.146729 262.170227 1.342233 1.494853 4.242314 -22.504676 -8.918183 86.411049 1.507114 0.982025
Car -1 -1 1.826305 0.362798 230.417984 85.823143 315.952606 1.566126 1.786162 4.284153 -24.658143 -6.348826 73.424155 1.502307 0.813301
Car -1 -1 1.763558 156.709244 262.793732 278.263550 347.878296 1.289902 1.778194 4.322454 -17.527873 -5.032457 65.585337 1.502408 0.943544
Car -1 -1 1.750268 257.193268 229.868622 351.420197 297.910645 1.237341 1.551614 4.238990 -17.815556 -6.958819 75.440142 1.518362 1.153900
Car -1 -1 1.801672 77.194511 178.151093 152.612701 229.224472 1.309583 1.473001 4.250033 -29.986588 -11.231746 98.544805 1.506281 0.805362
Car -1 -1 1.718727 298.701050 166.403137 360.903656 214.946060 1.303591 1.548983 4.247616 -24.060862 -12.582159 105.751406 1.495012 0.712719
Car -1 -1 1.731231 357.775970 184.770081 428.100983 242.303619 1.405318 1.380673 4.239856 -18.586809 -9.942651 90.905866 1.529548 0.827590
Car -1 -1 1.711010 311.598114 210.567535 387.198883 271.367920 1.267147 1.460452 4.264546 -18.191574 -8.284461 82.543889 1.494091 0.816728
Car -1 -1 1.746236 257.750092 136.715622 310.497864 175.304382 1.337275 1.606532 4.258031 -32.438370 -17.496246 132.870980 1.506786 0.537822
Car -1 -1 1.699616 380.069031 135.712799 436.755798 178.303543 1.402962 1.633473 4.256968 -24.863828 -16.316474 124.932541 1.503165 0.325317
