Car -1 -1 -1.613921 954.365295 704.152893 1161.160156 926.729431 0.884010 1.643627 4.350453 0.558054 2.682606 27.242739 -1.593439 1.377523
Car -1 -1 -1.651042 1149.215698 390.066559 1296.541626 539.179321 1.559582 1.898203 4.739092 3.856634 -0.810256 46.631508 -1.568526 1.470944
Car -1 -1 -1.382608 214.003967 580.876892 480.610931 826.854797 1.385924 1.742446 4.488732 -6.608068 1.977196 29.067548 -1.606144 2.059222
Car -1 -1 -1.489090 332.234619 464.664520 502.356415 623.734497 1.151636 1.879941 4.260810 -8.158047 0.286461 39.743677 -1.691545 3.204633
Car -1 -1 -1.582780 944.301941 358.897552 1057.185791 467.251190 1.328159 1.853083 4.249002 0.159619 -2.053294 53.431904 -1.579793 1.889245
Car -1 -1 -1.537327 787.714294 263.257629 866.887817 342.142853 1.515417 1.862324 4.342854 -4.521958 -5.976421 76.704207 -1.596212 0.782729
Car -1 -1 -1.568226 918.266602 263.338837 988.988098 324.021942 1.244510 1.808549 4.241640 -1.103036 -6.765681 81.476549 -1.581763 1.151999
Car -1 -1 -1.446771 354.937195 856.255737 680.607056 1080.000000 0.923089 1.818613 4.379561 -3.603924 3.781503 22.039529 -1.608857 2.141552
Car -1 -1 1.785151 238.669571 222.894180 319.015289 294.610626 1.783586 1.434910 4.454827 -23.244576 -8.402546 90.654442 1.534150 0.506045
Car -1 -1 1.818398 143.495453 226.744919 234.726181 287.184998 1.581967 1.741687 4.249395 -27.560145 -9.045991 95.402529 1.537171 0.778572
Car -1 -1 1.714934 448.434052 241.385742 529.785339 297.566010 1.282136 1.750038 4.255108 -16.027222 -8.130035 88.631621 1.536038 0.815464
Car -1 -1 1.704373 484.347626 211.625992 554.586609 280.063171 1.824447 1.557159 4.431926 -16.344491 -9.441455 96.671493 1.536884 0.444563
Car -1 -1 -1.548123 894.176575 155.520798 925.713928 184.718597 1.335866 1.742410 4.258276 -4.867948 -21.305625 165.936363 -1.577451 0.275689
Car -1 -1 -1.574335 947.125122 154.803635 980.925842 185.384903 1.480669 1.867666 4.240392 -1.595980 -21.296694 166.239534 -1.583935 0.292394
