Car -1 -1 1.923577 16.545588 271.811340 127.871460 338.330994 1.235544 1.344310 4.315838 -25.233349 -6.598955 63.747986 1.546671 1.005659
Car -1 -1 1.842176 283.187042 260.127045 376.667999 326.019012 1.304651 1.429114 4.241477 -18.261676 -7.105576 65.617686 1.570741 1.497447
Car -1 -1 1.865947 184.602081 255.765396 280.720642 321.166962 1.323412 1.420983 4.221225 -21.557140 -7.375847 66.850693 1.554007 1.217861
Car -1 -1 1.815382 361.675385 219.405594 453.200439 289.297150 1.626620 1.600332 4.601667 -17.933487 -9.144901 73.889295 1.577279 0.700055
Car -1 -1 1.759267 457.906952 208.668716 540.707092 295.608704 2.077472 1.572420 5.093516 -14.485335 -8.768275 72.283687 1.561491 0.431330
Car -1 -1 1.729948 544.879578 184.509354 613.384827 244.022980 1.781719 1.874717 4.344042 -14.742139 -12.686482 89.283168 1.566308 0.693078
Car -1 -1 1.904822 142.348358 234.384216 238.207932 294.978516 1.371978 1.547648 4.236951 -25.282159 -8.939732 73.824162 1.574876 0.984325
Car -1 -1 1.746517 469.443420 165.096207 521.027832 203.873611 1.465165 1.627759 4.270820 -22.203002 -17.175855 108.959499 1.545497 0.425454
Car -1 -1 1.727997 514.228943 173.284241 570.454468 219.035919 1.647793 1.779358 4.354016 -18.646708 -15.577649 102.864054 1.548670 0.462077
Car -1 -1 1.701099 579.764526 156.960754 629.750000 196.955338 1.591490 1.929907 4.250325 -17.565394 -18.441319 114.580245 1.548981 0.457770
Car -1 -1 1.710385 544.395447 144.104385 587.533386 176.621552 1.569878 1.670900 4.275738 -22.921141 -22.738249 133.727269 1.540632 0.211713
Car -1 -1 1.689197 609.819702 136.485031 646.651611 166.596786 1.423074 1.709406 4.236311 -20.282775 -24.688122 142.168967 1.547487 0.398506
Car -1 -1 1.764091 432.084015 183.518417 487.678375 224.064590 1.290305 1.457621 4.241894 -21.814831 -14.868707 99.359646 1.547966 0.642320
Car -1 -1 1.761132 422.577148 166.418015 469.123291 198.154327 1.227211 1.418465 4.231046 -25.509830 -18.031069 112.754943 1.538636 0.518962
Car -1 -1 1.798989 398.232941 196.108887 450.261597 233.938858 1.101496 1.132071 4.209755 -22.029822 -13.558714 93.422274 1.567410 0.537159
Car -1 -1 1.788864 421.576233 212.005951 485.401306 263.763092 1.355349 1.406048 4.202073 -17.848239 -10.736901 80.416565 1.570457 0.519470
