Car -1 -1 -1.517059 950.802490 399.357819 1063.969849 522.627930 1.372211 1.790990 4.283120 0.796147 -1.123375 41.271693 -1.497771 1.901869
Car -1 -1 -1.593641 1098.435425 218.735168 1153.762939 271.503448 1.535191 1.913888 4.278641 6.482237 -11.349561 89.019951 -1.520951 0.769344
Car -1 -1 1.776126 629.004517 242.247833 702.698608 295.524384 1.280635 1.546864 4.254462 -10.802859 -9.132252 77.605021 1.637812 0.927908
Car -1 -1 1.825576 526.041382 240.046555 609.099548 294.678192 1.325241 1.724894 4.388667 -14.477350 -9.274424 78.503034 1.643207 0.769361
Car -1 -1 -1.726671 1278.713623 248.824326 1350.607910 303.396179 1.295158 1.728950 4.270336 12.323184 -8.832499 77.315167 -1.568612 0.878331
Car -1 -1 1.757894 694.111267 220.260147 756.743774 266.238434 1.298723 1.648405 4.259010 -9.959430 -11.557530 89.146354 1.646635 0.826390
Car -1 -1 1.875373 408.741394 239.100403 490.776764 298.241730 1.456329 1.396589 4.244620 -18.332469 -8.945634 76.785551 1.641011 1.141601
Car -1 -1 1.843955 476.935028 228.051727 544.276978 277.385986 1.328462 1.364503 4.233744 -17.929358 -10.643144 85.123298 1.636361 1.008434
Car -1 -1 -1.528855 1001.758362 222.970657 1053.726807 267.773285 1.311913 1.849234 4.269935 2.517104 -11.711875 90.902027 -1.501172 0.762935
Car -1 -1 -1.538520 985.655640 275.956787 1047.120850 332.856049 1.166541 1.694293 4.243328 1.550359 -7.054933 69.067785 -1.516077 1.140903
Car -1 -1 -1.583671 1183.848633 194.752167 1224.436279 234.124405 1.537441 1.696120 4.244618 12.310346 -16.139404 113.167721 -1.475317 0.573585
Car -1 -1 1.696072 807.861755 175.700256 852.165161 212.419052 1.492972 1.763664 4.251191 -7.671533 -18.329226 120.643649 1.632569 0.414854
Car -1 -1 1.724954 735.929871 207.901489 785.820740 248.447159 1.255324 1.536228 4.255939 -9.290555 -13.316871 97.136889 1.629600 0.576861
Car -1 -1 1.767599 632.785095 198.663940 691.979431 247.610306 1.645207 1.502182 4.601048 -13.394738 -12.911581 94.461124 1.626737 0.388305
Car -1 -1 -1.575015 1098.721436 187.438324 1134.920532 220.874741 1.303566 1.758255 4.234535 8.143926 -17.550537 118.456142 -1.506372 0.738728
Car -1 -1 1.734006 759.271851 192.852829 809.705017 232.311127 1.439173 1.589265 4.243423 -8.878587 -15.048062 105.057709 1.649695 0.548810
Car -1 -1 1.795870 582.027161 214.876541 654.783203 270.876923 1.643060 1.671456 4.551992 -14.167690 -11.248033 87.927603 1.636114 0.534943
Car -1 -1 -1.554019 1009.956665 190.530365 1050.059204 225.410736 1.355614 1.800540 4.237014 3.265331 -16.717276 114.414685 -1.525488 0.547056
Car -1 -1 1.745850 712.919861 189.565079 759.804504 225.880508 1.305552 1.513844 4.252094 -12.003091 -16.463160 112.389069 1.639454 0.548303
Car -1 -1 -1.593292 1098.989258 159.923798 1126.790405 187.134598 1.387252 1.803443 4.261818 10.033235 -24.364402 150.404038 -1.526682 0.350720
Car -1 -1 -1.547795 1035.463013 162.524094 1067.847046 195.327194 1.666807 1.822427 4.320413 5.415796 -22.282774 140.497651 -1.509267 0.330872
Car -1 -1 1.734467 772.273560 166.725204 810.454590 196.406464 1.434686 1.619269 4.252451 -10.802099 -21.091032 133.637605 1.653811 0.319389
Car -1 -1 -1.600450 1159.473755 153.260498 1186.519165 177.334305 1.429260 1.835881 4.254262 15.884792 -27.936147 168.118310 -1.506244 0.339981
Car -1 -1 1.687639 839.474121 160.616058 878.629639 195.337158 1.684178 1.743426 4.338931 -6.820772 -21.580579 135.894470 1.637489 0.213858
Car -1 -1 1.771877 661.261475 180.849854 708.066406 216.974106 1.262722 1.488609 4.224704 -15.355015 -17.679182 117.439826 1.641866 0.310767
Car -1 -1 -1.576270 1106.945190 138.610641 1131.135254 164.569244 1.925602 1.866849 4.452657 12.952013 -31.791749 185.697810 -1.506635 0.107134
Car -1 -1 1.639670 882.163269 152.896912 914.173157 179.484695 1.542378 1.904188 4.266294 -5.382315 -27.188953 164.430437 1.606949 0.110398
