Car -1 -1 2.844753 1558.013428 361.183350 1840.260864 474.819489 1.554672 1.864462 4.296275 13.295015 -1.613982 49.851996 3.105377 2.453061
Car -1 -1 0.139646 234.581573 425.158661 573.177734 552.692810 1.327015 1.876749 4.278943 -8.194946 -0.339322 40.776833 -0.058683 4.771461
Car -1 -1 3.047791 771.021240 397.899139 1077.448608 512.095581 1.368940 1.885261 4.494221 -0.640432 -0.937231 45.297738 3.033653 4.895371
Car -1 -1 2.881500 1668.437256 390.242096 1916.474487 512.701294 1.503534 1.822841 4.218403 14.122113 -0.930188 45.729674 -3.102160 2.163191
Car -1 -1 1.801466 13.077177 279.583069 136.263580 358.443787 1.143628 1.541351 4.270358 -20.162891 -4.615153 63.296476 1.493082 1.369198
Car -1 -1 1.776019 96.690865 247.651337 198.566635 321.191406 1.207698 1.436423 4.249815 -20.713679 -6.013954 70.812831 1.491445 1.100856
Car -1 -1 1.848444 0.005963 242.391220 78.783958 318.377319 1.327094 1.541919 4.228212 -24.487302 -6.221906 72.479104 1.522632 0.970273
Car -1 -1 1.761472 223.913376 186.533997 307.943512 256.313873 1.693755 1.667650 4.317980 -22.037589 -9.250902 88.097754 1.516352 0.547724
Car -1 -1 1.782382 160.168945 220.710312 251.500229 281.876129 1.184640 1.552171 4.239051 -21.866745 -7.828350 80.482732 1.517091 1.150947
Car -1 -1 1.743879 289.864410 184.844116 355.640503 234.889435 1.206193 1.406433 4.251279 -22.018101 -10.758897 95.816517 1.518006 1.005193
Car -1 -1 1.802586 40.739468 216.323761 135.966110 282.952057 1.319135 1.464364 4.248425 -25.168714 -7.781685 80.170525 1.498390 0.978561
