Car -1 -1 -1.687166 1013.299194 621.032349 1293.588501 897.930481 0.852248 1.788217 4.322214 1.480000 2.011401 24.131182 -1.625912 2.775105
Car -1 -1 -1.842065 1375.130005 618.690430 1696.903931 887.976013 0.811340 1.493776 4.282844 4.863943 1.966547 24.520396 -1.646244 3.593358
Car -1 -1 -1.395969 189.054932 631.381287 459.452820 858.424561 0.605699 1.488986 4.258881 -5.704620 1.846385 24.876765 -1.621387 2.937781
Car -1 -1 -0.749584 623.516663 144.502396 800.467529 224.397583 1.365724 1.821720 4.268141 -6.640850 -8.276142 71.769215 -0.841852 1.236634
Car -1 -1 -1.524844 525.413391 699.214661 789.381775 980.296204 0.645598 1.766655 4.292382 -2.425059 2.394284 22.349705 -1.632927 3.075338
Car -1 -1 1.729047 358.405884 120.798607 437.953552 183.379120 1.269164 1.513102 4.256865 -17.330180 -10.737808 83.951348 1.525476 1.001384
Car -1 -1 1.858438 0.136720 122.881546 86.604095 199.381287 1.636261 1.827341 4.282695 -27.848787 -10.099771 82.379189 1.532443 0.813153
Car -1 -1 1.801026 136.959610 122.785446 222.772903 186.022736 1.313908 1.329288 4.248201 -23.963266 -10.665553 83.967134 1.523027 1.142594
Car -1 -1 -1.342802 0.000000 843.156006 352.927460 1080.000000 1.129755 1.957229 4.273913 -5.575614 3.691599 18.501162 -1.635512 3.023538
Car -1 -1 -1.621830 956.627502 74.823189 1016.022217 131.377472 1.486359 1.866712 4.275397 0.555112 -14.985732 103.447761 -1.616464 0.696155
Car -1 -1 1.780981 186.087936 100.713837 268.122040 162.104980 1.412349 1.477811 4.253610 -24.687051 -12.404805 92.041779 1.518933 0.939630
Car -1 -1 1.749687 287.072540 112.138756 361.560028 169.070709 1.245981 1.395275 4.276513 -20.647441 -11.705893 88.540774 1.520584 1.019752
Car -1 -1 -1.578705 859.495239 105.992363 925.198120 161.493927 1.217564 1.827299 4.254952 -2.571422 -12.313943 91.208467 -1.606891 0.971519
Car -1 -1 1.730376 407.885468 108.665359 476.573090 162.951797 1.199286 1.376770 4.249064 -17.250046 -12.143761 90.433402 1.541892 0.938494
Car -1 -1 1.808348 69.241791 115.154091 155.023361 173.100296 1.252881 1.342496 4.261334 -27.646854 -11.701787 89.128826 1.507569 1.054681
Car -1 -1 1.754938 296.308380 74.538330 360.935822 123.705589 1.363481 1.482895 4.267122 -24.565085 -15.539146 105.758098 1.526709 0.616966
Car -1 -1 1.728569 432.262451 93.805626 494.614105 145.820984 1.243580 1.339702 4.247185 -17.743550 -13.630543 97.150252 1.547919 0.745783
Car -1 -1 1.724079 370.641632 79.195457 438.908752 130.983490 1.317197 1.667909 4.257290 -21.322054 -15.221125 104.573514 1.522940 0.556418
Car -1 -1 1.761442 239.391510 90.493065 305.071411 138.213257 1.196209 1.351887 4.259928 -25.132075 -14.119375 99.677062 1.514455 0.646381
Car -1 -1 -1.926933 1540.028320 878.562195 1923.397339 1080.000000 1.126097 2.019130 4.366067 5.472859 3.980485 18.514479 -1.639519 2.349253
Car -1 -1 1.825914 3.242384 90.350395 75.292679 135.119705 1.217129 1.585917 4.270437 -35.296616 -14.919400 104.510257 1.500208 0.444082
Car -1 -1 1.779149 250.037048 63.502823 305.433960 102.469131 1.190750 1.286840 4.252131 -29.744500 -18.240880 118.909620 1.534035 0.461777
Car -1 -1 1.806231 162.294281 81.171753 230.919876 127.834656 1.248528 1.310817 4.273223 -29.043208 -15.113949 103.984694 1.533869 0.284309
Car -1 -1 1.693205 463.921631 71.489693 525.211975 125.835831 1.398723 1.452589 4.277081 -17.799124 -15.197906 103.505642 1.522908 0.533530
Car -1 -1 -1.587550 889.786133 0.000000 924.565674 26.366858 1.449736 1.801723 4.246668 -4.020049 -31.191991 174.652283 -1.610563 0.143572
