Car -1 -1 0.089679 1435.907349 324.973694 1640.760010 416.353180 1.512335 1.841606 3.941700 13.016355 -3.618805 49.844582 0.345114 3.262461
Car -1 -1 0.537922 1063.540527 290.344635 1249.373291 378.907227 1.554040 1.884178 3.911025 4.784228 -4.973455 55.668435 0.623653 3.542323
Car -1 -1 -1.951865 517.382690 282.496979 644.321777 363.555328 1.386854 1.379924 4.310064 -10.430302 -5.597800 58.146895 -2.129356 1.278970
Car -1 -1 1.098691 787.600342 269.271210 899.615845 337.124176 1.314241 1.432817 4.068859 -3.671277 -6.689241 62.978229 1.040463 0.704690
Car -1 -1 2.810703 1608.005005 280.583282 1786.092407 351.139648 1.457563 1.857998 3.984372 20.231960 -6.021710 60.839837 3.131743 2.343124
Car -1 -1 -1.593115 934.700012 197.838516 976.192810 237.297882 1.274688 1.744792 4.259917 -0.695070 -15.230623 103.582515 -1.599825 0.775952
Car -1 -1 2.509252 283.121460 224.154358 401.316437 273.127228 1.348044 1.787320 4.130690 -23.894516 -10.921389 82.930366 2.228723 1.321111
Car -1 -1 1.641289 734.451660 182.767303 777.605774 221.709793 1.511998 1.706183 4.257625 -10.814557 -16.941813 110.721667 1.543925 0.601293
Car -1 -1 1.515036 671.432495 232.495453 731.203491 290.720917 1.421856 1.629852 4.339683 -9.516560 -9.637045 77.004549 1.392075 0.645016
Car -1 -1 1.660027 679.832520 211.595154 734.545288 260.689697 1.338665 1.775717 4.256047 -10.862723 -12.423874 90.264857 1.540260 0.708793
Car -1 -1 0.174819 1295.581421 157.499985 1363.561157 189.899017 1.542088 1.828677 3.953810 23.052315 -23.161121 138.948922 0.339227 0.129791
