Car -1 -1 -1.626234 1012.720947 590.827271 1191.617676 768.830017 1.048687 1.749425 4.234973 1.267862 1.659663 33.869247 -1.588817 3.091795
Car -1 -1 -1.742242 1298.305420 655.201599 1552.132324 882.023499 1.184271 1.756364 4.281827 4.548419 2.481329 29.890160 -1.591229 2.720608
Car -1 -1 -1.550425 841.086060 330.793518 928.456848 408.648834 1.200619 1.819778 4.257693 -2.513971 -4.076039 65.123534 -1.589009 1.517888
Car -1 -1 -1.648659 1082.666504 343.201935 1200.025391 488.905701 1.961416 1.758639 4.978502 2.833537 -2.079431 53.843631 -1.596082 1.045132
Car -1 -1 -1.506393 664.233337 710.542297 894.258911 953.060913 1.026787 1.884883 4.240345 -2.011747 2.820442 27.301153 -1.579948 2.623639
Car -1 -1 1.742571 399.048523 304.452087 497.403748 380.839752 1.314762 1.578394 4.248180 -13.779662 -5.037202 70.184609 1.548703 1.303412
Car -1 -1 1.689520 558.948730 270.951355 641.568298 344.612549 1.518921 1.666441 4.241425 -11.115194 -6.552515 78.580791 1.549002 1.341861
Car -1 -1 1.641297 645.456848 301.058838 725.361389 382.478790 1.404171 1.601221 4.259194 -7.686938 -4.957410 69.482037 1.531113 1.164971
Car -1 -1 -1.536762 849.377686 246.678070 915.502075 311.955902 1.578328 1.898480 4.239443 -3.433988 -8.175853 87.140900 -1.576149 0.953775
Car -1 -1 -1.543715 865.593384 211.123138 915.075134 256.042267 1.261705 1.797622 4.237434 -4.046792 -12.307227 109.248892 -1.580740 0.833576
Car -1 -1 -1.572164 942.987671 198.135788 989.635559 244.717682 1.535411 1.774042 4.225057 -1.105982 -13.550259 116.631423 -1.581647 0.777839
Car -1 -1 1.660502 670.422180 192.114655 718.575500 232.504089 1.362219 1.720289 4.250007 -13.197308 -14.705646 122.378411 1.553077 0.636008
Car -1 -1 -1.549366 867.887756 162.429657 906.095093 199.517197 1.594393 1.828148 4.244503 -5.579418 -19.224392 146.514293 -1.587429 0.386549
Car -1 -1 -1.587713 1002.353760 159.996872 1039.458618 193.302399 1.457686 1.904966 4.235697 1.569038 -20.419399 153.138557 -1.577467 0.418499
Car -1 -1 1.425078 670.247803 281.619995 750.002380 352.087799 1.320929 1.596795 4.236263 -7.887126 -6.224490 76.610994 1.322489 0.704702
Car -1 -1 -1.569502 937.195740 158.479767 973.337219 194.929840 1.597557 1.832120 4.259457 -2.014897 -20.171461 151.724044 -1.582781 0.273394
Car -1 -1 -1.559455 935.773315 136.389297 964.003296 162.104965 1.463539 1.755643 4.253847 -3.055154 -28.744032 199.440087 -1.574772 0.198604
Car -1 -1 1.678421 633.808594 166.054413 679.294312 204.201248 1.550737 1.799793 4.247777 -17.687873 -18.883289 145.611454 1.557540 0.391558
Car -1 -1 1.655453 705.775085 222.335236 775.573730 293.175140 1.857011 1.849463 4.473886 -8.564112 -9.500816 94.499907 1.565075 0.366587
Car -1 -1 -1.569619 889.874756 142.455948 921.676453 175.327988 1.541701 1.776706 4.226753 -5.574728 -25.029206 178.678918 -1.600809 0.196213
Car -1 -1 -1.582851 991.098877 139.635162 1020.534241 169.229919 1.550981 1.780479 4.257239 0.918458 -25.194631 178.902482 -1.577717 0.162415
