Car -1 -1 -1.617016 1003.236633 646.776428 1190.403198 823.601257 0.815350 1.732913 4.237298 1.098511 2.056508 31.439788 -1.582090 2.907660
Car -1 -1 -1.528860 715.760620 541.360901 876.388184 716.617493 1.203906 1.790944 4.243871 -2.513582 1.174672 36.095325 -1.598385 3.243364
Car -1 -1 -1.536725 767.695557 402.889771 878.808899 520.294495 1.271775 1.705928 4.233671 -2.959161 -1.356984 48.842517 -1.597236 2.201085
Car -1 -1 -1.616406 957.623779 417.697052 1074.315430 521.714294 1.112366 1.749160 4.248069 0.376506 -1.317901 49.752943 -1.608839 2.068113
Car -1 -1 1.767650 333.116333 321.875946 446.656616 416.581055 1.491728 1.580075 4.258550 -13.519786 -3.743080 62.281276 1.553890 1.327956
Car -1 -1 -1.662559 1074.778198 326.157349 1176.721069 416.162018 1.355480 1.825125 4.264657 2.994944 -3.821849 63.015349 -1.615067 1.359937
Car -1 -1 -1.765252 1317.569702 784.109314 1611.421143 1029.489014 0.688986 1.629014 4.444415 4.144302 3.095129 25.109481 -1.601678 2.326190
Car -1 -1 1.486425 659.441528 286.584900 748.169128 369.819672 1.553769 1.750775 4.252432 -7.536411 -5.413489 71.861655 1.381933 0.944114
Car -1 -1 -1.536886 802.966614 320.452972 889.868652 415.840851 1.549775 1.744062 4.404234 -3.309171 -3.830066 63.499721 -1.588952 0.859523
Car -1 -1 -1.588658 931.386963 279.263031 1004.791260 354.396637 1.468993 1.783748 4.238118 -0.699487 -6.121167 76.200388 -1.597837 1.435083
Car -1 -1 -1.404815 203.266998 845.417847 514.845215 1078.898560 1.059133 1.681360 4.243921 -5.119619 3.802390 23.002292 -1.623816 3.032595
Car -1 -1 -1.681463 1290.938477 250.459946 1364.132568 307.974579 1.295165 1.682998 4.243075 10.904631 -8.616080 90.142689 -1.561077 0.951569
Car -1 -1 -1.629524 1059.367798 282.105316 1132.986816 358.541321 1.395241 1.690840 4.246715 2.785416 -5.965410 74.952420 -1.592379 1.300355
Car -1 -1 -2.851224 1736.281006 304.353119 1915.838501 445.219482 2.392593 2.137193 5.299393 18.723636 -2.924119 58.486022 -2.541395 1.142457
Car -1 -1 -1.602255 1030.573975 214.373398 1084.007568 263.496216 1.421892 1.906182 4.239704 2.505577 -11.653808 105.862132 -1.578591 0.767314
Car -1 -1 -1.612276 1051.721558 244.663940 1114.405518 295.965759 1.225864 1.773633 4.253425 3.039278 -9.294998 93.504866 -1.579783 0.899582
Car -1 -1 1.623206 785.286743 174.231339 826.255066 209.479523 1.334062 1.658369 4.245086 -9.102786 -17.318689 135.581974 1.556168 0.482881
Car -1 -1 1.631981 717.334412 226.755844 776.111633 282.096588 1.496226 1.699296 4.268666 -8.654054 -10.101341 97.490472 1.543445 0.928672
Car -1 -1 1.681592 653.385559 173.752518 701.446472 213.286362 1.542563 1.808179 4.246198 -15.457436 -17.164413 135.721906 1.568191 0.501330
Car -1 -1 -1.442786 1070.894531 166.990952 1114.125000 201.247620 1.380798 1.637369 4.268569 5.303602 -19.035207 145.679335 -1.406396 0.358023
Car -1 -1 -1.647720 1215.486206 202.010208 1269.662231 253.164001 1.684797 1.668877 4.451305 10.222712 -12.874701 113.205067 -1.557661 0.323824
Car -1 -1 1.639024 762.070496 141.980148 795.193787 170.546997 1.430096 1.674655 4.247280 -13.926902 -25.414416 180.176421 1.561881 0.224893
Car -1 -1 1.660085 690.900574 263.651001 762.667236 327.048706 1.355202 1.663895 4.254228 -8.054815 -7.492649 84.028449 1.564519 0.869126
Car -1 -1 1.682489 625.062073 164.612900 668.303467 196.086594 1.354556 1.670254 4.247852 -18.927172 -20.001100 151.259729 1.558006 0.304824
Car -1 -1 -1.599576 1077.856567 134.049240 1106.452271 158.381912 1.477232 1.754861 4.232454 7.110831 -28.345248 196.032218 -1.563318 0.102183
