Car -1 -1 0.265393 100.319138 445.540527 451.322784 581.436218 1.635191 1.898314 4.601213 -11.294178 -0.178556 44.073855 0.014536 3.730452
Car -1 -1 -0.128642 1108.374023 457.925262 1421.436157 573.260986 1.376708 1.850491 4.586280 4.374824 -0.277087 44.676865 -0.031032 4.588663
Car -1 -1 -0.356981 367.796234 373.905640 630.084229 485.343262 1.446853 1.871019 4.347980 -9.446772 -2.005431 53.045556 -0.533221 3.427267
Car -1 -1 -1.515882 687.165649 781.272705 908.169189 1011.151062 0.710013 1.713580 4.241894 -1.698637 3.066562 25.381127 -1.582707 1.904597
Car -1 -1 1.790445 273.603394 285.367401 376.375275 382.731842 1.799854 1.352069 4.566900 -16.943898 -5.019298 70.360645 1.554130 0.660069
Car -1 -1 -1.652471 1038.727783 768.753662 1272.031006 1021.655151 0.877083 1.670102 4.242929 1.384943 3.091254 25.204144 -1.597577 1.836290
Car -1 -1 -1.780238 1385.974487 816.968506 1689.540894 1077.659180 0.806102 1.625477 4.236053 4.577894 3.367789 23.893234 -1.590934 2.628016
Car -1 -1 1.711452 520.796692 289.694794 615.012146 370.906067 1.502379 1.756240 4.254048 -10.997580 -5.384607 71.850400 1.559569 0.902731
Car -1 -1 1.670505 645.610718 291.805817 733.312134 376.955627 1.530391 1.700848 4.247832 -7.696482 -5.144845 70.472453 1.561723 1.096190
Car -1 -1 -1.370541 182.707108 850.778320 510.416687 1078.150146 1.053788 1.684425 4.242762 -5.238439 3.836877 23.030395 -1.594194 2.774008
Car -1 -1 -0.001498 3.363925 420.273926 263.841339 537.226440 1.489691 1.871471 3.997227 -15.124410 -0.905543 48.231556 -0.305365 1.331814
Car -1 -1 1.689123 572.893433 256.615540 655.180603 331.995300 1.613548 1.747653 4.249434 -11.062983 -7.101304 80.961432 1.553319 0.939232
Car -1 -1 1.655913 686.025085 258.667450 752.530701 319.782349 1.320075 1.529835 4.253083 -8.293205 -7.753972 84.505485 1.558088 0.880325
Car -1 -1 1.659286 711.358521 241.611252 772.256165 296.632599 1.321610 1.511250 4.245186 -8.376238 -9.142374 92.357316 1.568840 0.670115
