Car -1 -1 -0.010673 780.978577 446.508636 1076.371704 575.708862 1.587291 1.867132 4.368564 -1.036256 -0.239865 44.284103 -0.034068 4.423441
Car -1 -1 -0.546043 666.826721 364.786591 875.815918 452.355347 1.246216 1.776769 3.878809 -4.641990 -2.770797 58.250938 -0.625565 2.402945
Car -1 -1 -1.531391 699.159729 794.317627 924.676270 1040.539429 0.724759 1.694017 4.244788 -1.531451 3.153315 24.619939 -1.593515 5.394494
Car -1 -1 3.035502 1026.394653 408.435059 1311.123535 531.674500 1.637002 1.863681 4.424659 3.003226 -0.949679 47.502093 3.098641 3.651864
Car -1 -1 -0.083953 1.004774 401.547394 222.562119 510.362396 1.386228 1.843870 4.396591 -16.879886 -1.507543 51.917383 -0.398303 1.929253
Car -1 -1 -2.943264 395.612885 391.656708 651.228943 503.295410 1.619364 1.842415 4.253439 -8.465865 -1.487049 50.798164 -3.108403 3.145946
Car -1 -1 -1.654855 1042.094116 851.304810 1296.247314 1078.785889 1.021732 1.649009 4.229795 1.386528 3.838640 23.252378 -1.595296 3.688241
Car -1 -1 1.740640 413.248596 300.558960 509.434326 372.498077 1.280848 1.591593 4.253162 -13.673720 -5.282199 71.339465 1.551266 1.117775
Car -1 -1 1.784771 255.875641 313.228577 362.247833 390.464233 1.294530 1.521622 4.241594 -16.874647 -4.678520 68.429716 1.542996 1.328645
Car -1 -1 3.033835 966.989197 399.423492 1214.796509 493.842896 1.411319 1.870733 4.241375 1.820679 -1.679525 52.888676 3.068246 1.304509
Car -1 -1 -1.776673 1344.930542 817.427002 1694.721436 1078.959595 0.961459 1.923280 4.693383 4.429161 3.614301 24.077982 -1.594756 2.570777
Car -1 -1 -0.288329 336.358337 371.154297 565.633850 473.513824 1.470315 1.809592 3.739986 -10.520147 -2.125086 53.552014 -0.482307 1.136392
Car -1 -1 1.655702 643.567566 302.920166 722.961487 375.138000 1.244177 1.592220 4.247617 -7.968057 -5.236132 71.220215 1.544286 0.853834
Car -1 -1 1.691488 651.711365 157.244232 691.344788 186.156982 1.328157 1.667252 4.243626 -18.607538 -21.697083 160.193437 1.575850 0.271860
Car -1 -1 1.646576 675.888062 279.209473 752.656860 347.718445 1.327204 1.701946 4.251450 -7.779966 -6.392265 77.484405 1.546505 0.615229
