Car -1 -1 -1.220098 744.995850 563.833008 1010.470520 764.343018 0.919367 1.468452 4.648375 -1.115875 1.853471 26.588472 -1.262042 3.254557
Car -1 -1 2.709450 1737.377197 213.328339 1915.376465 291.079529 1.250236 1.887550 4.635010 22.852889 -6.395668 58.334707 3.082828 0.903312
Car -1 -1 -1.313339 971.561218 668.436279 1241.779297 886.096802 0.652629 1.475342 4.267399 1.436092 2.597446 22.610369 -1.249910 3.485253
Car -1 -1 -0.187209 818.746094 279.308990 986.799622 342.698639 1.078372 1.886392 4.515489 -2.354124 -5.895160 67.970932 -0.221830 1.649702
Car -1 -1 -1.459223 1293.848267 651.518921 1567.904175 926.385010 0.920652 1.836526 4.488037 4.484456 2.656300 21.216731 -1.250924 2.032496
Car -1 -1 -1.611840 1690.153931 698.555786 1918.084595 1001.896484 0.591735 1.856911 5.051484 7.374407 2.751566 19.293961 -1.246760 2.184938
Car -1 -1 2.310179 86.649605 628.623291 465.254364 861.228027 1.091660 1.697588 4.003371 -8.146029 2.730634 25.551952 2.001562 1.273110
Car -1 -1 2.277281 1324.716919 272.185272 1511.577881 379.898193 1.529294 1.853835 4.010530 10.042861 -3.698292 50.082363 2.475183 1.264074
Car -1 -1 -1.125893 440.705780 732.879333 808.763123 1003.094360 0.784818 1.441324 4.226323 -3.186136 3.258239 20.807963 -1.277834 6.969961
Car -1 -1 0.638613 218.984940 329.436584 370.301819 386.076904 1.139483 1.846749 3.823045 -22.753956 -4.806863 72.562751 0.334748 0.503152
Car -1 -1 0.726790 0.137654 389.110443 169.550156 460.161194 1.344818 1.854107 3.875204 -24.327218 -2.046477 59.211713 0.336964 0.640579
Car -1 -1 -1.167164 1494.212402 185.281433 1589.287231 238.715439 1.229145 1.339146 4.246576 21.057613 -10.618975 81.988341 -0.915761 0.411402
Car -1 -1 -0.944600 1252.007080 216.695114 1366.232056 270.224487 1.152282 1.549120 3.971592 11.582266 -8.944834 77.224546 -0.795728 0.762574
Car -1 -1 0.675366 141.382996 345.674042 302.817566 410.469727 1.290452 1.866459 3.832929 -23.259617 -3.811316 67.714029 0.344495 0.681202
Car -1 -1 1.775969 1211.896240 183.339005 1267.343506 222.358063 1.207887 1.567565 4.233866 12.096087 -13.795488 102.270579 1.893697 0.436896
Car -1 -1 0.718755 63.475471 367.679871 224.471634 430.857819 1.179410 1.817267 3.666044 -25.204594 -3.150495 65.985279 0.353885 0.372486
Car -1 -1 1.696655 1424.571533 158.646637 1476.234009 203.241089 1.297517 1.514528 4.258082 21.003914 -14.058190 98.038513 1.907706 0.641720
Car -1 -1 1.754053 1301.347412 167.180878 1351.841309 205.393188 1.229688 1.469936 4.239809 17.015126 -15.287547 107.653630 1.910811 0.471079
Car -1 -1 1.719313 1362.778931 164.413055 1412.410522 204.120743 1.263713 1.504225 4.244636 19.565859 -15.029694 105.315436 1.903002 0.591523
Car -1 -1 0.723743 0.299938 345.552826 109.343330 416.417969 1.408771 1.874876 3.751267 -29.881524 -3.717544 68.493049 0.312365 0.222825
Car -1 -1 -1.490648 1589.326294 153.008759 1640.094238 194.236328 1.239390 1.776690 4.257247 28.441286 -14.472170 98.394166 -1.209263 0.557321
Car -1 -1 -1.535644 1618.813477 130.413788 1657.593384 166.658615 1.300073 1.647231 4.256480 33.515842 -17.649599 111.880094 -1.244583 0.478727
Car -1 -1 1.690371 1397.239014 124.796440 1437.502808 159.741516 1.614782 1.690888 4.371086 26.325661 -21.220287 132.455325 1.886566 0.280798
Car -1 -1 1.947997 1086.125122 178.792221 1148.446899 214.754730 1.249377 1.630078 4.268593 7.153643 -15.678743 113.998615 2.010666 0.160691
Car -1 -1 1.706093 1334.115723 154.673492 1378.132446 188.527771 1.204536 1.462144 4.252232 19.925345 -17.268267 115.852755 1.876415 0.419700
Car -1 -1 0.736856 0.536851 364.501404 134.655258 436.705597 1.331176 1.898128 4.129551 -28.856864 -3.395605 67.125459 0.330847 0.172431
