Car -1 -1 -0.288177 221.057190 412.910095 509.082489 516.311646 1.132776 1.875790 4.439852 -11.368434 -1.421327 50.341398 -0.510278 4.102566
Car -1 -1 -1.644846 1056.843262 749.955322 1295.565186 998.292236 0.914464 1.779232 4.243115 1.620311 2.995701 25.804169 -1.582135 2.679710
Car -1 -1 -0.244860 1573.184937 440.324280 1896.896240 571.700500 1.590562 1.866003 4.515182 12.048154 -0.339415 45.049786 0.016465 4.298328
Car -1 -1 1.698485 524.784302 274.014099 620.304688 375.989136 1.974791 1.752006 4.300784 -10.828131 -5.276141 71.436499 1.548053 1.008529
Car -1 -1 -1.290232 787.211121 348.877319 907.685364 429.409058 1.120964 1.479420 4.231041 -3.147297 -3.412443 60.942205 -1.341830 0.909154
Car -1 -1 -1.767878 1352.773804 667.567078 1687.714355 1021.650085 1.577572 1.806305 5.127560 4.668722 2.961427 25.437185 -1.586359 2.190534
Car -1 -1 -1.505491 650.146790 809.434631 888.494202 1054.225464 0.687315 1.664794 4.251790 -1.862058 3.212195 24.251116 -1.582123 3.819188
Car -1 -1 -1.473725 909.770935 303.912354 990.395691 376.372803 1.216134 1.709853 4.250373 -1.059915 -5.195145 70.859283 -1.488682 1.091495
Car -1 -1 1.786291 271.227478 306.630829 382.669342 383.764771 1.308720 1.665354 4.245595 -16.802005 -4.954821 69.952371 1.550565 1.271180
Car -1 -1 -1.606048 1043.454346 264.124481 1111.800415 331.644379 1.462941 1.794963 4.242120 2.494475 -7.145420 81.665576 -1.575512 1.191195
Car -1 -1 1.751085 408.597900 295.208038 497.708588 370.209045 1.339678 1.388184 4.236993 -14.181915 -5.498802 72.900496 1.558947 1.180021
Car -1 -1 1.483953 662.038208 302.091888 756.967285 375.203735 1.275005 1.911092 4.254734 -7.335868 -5.240202 71.189691 1.381268 0.910138
Car -1 -1 -1.422039 219.974640 826.680969 525.737061 1078.941772 1.036668 1.742030 4.250985 -5.129569 3.684096 23.566455 -1.636360 2.316691
Car -1 -1 -1.556790 924.381287 253.384293 984.312317 309.215973 1.271441 1.656281 4.235605 -1.208309 -8.375634 88.304129 -1.570473 1.061235
Car -1 -1 1.775355 328.799133 284.774048 414.613556 349.351990 1.247427 1.412373 4.248665 -17.352008 -6.321315 77.436981 1.554918 1.176475
Car -1 -1 1.678032 637.609741 185.259979 693.544617 235.664795 1.774214 1.898320 4.258880 -14.606289 -14.749405 123.650209 1.560451 0.488813
Car -1 -1 -1.577200 967.405396 203.505569 1015.120605 245.201202 1.333147 1.840411 4.256374 -0.047139 -13.506320 116.543384 -1.577604 0.745089
Car -1 -1 -1.564923 911.503052 227.915390 962.920471 276.366028 1.273204 1.736936 4.245578 -1.957233 -10.582137 100.362222 -1.584423 0.811615
Car -1 -1 1.653179 675.000793 264.981262 754.229309 329.820435 1.369115 1.826818 4.252851 -8.022538 -7.053368 80.137082 1.553402 1.304815
Car -1 -1 1.689046 595.807617 179.375275 645.696594 219.969666 1.535621 1.687313 4.239772 -17.854761 -16.491528 132.718595 1.555318 0.606875
Car -1 -1 -1.561978 905.841309 164.040207 943.844482 199.213943 1.491752 1.816396 4.236828 -3.627762 -19.490530 148.497808 -1.586403 0.501086
Car -1 -1 -1.325191 1047.844360 167.105865 1100.769409 201.735428 1.373722 1.743117 4.241305 4.412380 -19.242643 147.093924 -1.295203 0.304615
Car -1 -1 1.623385 805.617798 134.013947 834.852722 160.962875 1.499931 1.865697 4.234158 -12.194060 -28.169504 195.260232 1.561016 0.306786
Car -1 -1 1.697238 563.685059 277.188568 638.880554 342.993439 1.408976 1.507505 4.222797 -11.240069 -6.660923 79.409160 1.556626 0.578738
Car -1 -1 1.653850 714.484741 252.099060 774.663452 309.852997 1.277170 1.533019 4.256619 -7.784312 -8.315746 87.663200 1.565284 0.870838
Car -1 -1 -1.600096 1151.432495 165.375275 1191.874634 203.586594 1.618443 1.912133 4.271938 9.533482 -19.051279 146.997475 -1.535332 0.230788
Car -1 -1 1.649632 712.606201 134.941910 742.010132 158.419388 1.375680 1.723276 4.246203 -19.528437 -29.465115 203.577067 1.553998 0.238387
Car -1 -1 -1.614966 1089.238159 139.964142 1123.190796 167.762787 1.530441 1.900299 4.269234 7.503139 -25.434562 180.111710 -1.573332 0.090605
