Car -1 -1 -1.646495 972.806335 715.848267 1195.684570 953.975647 0.652025 1.716652 4.659232 1.329636 2.768227 22.536917 -1.587565 1.674664
Car -1 -1 1.930714 55.024792 259.521454 161.615051 323.295898 1.289723 1.385925 4.226693 -25.401575 -7.324479 66.960293 1.568133 1.163205
Car -1 -1 1.878508 166.792007 251.374130 268.218140 323.938293 1.542996 1.434570 4.224844 -21.852638 -7.223862 66.364491 1.560408 1.455505
Car -1 -1 1.840158 259.516266 231.204391 342.623596 291.043518 1.386276 1.417482 4.223163 -22.031411 -9.276545 75.563820 1.556462 1.007579
Car -1 -1 1.823401 304.154907 242.009506 399.380127 314.723236 1.584248 1.546356 4.232488 -18.287016 -7.688028 68.140288 1.561206 1.214689
Car -1 -1 1.798998 377.947815 228.648727 451.879974 283.614929 1.291100 1.319293 4.215948 -18.362631 -9.605900 76.484393 1.563374 1.289116
Car -1 -1 1.746845 486.403442 192.770096 545.386597 236.697998 1.366586 1.556799 4.243905 -18.297097 -13.624142 94.346712 1.555288 0.843192
Car -1 -1 1.780197 426.047363 204.437317 496.916840 263.788269 1.598638 1.587981 4.273950 -18.000894 -11.016389 82.448970 1.565242 0.794394
Car -1 -1 1.880365 150.990967 236.046295 238.098541 295.657532 1.354133 1.349720 4.221133 -25.179976 -8.948169 73.884311 1.551907 0.924092
Car -1 -1 1.759878 440.776581 168.139740 501.664246 214.951477 1.711244 1.796842 4.431036 -22.218915 -15.905491 103.634031 1.548677 0.480894
Car -1 -1 1.822002 316.544250 211.554871 391.271790 261.241669 1.277502 1.510018 4.206192 -22.137493 -11.106026 82.493010 1.559823 0.826544
Car -1 -1 1.857175 227.635040 217.102814 301.877899 269.884186 1.373905 1.373275 4.245279 -25.020218 -10.603446 81.003240 1.557592 0.556550
Car -1 -1 1.661305 642.268494 129.360184 683.049194 162.595169 1.751461 1.993147 4.236587 -18.128093 -25.022307 143.194855 1.535378 0.322499
