Car -1 -1 -1.701086 1212.729370 571.031921 1402.217773 729.078003 0.961197 1.783675 4.484686 4.007333 1.321395 35.813510 -1.589655 1.704699
Car -1 -1 -1.532863 771.296692 472.581055 893.860107 592.717285 1.072277 1.676847 4.236932 -2.510007 -0.182819 44.092881 -1.589727 2.369888
Car -1 -1 -1.617724 989.898499 626.660950 1166.873291 806.806030 0.960522 1.759754 4.239076 0.934007 1.973579 32.565661 -1.589051 3.857015
Car -1 -1 -1.675907 1105.056641 377.603394 1210.696411 465.869629 1.143955 1.643562 4.243928 3.335266 -2.477505 56.435712 -1.616877 1.538811
Car -1 -1 -1.537565 806.223389 310.469849 894.906982 400.101685 1.486938 1.894487 4.245743 -3.383754 -4.342722 66.342348 -1.588525 0.943527
Car -1 -1 -1.601938 949.936035 431.003693 1059.619141 539.074158 1.092447 1.651031 4.239499 0.173534 -1.001738 47.864261 -1.598313 2.112738
Car -1 -1 -1.583134 943.621826 301.442017 1025.429688 382.272827 1.417838 1.819095 4.238778 -0.220506 -4.937301 69.172201 -1.586321 1.599863
Car -1 -1 -2.797171 1719.579834 334.789185 1922.940308 435.882050 1.587820 1.867437 4.823726 19.007609 -3.293634 61.636402 -2.498041 0.957736
Car -1 -1 -1.630837 1065.454346 312.714142 1152.025757 385.191406 1.215441 1.798863 4.264974 2.911383 -4.928463 70.036946 -1.589292 1.350726
Car -1 -1 -1.575534 954.748291 234.655167 1013.092651 291.694214 1.433974 1.792618 4.226921 -0.294229 -9.511178 94.499701 -1.578647 1.064092
Car -1 -1 1.657820 650.789795 314.032623 736.091125 390.604004 1.251843 1.611205 4.250288 -7.356581 -4.696596 68.381660 1.550651 1.252884
Car -1 -1 -1.537627 851.456177 239.292374 909.220276 293.033081 1.328664 1.696759 4.259362 -3.802062 -9.460881 94.467769 -1.577852 1.134731
Car -1 -1 -1.600800 1041.257690 229.196106 1091.668823 274.551392 1.203834 1.625811 4.238767 2.714506 -10.839598 102.046648 -1.574206 0.910598
Car -1 -1 1.331781 689.730286 287.739502 795.715820 359.985535 1.302218 1.697038 4.231584 -6.739476 -5.798205 73.707415 1.240599 0.404173
Car -1 -1 1.676754 642.879089 187.113678 694.252747 227.062119 1.406432 1.777324 4.252253 -14.937478 -15.544423 127.437018 1.560072 0.684157
Car -1 -1 -1.566946 927.143616 218.340530 977.416748 263.077209 1.275899 1.744539 4.234612 -1.574470 -11.862329 108.007858 -1.581522 0.749270
Car -1 -1 -1.540496 863.851868 192.381821 908.693420 231.847565 1.336123 1.799097 4.243733 -4.763463 -15.087450 125.049260 -1.578571 0.586486
Car -1 -1 -1.599049 1022.239075 200.640747 1067.130981 239.991852 1.294274 1.652176 4.256606 2.268008 -14.025811 119.307054 -1.580042 0.597868
Car -1 -1 -1.556725 939.956665 195.703720 983.274170 233.833511 1.288128 1.699602 4.233704 -1.336653 -14.332894 119.997697 -1.567863 0.706194
Car -1 -1 -1.578687 1008.281067 175.284653 1049.158813 215.412918 1.567919 1.790080 4.258029 1.770621 -16.994242 135.132478 -1.565585 0.544109
Car -1 -1 -1.549100 880.323792 177.053436 920.402466 213.946121 1.394470 1.652629 4.240668 -4.402038 -16.807145 133.041192 -1.582176 0.636542
Car -1 -1 1.648931 728.458801 166.406815 771.877502 204.521332 1.603810 1.820937 4.260300 -12.435026 -18.335581 141.996487 1.561581 0.423465
Car -1 -1 -1.567044 947.162842 146.179932 978.924438 174.247192 1.374915 1.781418 4.264303 -1.865921 -24.775464 177.214341 -1.577573 0.337625
Car -1 -1 -1.550764 888.225830 131.331223 915.345276 155.778778 1.473002 1.755268 4.249948 -6.581171 -29.487366 201.909568 -1.583347 0.269614
Car -1 -1 1.640774 738.599304 219.026199 793.916992 271.495361 1.428599 1.570864 4.253206 -8.197593 -10.737330 100.210419 1.559152 0.702854
Car -1 -1 -1.548873 882.082031 155.340225 916.825317 183.943344 1.344885 1.753044 4.248691 -5.497507 -22.251760 163.099697 -1.582566 0.319555
Car -1 -1 -1.581264 999.467163 142.451859 1028.782227 169.607574 1.393628 1.740611 4.221847 1.479503 -26.235111 185.721143 -1.573298 0.279200
