Car -1 -1 2.692128 1187.100464 364.695496 1423.957397 463.184906 1.455428 1.834059 3.966221 5.697217 -1.992803 54.995282 2.795354 4.346451
Car -1 -1 2.733313 466.014618 379.134338 754.729004 490.017181 1.258652 1.847739 4.351487 -7.211273 -1.474157 48.984554 2.587148 3.996332
Car -1 -1 2.906006 828.591980 320.750702 1074.815308 422.049500 1.620959 1.859218 4.592126 -1.442800 -2.951917 58.891575 2.881511 2.813065
Car -1 -1 2.843728 213.023621 340.615417 475.411163 443.612366 1.338808 1.852232 4.191954 -12.804492 -2.334748 52.795805 2.605794 3.988826
Car -1 -1 -1.562629 1505.119263 578.146179 1703.805786 820.321045 1.341884 1.765245 4.442493 6.489227 2.016185 30.889147 -1.355559 2.507347
Car -1 -1 2.717606 1627.113403 365.855042 1862.801270 468.283264 1.535274 1.830997 3.899792 14.571543 -1.927528 55.663438 2.973640 2.853036
Car -1 -1 3.124579 1452.231079 305.622284 1657.793945 383.650452 1.330706 1.849868 4.335394 13.408540 -4.349386 69.012079 -2.966704 1.131186
Car -1 -1 2.857965 1468.945923 332.909058 1714.620117 435.866669 1.597776 1.843698 4.389265 12.143484 -2.690084 58.871784 3.061382 1.966526
Car -1 -1 1.775476 217.387589 202.488831 301.155304 266.651978 1.520015 1.637807 4.258594 -25.282039 -9.411033 92.513398 1.508710 0.670904
Car -1 -1 1.745979 295.149597 217.361618 375.754211 281.363953 1.358077 1.469223 4.260883 -21.437293 -8.490354 87.350541 1.505318 0.862314
Car -1 -1 1.761006 190.823868 165.993973 255.667450 207.712479 1.404591 1.558558 4.250876 -33.920048 -14.200403 118.255078 1.481668 0.538661
Car -1 -1 1.791270 111.043457 205.815125 196.950012 266.195404 1.415630 1.599749 4.246311 -29.083617 -9.488119 93.413012 1.489439 0.642251
Car -1 -1 1.737201 344.095978 208.140564 413.733185 258.415222 1.234411 1.426879 4.249732 -21.965169 -9.900410 95.395879 1.510892 0.638944
Car -1 -1 1.725417 382.122009 167.269409 440.643829 212.805176 1.362309 1.513600 4.256193 -26.325440 -14.342102 120.198895 1.509806 0.304687
