Car -1 -1 -1.265959 312.828125 569.420837 563.457214 764.935486 0.942586 1.476795 4.245466 -6.285635 1.593984 26.259924 -1.500900 2.819132
Car -1 -1 -1.391475 588.479126 601.829163 779.640503 768.374084 0.675115 1.456276 4.226181 -3.365240 1.701593 26.449111 -1.518030 2.640812
Car -1 -1 -1.510783 861.461914 645.696411 1054.292969 835.886230 0.637371 1.728612 4.261509 -0.031995 2.130835 24.235189 -1.512103 2.827119
Car -1 -1 2.802470 927.114502 445.679962 1236.556885 565.590881 1.181237 1.948995 4.427029 1.863425 -0.297911 36.234308 2.853852 5.197797
Car -1 -1 -1.772006 1429.781860 695.643616 1673.654907 914.938538 0.640812 1.457272 4.254881 5.936551 2.616940 22.598418 -1.515113 3.818576
Car -1 -1 -1.637647 1159.226685 643.805725 1368.250000 866.492249 0.840011 1.736896 4.465573 3.095341 2.312366 23.668077 -1.507603 2.018463
Car -1 -1 0.293835 278.023865 341.175415 502.483246 424.444489 1.343781 1.896008 4.226870 -13.224721 -3.158957 49.907434 0.034804 3.395942
Car -1 -1 2.694165 1520.823853 423.394928 1805.384277 523.810852 1.271013 1.910952 4.122348 12.709100 -0.867163 39.913769 3.002429 3.868707
Car -1 -1 2.885298 1038.458618 355.255249 1311.609741 489.560730 1.945479 1.972011 4.616581 3.967062 -1.566645 42.245243 2.978929 3.937375
Car -1 -1 -2.938031 730.689758 310.110443 935.909546 398.841125 1.592833 1.929616 4.448828 -3.293054 -3.979017 53.648418 -2.999336 2.906035
Car -1 -1 0.249279 0.166887 300.986725 226.808365 405.344971 1.858498 1.932066 4.650810 -20.440065 -3.670425 51.638187 -0.127629 0.944762
Car -1 -1 2.695248 1582.439697 379.258881 1850.814575 469.256866 1.310579 1.925316 4.362707 15.477666 -2.004998 45.113124 3.025750 3.057208
Car -1 -1 -1.155307 0.000000 793.211670 372.095276 1079.990967 0.922894 2.143109 4.288130 -7.088047 3.562605 19.036380 -1.511745 4.659134
Car -1 -1 -1.462813 694.099487 875.448242 1006.973328 1078.476929 0.992081 1.813107 4.263363 -0.769653 4.123765 17.174742 -1.507597 2.457208
Car -1 -1 -1.320144 300.849091 809.980591 692.490601 1079.475586 0.951404 1.966369 4.459159 -3.787984 3.713614 18.458849 -1.522547 2.202405
Car -1 -1 2.653147 287.577240 413.531525 705.187683 613.638489 1.802927 2.067712 4.943799 -7.307997 0.160976 32.934568 2.434790 2.129800
Car -1 -1 -1.577655 1094.799805 197.727142 1142.304443 249.869553 1.852104 1.872990 4.504751 6.988129 -13.683636 100.421362 -1.508179 0.347119
Car -1 -1 0.206876 1.770837 350.834747 218.969284 431.237793 1.328700 1.884813 4.335172 -19.437780 -2.904615 48.774929 -0.172354 0.981943
Car -1 -1 2.577993 235.363556 440.394806 518.370117 556.099548 1.189364 1.907576 4.578384 -9.773527 -0.463794 36.758036 2.318118 1.116431
