Car -1 -1 -1.761826 910.242249 232.837616 1000.858887 293.842773 1.318455 1.842550 4.273180 -2.051812 -8.344581 89.860815 -1.784655 0.802932
Car -1 -1 1.791858 218.324860 210.252319 294.490814 263.846832 1.272245 1.399773 4.269244 -25.237317 -9.397467 92.178008 1.524619 0.976486
Car -1 -1 1.741249 391.077637 191.705994 453.956940 238.429031 1.320348 1.597675 4.259355 -22.708147 -11.697502 106.024478 1.530259 0.766027
Car -1 -1 1.770535 261.140808 190.001434 334.158722 248.170120 1.535060 1.558666 4.242476 -25.653834 -10.610275 98.897501 1.516730 0.676738
Car -1 -1 -1.535942 757.255127 168.110413 800.797058 207.222580 1.297866 1.682977 4.267760 -10.806703 -15.154333 125.578052 -1.621786 0.509971
Car -1 -1 1.724187 328.792603 181.930084 389.370941 227.280533 1.320700 1.511440 4.275667 -25.840782 -12.370536 108.720777 1.490837 0.653827
Car -1 -1 -1.627467 943.768311 213.315430 1004.276001 260.299194 1.122772 1.721392 4.295939 -1.724515 -10.620387 102.282924 -1.644325 0.622960
Car -1 -1 -1.289289 1830.065308 500.230164 1920.368042 650.401611 1.148047 1.504321 3.995163 13.607903 0.784022 41.171631 -0.970076 1.358291
Car -1 -1 1.760783 209.303009 183.422470 271.416809 227.201721 1.219357 1.285152 4.257892 -30.448703 -12.441140 109.141264 1.488717 0.242724
Car -1 -1 1.734664 376.257538 169.160675 433.516846 210.687088 1.286016 1.429085 4.248440 -26.570025 -14.365817 120.368320 1.517409 0.295832
Car -1 -1 1.723525 436.161041 153.690628 485.512512 192.900040 1.374627 1.626243 4.270243 -27.545640 -17.200217 137.090858 1.525235 0.215232
