Car -1 -1 -1.299758 858.456360 297.843170 981.800720 383.917877 1.513296 1.736844 4.337154 -1.768649 -4.918598 69.411749 -1.325233 1.025557
Car -1 -1 -0.052629 65.892380 413.936707 362.808685 513.482666 1.187260 1.884659 4.716635 -14.187513 -1.396250 50.426136 -0.326891 3.743637
Car -1 -1 -1.393564 320.709198 801.526001 591.016418 1046.062744 0.697435 1.480219 4.218993 -4.629630 3.164342 24.417566 -1.580943 2.340758
Car -1 -1 -1.751184 1334.663574 758.915588 1605.525879 979.219849 0.685792 1.641618 4.366324 4.398791 2.881006 26.103539 -1.584239 2.780762
Car -1 -1 -1.509553 698.280823 850.168579 930.891846 1079.579224 1.066744 1.601181 4.213680 -1.386370 3.865979 23.185959 -1.569276 4.112598
Car -1 -1 1.743576 388.893188 313.379944 489.515900 387.188049 1.235719 1.568658 4.244404 -13.766246 -4.796335 68.913093 1.546409 1.315477
Car -1 -1 -0.601789 547.850647 376.596405 776.169250 482.298309 1.415859 1.823261 3.770195 -6.332524 -2.034446 53.207632 -0.720247 2.725478
Car -1 -1 1.804577 246.556168 298.602600 361.072266 385.879547 1.540698 1.622056 4.258146 -17.216890 -4.852004 69.300023 1.561067 1.241225
Car -1 -1 1.717950 508.386017 308.513458 602.320557 384.563416 1.297033 1.622577 4.239547 -10.933511 -4.882391 69.376049 1.561638 1.474711
Car -1 -1 -1.654696 1047.083008 838.561218 1319.652466 1079.324707 1.031625 1.784590 4.511747 1.511622 3.791867 23.594459 -1.590717 1.974099
Car -1 -1 -0.691699 650.865234 341.679474 843.165588 430.675262 1.351767 1.796332 3.688596 -5.294885 -3.210506 59.186935 -0.780922 1.067296
Car -1 -1 1.699908 556.090454 264.272583 634.271729 351.332336 1.741934 1.352688 4.605376 -10.994968 -6.295839 76.901677 1.557896 0.568668
Car -1 -1 1.667965 639.918335 298.863586 726.288879 375.509430 1.331177 1.754361 4.247962 -7.820067 -5.178310 70.160132 1.556963 1.155371
Car -1 -1 1.740365 441.703094 284.885834 525.240051 353.005066 1.274223 1.415251 4.240558 -14.074389 -6.178549 76.492058 1.558402 1.104889
Car -1 -1 -1.565572 958.764709 175.196198 998.056091 211.253433 1.384064 1.738155 4.259699 -0.691070 -17.330393 136.351664 -1.570640 0.561435
Car -1 -1 1.671008 659.236450 260.719940 740.358337 330.879822 1.454732 1.830321 4.246286 -8.459035 -7.037957 80.021022 1.565689 1.144915
Car -1 -1 -1.563418 933.323059 134.437561 962.400085 161.514755 1.580167 1.774722 4.250823 -3.154574 -28.015195 194.723887 -1.579617 0.294470
Car -1 -1 1.741724 490.449738 260.455902 568.621094 319.116455 1.261358 1.569187 4.237394 -14.146173 -7.763888 84.615742 1.576074 0.978616
Car -1 -1 1.675681 601.305725 248.155884 665.539917 313.145355 1.508344 1.467857 4.245381 -11.171859 -8.053795 86.142080 1.546709 0.850160
Car -1 -1 -1.624843 1089.552490 138.114090 1121.343506 164.126099 1.467263 1.814502 4.258220 7.787559 -27.176635 190.199938 -1.583921 0.176858
Car -1 -1 1.697952 542.942444 236.960968 605.446045 287.981506 1.212988 1.416026 4.235216 -14.094225 -9.537442 93.508646 1.548351 0.558912
Car -1 -1 1.656880 675.101562 173.127075 720.006897 212.012955 1.418642 1.680495 4.227218 -14.803796 -17.663252 138.766126 1.550601 0.391902
Car -1 -1 1.691463 565.124939 219.303513 625.536560 268.564667 1.226311 1.534072 4.258217 -14.602112 -11.086426 101.664399 1.548809 0.445681
