Car -1 -1 2.790095 1624.548096 263.695648 1780.561035 327.383972 1.510581 1.830565 3.792640 22.548872 -7.280483 67.194608 3.113863 2.573868
Car -1 -1 -2.235794 366.153442 289.476379 531.127808 359.921326 1.212744 1.938922 3.629689 -13.748570 -5.541769 57.319055 -2.471207 0.989767
Car -1 -1 1.087453 769.408386 286.755585 896.033569 358.358795 1.220090 1.310920 4.357519 -3.748236 -5.802023 59.048250 1.024061 0.649001
Car -1 -1 -2.512167 29.370567 260.719666 191.368973 320.705444 1.271446 1.875921 3.729346 -26.283974 -7.480261 66.632367 -2.887890 1.599067
Car -1 -1 1.371464 707.582764 258.489044 790.178833 325.072266 1.308114 1.480579 4.246924 -6.789908 -7.401290 66.255218 1.269340 1.251658
Car -1 -1 -1.582397 943.293579 281.627319 1012.464417 350.409943 1.174008 1.661818 4.253647 0.203658 -6.262315 61.576939 -1.579090 1.351738
Car -1 -1 -1.573871 931.439697 207.809494 977.728821 249.183701 1.299170 1.776424 4.269126 -0.723752 -13.816219 97.488564 -1.581295 0.778458
Car -1 -1 -1.606937 903.506470 234.259933 963.997803 286.947754 1.288333 1.860979 4.264522 -1.340741 -9.983478 78.794129 -1.623951 0.940092
Car -1 -1 1.608349 675.703308 214.700974 735.421082 273.861084 1.538813 1.640285 4.280990 -9.920353 -10.821533 82.063689 1.488047 0.628116
Car -1 -1 1.446085 680.391052 240.679291 742.527100 298.142365 1.349687 1.650085 4.241602 -8.853517 -9.086183 74.308919 1.327499 0.623845
Car -1 -1 0.190437 1297.250000 156.485382 1372.846313 189.198303 1.611308 1.870264 4.007289 23.258422 -23.127774 138.899485 0.356345 0.175184
