Car -1 -1 -1.027266 790.799866 334.164093 954.917175 426.128418 1.404260 1.608061 4.082343 -2.626247 -3.548419 62.056224 -1.069561 1.423951
Car -1 -1 -1.523237 680.634155 779.745972 904.089111 1018.973755 0.723384 1.713695 4.249228 -1.713628 3.054989 25.077229 -1.591465 3.627822
Car -1 -1 -1.667735 1057.092285 773.886475 1282.204468 997.751892 0.656811 1.588452 4.237763 1.548155 2.976695 25.731432 -1.607642 3.116422
Car -1 -1 2.084308 3.736306 672.236145 356.106262 894.983398 1.141479 1.660019 4.304841 -8.446767 2.561115 29.152869 1.802290 1.832060
Car -1 -1 1.712158 524.400574 289.885101 618.670471 373.301331 1.539886 1.720937 4.231848 -10.892131 -5.327033 71.804629 1.561615 1.190470
Car -1 -1 -1.765632 1348.806519 742.780212 1656.323975 1019.156006 0.988510 1.688578 4.715186 4.523456 3.015811 25.264894 -1.588468 2.426808
Car -1 -1 1.794461 274.469788 303.841614 380.643280 376.971283 1.289440 1.633870 4.244271 -17.223065 -5.227327 71.745225 1.558861 1.177623
Car -1 -1 1.748706 386.749878 305.883423 488.429291 379.834900 1.281534 1.672160 4.240201 -14.178364 -5.097409 70.866060 1.551241 1.267512
Car -1 -1 -1.549897 942.001404 252.756104 1004.567688 310.346741 1.303039 1.821100 4.259905 -0.594124 -8.404648 88.829186 -1.556585 1.043140
Car -1 -1 -1.463814 876.477112 294.396698 957.373291 361.306213 1.258527 1.716471 4.259010 -1.995946 -5.764603 74.168031 -1.490719 1.058482
Car -1 -1 -1.578289 996.968811 180.369934 1039.318481 217.116394 1.394986 1.797741 4.230376 1.267940 -16.975644 135.473743 -1.568930 0.581886
Car -1 -1 1.793390 351.342621 277.460785 431.877502 340.818695 1.280563 1.209584 4.231320 -17.237947 -6.709472 79.398080 1.579600 0.931082
Car -1 -1 1.690581 657.038147 287.349518 739.244141 356.646301 1.305909 1.638466 4.236636 -7.911812 -5.926737 74.577296 1.584888 1.326090
Car -1 -1 1.707719 564.879028 215.779373 627.821777 272.447662 1.472246 1.574031 4.243730 -14.174966 -10.643863 99.074551 1.565610 0.719763
Car -1 -1 1.693648 602.573364 254.444199 668.100220 310.695984 1.278319 1.439420 4.243079 -11.337374 -8.277414 87.844288 1.565296 1.173650
Car -1 -1 -1.554602 941.627991 171.358337 976.668152 206.525574 1.429882 1.653464 4.236678 -1.726672 -18.352841 142.544422 -1.566715 0.567608
Car -1 -1 -1.481440 1092.817505 158.889374 1136.538574 193.719238 1.566200 1.839453 4.250501 7.043960 -20.829966 156.617254 -1.436494 0.069266
Car -1 -1 1.698087 613.542297 212.526581 672.486511 260.439636 1.225035 1.537849 4.249480 -12.952187 -11.527295 102.980230 1.572970 0.214638
Car -1 -1 1.697651 570.998535 184.515656 624.196228 224.475174 1.523767 1.746069 4.264235 -17.865976 -15.270632 125.325722 1.556049 0.249950
Car -1 -1 -1.606599 1093.431396 134.962662 1128.993164 163.206879 1.577586 2.022968 4.251737 8.255924 -27.585719 192.682124 -1.563778 0.068554
