Car -1 -1 -1.724869 1207.945679 667.842102 1458.293335 897.688965 0.911682 1.573125 4.216051 3.306003 2.255948 26.378322 -1.600189 2.383160
Car -1 -1 -1.620986 902.103638 730.572937 1145.814697 964.925049 0.729094 1.745764 4.235705 0.334090 2.581726 24.594294 -1.607403 3.261156
Car -1 -1 1.783707 278.090302 271.823029 372.272797 356.255066 1.494405 1.314173 4.218720 -16.559415 -5.461098 70.215110 1.552101 1.409978
Car -1 -1 1.818427 151.589096 265.467957 259.586975 357.213654 1.742549 1.468485 4.208964 -19.647775 -5.433002 70.474146 1.546537 1.365767
Car -1 -1 -1.592979 927.928528 233.391006 990.089966 285.996887 1.289861 1.796762 4.257888 -0.597745 -9.260815 92.731967 -1.599425 1.217041
Car -1 -1 1.805833 222.279114 229.814575 301.296173 287.354309 1.359244 1.428498 4.231579 -24.110797 -9.290466 92.954269 1.552042 0.734715
Car -1 -1 1.703909 484.707947 198.694443 541.846252 244.871857 1.300471 1.564384 4.234510 -18.440506 -12.494255 109.655661 1.537300 0.682913
Car -1 -1 -1.588360 899.401245 179.356781 943.081726 220.908524 1.486688 1.751929 4.260973 -2.533420 -15.309368 126.213784 -1.608430 0.525831
Car -1 -1 1.816158 217.216080 184.325867 292.304871 239.353485 1.707281 1.634702 4.299477 -29.729719 -13.128225 113.575407 1.560140 0.461126
Car -1 -1 1.704302 479.652588 160.492752 524.261963 196.898422 1.491994 1.712850 4.244417 -24.958117 -18.679648 144.553805 1.533332 0.327779
