Car -1 -1 -1.762992 1306.659180 768.828491 1571.710693 1014.645142 0.804167 1.365973 4.205544 3.883935 3.082032 24.780427 -1.607523 1.446844
Car -1 -1 -1.467166 585.608154 623.563416 795.813110 825.547241 0.958573 1.634616 4.225301 -3.151356 2.059072 29.790622 -1.572558 2.825351
Car -1 -1 -1.716956 1253.012573 616.510925 1484.418579 799.584351 0.895177 1.639617 4.364653 4.023427 1.893913 30.343662 -1.585130 2.094656
Car -1 -1 -1.594172 940.647522 631.960571 1125.419434 828.097473 0.911160 1.654727 4.258925 0.369999 2.033513 28.792839 -1.581323 2.564029
Car -1 -1 -1.360325 196.914062 584.366394 469.638733 807.660461 1.148827 1.758374 4.273610 -6.897496 1.838338 29.605988 -1.589218 2.715477
Car -1 -1 -1.425959 428.079346 818.033508 730.254639 1079.761719 0.813022 1.707991 4.213246 -3.239485 3.394966 22.640768 -1.568076 1.697018
Car -1 -1 -0.586516 433.009094 285.027161 609.674622 356.592163 1.234958 1.825042 4.002677 -12.144248 -5.245511 71.785912 -0.754103 1.628031
Car -1 -1 -1.294042 0.000000 821.471619 325.308380 1078.440674 0.954828 2.011642 4.312571 -6.795426 3.504970 21.923953 -1.594606 2.369081
Car -1 -1 1.845145 134.855484 232.545044 231.363861 296.198822 1.582221 1.653855 4.274563 -26.294676 -8.314305 90.407535 1.562107 0.801324
Car -1 -1 -1.615782 951.710815 849.409546 1225.017578 1079.129395 0.796435 1.783646 4.362844 0.666702 3.575287 21.825721 -1.585245 2.302955
Car -1 -1 1.712837 462.327667 234.772232 536.599976 292.216278 1.363543 1.730150 4.253069 -16.192257 -8.548121 91.404792 1.537507 0.783251
Car -1 -1 -1.585124 947.808777 186.803589 998.361084 245.198166 1.860345 1.781071 4.626242 -0.773539 -12.788233 117.368200 -1.591714 0.286127
Car -1 -1 1.779065 341.548126 239.280655 418.869598 299.440613 1.414186 1.502188 4.249765 -19.530451 -8.084955 88.837845 1.562664 0.567149
Car -1 -1 1.779200 234.211182 247.225555 314.333832 299.097931 1.214150 1.486290 4.266721 -22.933418 -8.071303 88.792806 1.526444 0.822045
Car -1 -1 1.765929 338.526703 214.967545 406.665649 264.214203 1.239609 1.601627 4.244029 -23.077314 -10.699329 103.837661 1.547239 0.589995
Car -1 -1 -1.575073 948.063721 143.011230 978.394714 171.996811 1.559367 1.856125 4.276298 -1.851775 -24.802993 187.336817 -1.584957 0.261508
Car -1 -1 1.789765 278.854889 227.392776 354.618652 281.584198 1.369470 1.460843 4.270992 -22.886777 -9.171512 94.354533 1.551799 0.629351
Car -1 -1 -1.861013 1196.055786 174.578186 1254.508789 210.458740 1.399134 1.669908 4.250120 12.304842 -17.413783 145.266922 -1.776510 0.225127
Car -1 -1 1.721879 392.134430 172.410400 447.691925 219.344376 1.636247 1.765539 4.254070 -27.308423 -15.616019 132.902077 1.519222 0.348672
Car -1 -1 1.822794 208.035233 221.273056 275.951813 270.523621 1.410641 1.282330 4.236144 -27.422412 -10.163999 101.525502 1.558986 0.548659
