Car -1 -1 1.142935 354.456451 311.612000 506.077820 433.685974 1.794511 1.574990 3.767505 -11.488198 -3.289838 49.217977 0.913626 0.288607
Car -1 -1 1.909116 79.951088 285.071686 198.812943 357.065765 1.191258 1.299548 4.530763 -21.363611 -5.644984 58.649435 1.559794 0.856813
Car -1 -1 1.084993 458.434967 320.035553 609.793762 412.437286 1.320333 1.394622 4.106509 -9.557477 -3.804764 51.180917 0.900380 0.362802
Car -1 -1 1.829472 303.800140 220.520966 383.511963 272.103088 1.281338 1.534102 4.269015 -21.716137 -10.369013 79.696477 1.563445 0.768395
Car -1 -1 -1.623628 982.146484 172.987549 1024.602173 209.712555 1.337245 1.803623 4.240733 3.144284 -16.966180 109.117164 -1.594820 0.757813
Car -1 -1 1.909394 56.285198 210.179199 136.797333 260.648804 1.333423 1.366498 4.250679 -32.433693 -11.368406 84.302733 1.542122 0.893772
Car -1 -1 1.708404 583.201355 150.506149 627.555664 187.667038 1.510644 1.686332 4.263069 -18.940013 -20.445192 123.942241 1.556764 0.458488
Car -1 -1 -1.647864 995.233154 155.306320 1033.633301 187.511078 1.345716 1.750486 4.232536 4.109181 -20.187116 122.540524 -1.614344 0.659133
Car -1 -1 -1.604016 947.244202 127.332901 975.498169 153.907593 1.484776 1.781197 4.264593 1.547307 -28.281765 158.348156 -1.594245 0.244209
Car -1 -1 -1.621601 970.585510 112.038994 994.167908 135.440964 1.745136 1.851124 4.317737 3.782686 -36.450144 195.941764 -1.602298 0.139676
