Car -1 -1 0.189155 575.984070 336.265350 807.250427 432.656738 1.543427 1.906707 4.359420 -5.915064 -3.055791 46.880869 0.063646 3.909446
Car -1 -1 0.421665 0.848734 345.064117 207.689377 451.982422 1.671679 1.882668 4.135605 -18.169135 -2.522265 44.465370 0.033756 0.824382
Car -1 -1 0.321697 160.827438 327.076599 394.940552 406.654846 1.311950 1.870616 4.361229 -15.803224 -3.793608 50.005430 0.015600 3.199132
Car -1 -1 -0.346097 1620.366333 352.633759 1888.946533 460.981903 1.690809 1.896841 4.230658 15.955104 -2.369252 44.477211 -0.001670 4.622770
Car -1 -1 -0.050864 965.205872 320.284271 1181.575439 401.148895 1.387265 1.902899 4.678692 2.425575 -4.048475 51.704046 -0.003986 2.935028
Car -1 -1 2.743142 1811.743896 258.847748 1919.569824 327.176910 1.667078 1.874430 3.661291 28.430845 -7.303309 67.461649 -3.141194 0.398735
Car -1 -1 2.809904 1588.804565 274.621857 1750.844849 337.956421 1.399135 1.828332 3.850502 20.582784 -6.699799 64.304559 3.119682 2.110295
Car -1 -1 1.688122 678.879211 216.352692 736.381042 263.452362 1.312160 1.664773 4.268634 -10.536161 -11.954089 87.811692 1.568707 0.861259
Car -1 -1 -0.141317 1554.772217 335.670013 1709.099365 418.119171 1.310792 1.783321 2.951907 15.373375 -3.681818 50.896294 0.152022 0.864458
Car -1 -1 -1.591384 929.094971 156.399872 958.754883 186.268921 1.442209 1.785412 4.264461 -1.765393 -25.070505 149.109873 -1.603223 0.378635
Car -1 -1 0.165780 1298.900757 156.314270 1374.686035 188.118423 1.608049 1.855191 4.130167 23.393696 -23.221477 139.279833 0.332189 0.133861
Car -1 -1 1.630842 768.126221 137.638626 793.461365 161.111725 1.593149 1.799264 4.256785 -16.360730 -33.647399 188.404563 1.544221 0.226582
Car -1 -1 -1.583056 929.253296 134.871689 951.238464 155.731796 1.512143 1.761831 4.275303 -2.521389 -33.823477 188.075285 -1.596462 0.235566
