Car -1 -1 -0.024019 1.685913 412.561188 278.361237 523.933533 1.347000 1.860762 4.603685 -15.497313 -1.213849 49.926649 -0.324991 3.000837
Car -1 -1 -0.701574 426.995056 390.054077 661.781311 489.494690 1.158114 1.817288 3.954133 -8.572795 -1.973407 53.020230 -0.861876 2.409833
Car -1 -1 -1.397112 322.221283 802.257080 590.329834 1045.079712 0.677088 1.486684 4.222753 -4.623401 3.148845 24.406977 -1.584323 2.390382
Car -1 -1 -1.510728 697.809814 849.799255 931.600891 1079.907837 1.053302 1.608603 4.212814 -1.383530 3.862159 23.222671 -1.570235 4.095647
Car -1 -1 -1.755103 1334.144287 758.559326 1607.707275 979.121765 0.687662 1.636380 4.363558 4.410973 2.887164 26.187072 -1.588228 2.787624
Car -1 -1 -1.090649 733.143433 373.727570 897.402161 462.777710 1.149712 1.713398 3.539949 -3.578206 -2.493085 55.677489 -1.154827 0.802491
Car -1 -1 1.754917 389.930634 312.466736 490.422272 386.877502 1.238435 1.539541 4.239758 -13.741423 -4.814044 68.960740 1.558229 1.250697
Car -1 -1 -1.195512 733.403198 339.161530 859.274475 422.856171 1.171201 1.414114 4.014189 -4.530698 -3.766400 63.791240 -1.266417 0.619936
Car -1 -1 -1.501619 941.345581 341.433197 1033.691650 431.719910 1.295243 1.677037 4.232932 -0.078382 -3.356355 60.445568 -1.502915 1.525062
Car -1 -1 1.804766 242.805359 297.287018 363.312561 390.302612 1.601363 1.665161 4.260457 -17.130854 -4.751817 68.881294 1.561010 1.262787
Car -1 -1 -1.657387 1046.366333 838.302795 1318.591431 1079.022217 1.037938 1.780470 4.470737 1.510470 3.787275 23.654953 -1.593619 1.961839
Car -1 -1 1.712423 509.494293 308.986603 603.016663 384.452301 1.278048 1.633659 4.244120 -10.958471 -4.909780 69.614175 1.556287 1.414072
Car -1 -1 1.655977 639.509521 298.147827 728.970886 375.377869 1.368443 1.790159 4.268256 -7.911193 -5.238118 71.257891 1.545408 1.153674
Car -1 -1 1.707046 555.632568 265.699341 634.456421 353.211884 1.756352 1.345075 4.587628 -10.914294 -6.193185 76.283130 1.564934 0.552756
Car -1 -1 1.734830 441.934753 284.818390 525.539429 353.376862 1.276425 1.436205 4.245018 -14.073687 -6.189542 76.618056 1.553168 1.086707
Car -1 -1 1.668817 659.110291 260.305389 739.864441 330.072723 1.479585 1.846713 4.241916 -8.435100 -7.013677 79.733204 1.563418 1.161892
Car -1 -1 1.677550 600.170227 249.958237 667.280945 312.716064 1.462612 1.487613 4.231107 -11.179779 -8.036789 86.024778 1.548314 0.873852
Car -1 -1 1.727648 491.402832 260.192505 568.615723 319.508911 1.282105 1.560021 4.238445 -14.175277 -7.776644 84.832039 1.562080 0.950477
Car -1 -1 -1.602863 1086.947388 135.429077 1118.538330 162.573868 1.519164 1.855763 4.249020 7.687369 -27.369861 190.934142 -1.562623 0.251344
Car -1 -1 1.688794 543.699768 237.073700 605.979126 288.020569 1.189724 1.401717 4.233272 -13.970871 -9.488575 92.906310 1.539536 0.435581
Car -1 -1 1.681212 565.476135 218.809784 626.768005 269.047302 1.239796 1.557895 4.258922 -14.537749 -11.040563 101.254693 1.538610 0.386019
