Car -1 -1 -1.529977 723.681641 580.409363 902.047546 753.884583 1.086713 1.896271 4.256802 -2.179437 1.545750 34.457497 -1.593143 2.895770
Car -1 -1 -1.720094 1250.948608 575.281128 1430.524658 741.205261 1.004077 1.548956 4.234144 4.385066 1.430652 35.257745 -1.596358 2.976212
Car -1 -1 -1.619514 1017.272583 606.019409 1192.264038 771.564148 0.929390 1.787986 4.238670 1.309914 1.724167 34.075485 -1.581091 3.086150
Car -1 -1 -1.532381 803.116882 385.510712 898.277832 478.668396 1.131634 1.674366 4.258264 -2.782695 -2.206442 54.984566 -1.582946 1.763301
Car -1 -1 -1.606182 981.609070 434.790253 1104.461548 547.440308 1.092987 1.811017 4.248048 0.838624 -0.912261 47.990110 -1.588709 2.180173
Car -1 -1 -1.580374 955.460876 324.975372 1036.476562 409.372650 1.340038 1.678759 4.249054 0.073613 -4.051631 64.933997 -1.579240 1.623274
Car -1 -1 -1.651588 1111.508423 375.170990 1214.427979 463.865417 1.139440 1.671923 4.257398 3.440823 -2.519231 56.397612 -1.590653 1.472175
Car -1 -1 -1.648274 1070.310059 304.147949 1155.044678 374.157166 1.223680 1.758768 4.256409 3.069863 -5.259864 71.328500 -1.605262 1.358343
Car -1 -1 -1.371010 185.132050 848.864441 509.273987 1079.664551 1.045364 1.705550 4.241075 -5.261514 3.830986 23.170662 -1.594300 2.618281
Car -1 -1 1.643487 665.856689 288.327515 744.297485 359.830170 1.321392 1.649349 4.251918 -7.675428 -5.803383 73.953813 1.540071 1.496966
Car -1 -1 -1.600966 1037.999756 252.611450 1105.722778 313.525452 1.426744 1.875035 4.263391 2.450235 -8.019472 86.124009 -1.572524 1.057723
Car -1 -1 -1.549891 827.497925 284.399811 901.880310 354.245422 1.306873 1.836116 4.259060 -3.487516 -6.098040 75.855174 -1.595835 1.492184
Car -1 -1 -1.572547 946.551636 204.653549 994.556030 247.962173 1.315062 1.797565 4.218040 -0.943627 -13.245803 114.914645 -1.580759 0.867103
Car -1 -1 -1.589626 1015.948242 198.650406 1066.634033 246.295059 1.543984 1.856297 4.238590 2.003222 -13.241613 114.495716 -1.572131 0.665105
Car -1 -1 -1.541338 852.092285 232.631195 905.963867 281.493652 1.292608 1.613218 4.254930 -3.955943 -10.052939 97.029141 -1.582086 0.837429
Car -1 -1 1.701163 577.763794 212.641190 639.023987 258.832214 1.345974 1.650378 4.247803 -14.914006 -11.965788 107.327930 1.563090 0.783405
Car -1 -1 -1.551350 872.179260 175.885590 910.125488 210.619888 1.345105 1.664340 4.255623 -5.069882 -17.505242 137.641264 -1.588167 0.656522
Car -1 -1 -1.556065 879.197998 210.016418 928.092407 255.161835 1.327401 1.725379 4.247883 -3.522240 -12.300431 109.180277 -1.588314 0.806134
Car -1 -1 -1.472957 1044.225220 177.300217 1092.172241 215.410492 1.485917 1.722781 4.251500 3.747524 -16.863251 134.244349 -1.445048 0.424298
Car -1 -1 -1.582437 979.175415 168.645386 1021.225403 202.716019 1.423883 1.804143 4.266532 0.434099 -18.735592 144.258254 -1.579428 0.505997
Car -1 -1 -1.567786 936.688049 130.634628 964.472717 154.929550 1.467493 1.829776 4.257931 -3.047305 -29.850850 204.245666 -1.582705 0.340800
Car -1 -1 -1.568512 939.396362 182.198700 982.136841 221.802399 1.375061 1.828675 4.242053 -1.502031 -16.243122 130.966559 -1.579980 0.568156
Car -1 -1 1.643753 675.895447 161.287109 716.249207 193.890594 1.418569 1.623057 4.264616 -16.462272 -20.434600 153.565543 1.536960 0.292409
Car -1 -1 1.610829 764.871765 184.889282 812.240784 231.412140 1.583990 1.759589 4.239108 -8.877042 -14.502335 120.301024 1.537172 0.486336
Car -1 -1 -1.544862 882.488281 151.873962 916.863342 185.331192 1.614289 1.747777 4.250502 -5.341146 -21.639988 159.386624 -1.578360 0.215253
Car -1 -1 1.633600 744.934814 159.548172 782.860779 193.026581 1.360403 1.611662 4.263506 -12.831112 -20.712836 154.771385 1.550885 0.310848
Car -1 -1 -1.548364 887.448120 131.111298 916.580994 157.763947 1.479587 1.791140 4.242516 -6.433453 -28.634562 196.602025 -1.581075 0.183926
