Car -1 -1 1.832496 131.557892 421.841278 303.685425 544.528381 1.180779 1.572747 4.478717 -13.399527 -1.017459 48.124921 1.560942 2.185204
Car -1 -1 -1.516330 694.203613 742.294678 916.772583 976.229187 0.849563 1.761955 4.248565 -1.684844 2.883473 26.233526 -1.580467 3.736378
Car -1 -1 -1.650181 1033.457764 782.518799 1266.219971 1022.676086 0.751424 1.621737 4.265920 1.328577 3.076970 24.928286 -1.596935 2.205364
Car -1 -1 1.727943 406.166534 350.913513 531.594849 484.578094 1.791200 1.480703 4.915595 -10.033839 -2.104326 53.347895 1.542032 1.034818
Car -1 -1 1.866266 87.550346 272.942139 187.667999 338.263702 1.339206 1.453179 4.261987 -25.109334 -6.963577 81.375984 1.566975 1.146867
Car -1 -1 1.860645 111.140419 371.095276 250.195114 472.049622 1.324203 1.346406 4.237128 -16.151631 -2.328024 55.164187 1.575815 1.666421
Car -1 -1 -1.796032 1363.798950 839.912659 1711.387207 1079.888306 0.996187 1.874995 4.262406 4.521019 3.743989 23.678000 -1.607366 4.206235
Car -1 -1 1.897643 0.312797 563.233521 112.978447 753.550171 1.301749 1.776244 4.313674 -12.708204 1.524651 34.971306 1.549091 3.143462
Car -1 -1 1.730519 475.247223 263.184509 558.395264 325.290314 1.331285 1.594657 4.247870 -14.395323 -7.515194 83.841151 1.560479 1.155448
Car -1 -1 1.755400 393.683563 238.163589 473.135895 306.640076 1.625141 1.492699 4.245064 -17.877167 -8.513505 88.527552 1.556140 0.952152
Car -1 -1 1.784611 291.823517 217.164856 367.317688 268.042145 1.425164 1.660078 4.255545 -25.301979 -11.425644 105.410756 1.549035 0.819897
Car -1 -1 1.696021 537.501953 292.510529 621.246094 365.290161 1.309589 1.597912 4.247247 -11.045349 -5.699029 74.059000 1.547970 1.049454
Car -1 -1 1.685063 537.772644 220.610641 613.972046 287.960693 1.744834 1.868761 4.318162 -14.432527 -9.823449 95.962582 1.535785 0.687780
Car -1 -1 1.724215 492.583954 336.834412 581.857849 418.968842 1.277707 1.286439 4.243865 -10.489869 -3.759071 63.745622 1.561118 1.019216
Car -1 -1 -1.573806 909.576050 160.136169 947.282532 190.692398 1.330456 1.911775 4.242161 -3.579019 -20.675480 154.431882 -1.596977 0.334351
Car -1 -1 -1.576457 985.014526 128.961746 1012.636108 154.315033 1.581366 1.826559 4.259331 0.544033 -30.309441 207.327706 -1.573833 0.276437
Car -1 -1 -1.659882 1156.858154 173.317932 1202.161133 210.653030 1.455775 1.819027 4.234685 9.606759 -18.080618 141.527419 -1.592107 0.387172
Car -1 -1 -1.583198 937.689697 152.624664 971.951050 181.799805 1.375773 1.839024 4.243548 -2.244328 -22.504909 164.322851 -1.596855 0.301266
Car -1 -1 -1.576381 939.906250 135.423737 967.844543 159.295898 1.420457 1.750394 4.247634 -2.774994 -28.225141 195.254803 -1.590592 0.206408
Car -1 -1 1.668729 712.129517 133.124100 747.999084 162.080170 1.677155 1.878761 4.254388 -18.008539 -27.252645 189.810137 1.574135 0.212620
Car -1 -1 1.665820 691.884399 159.697128 731.791443 192.073578 1.420337 1.707426 4.235085 -15.835590 -20.896940 156.195188 1.564781 0.238630
Car -1 -1 1.689551 573.050354 199.344681 632.686890 242.929840 1.369078 1.694314 4.232852 -15.882996 -13.184287 113.072047 1.549996 0.366616
