Car -1 -1 2.777072 1602.812256 282.171265 1785.473267 351.229736 1.444538 1.844151 3.958949 20.231895 -6.049037 61.069382 3.096985 1.949426
Car -1 -1 2.758418 1679.473022 269.712982 1839.859619 329.283142 1.325495 1.835347 3.801900 24.351793 -7.247460 67.146440 3.106332 0.628876
Car -1 -1 2.716582 1831.909058 261.771912 1918.645020 319.069946 1.351166 1.870216 4.103475 30.935581 -8.021133 71.579922 3.124520 0.496561
Car -1 -1 1.649749 693.242676 209.480515 744.806641 260.626526 1.424240 1.624587 4.270027 -10.158725 -12.213256 88.745708 1.535775 0.737326
Car -1 -1 1.679446 618.745789 206.887619 673.864563 257.795288 1.539789 1.721647 4.264370 -13.530568 -12.629021 91.220337 1.532191 0.636572
Car -1 -1 2.794821 1625.246216 259.295715 1763.794434 307.131744 1.182037 1.867736 3.622957 23.782898 -8.309752 71.356197 3.116540 0.562220
Car -1 -1 1.678795 642.504700 198.528122 691.104248 244.223221 1.508344 1.593529 4.245756 -13.572876 -14.101115 97.950715 1.541103 0.630525
Car -1 -1 1.671492 668.869873 183.173859 714.264465 226.808273 1.613737 1.572293 4.338284 -13.362367 -15.914943 105.375312 1.545358 0.374627
Car -1 -1 0.183587 1300.237671 157.209167 1376.720215 188.324432 1.555239 1.828639 4.198148 23.260051 -23.110258 138.484745 0.349995 0.111777
Car -1 -1 1.619509 748.204285 175.669250 788.277283 212.687180 1.575202 1.832855 4.296959 -10.884271 -18.436160 117.740053 1.527328 0.237602
