Car -1 -1 -1.225532 1259.254761 396.038239 1429.089844 510.697418 1.375167 1.582966 4.256367 6.503210 -1.511602 50.644957 -1.097823 2.104548
Car -1 -1 -1.522597 658.086975 767.560242 884.457275 1006.486206 0.775589 1.742326 4.257795 -1.948316 3.009618 25.424867 -1.599078 2.288169
Car -1 -1 -0.015003 797.529785 459.614777 1129.517090 577.281921 1.366035 1.881539 4.829003 -0.452317 -0.222308 43.954890 -0.025293 4.584308
Car -1 -1 0.114089 479.343201 413.389496 753.085876 532.753845 1.568237 1.861040 4.274564 -6.434080 -0.943428 47.577463 -0.020330 4.113669
Car -1 -1 -1.646491 1000.974670 830.770081 1241.310547 1075.557129 0.614440 1.610220 4.238522 1.005758 3.293285 23.775865 -1.604215 3.122949
Car -1 -1 1.796412 249.773453 297.879486 358.748077 384.157928 1.533103 1.604162 4.244890 -17.252342 -4.906983 69.562166 1.553304 1.285639
Car -1 -1 -1.780198 1361.834717 785.998840 1624.543579 1033.869507 0.793443 1.388675 4.235413 4.405505 3.162396 24.936848 -1.605336 2.155519
Car -1 -1 1.890979 98.743134 270.598969 196.463226 340.661346 1.426850 1.268710 4.225931 -24.283546 -6.743712 79.548420 1.594696 1.228420
Car -1 -1 1.773354 351.922119 264.271790 443.152496 333.568329 1.465011 1.559399 4.245569 -17.455058 -7.091375 81.319334 1.561914 1.152266
Car -1 -1 -1.579728 947.510742 196.065323 996.506470 243.572830 1.547469 1.916731 4.246747 -0.876129 -13.654320 117.123231 -1.587209 0.698262
Car -1 -1 0.100931 25.762951 443.852661 343.578674 545.619568 1.214636 1.875413 4.632267 -13.527704 -0.713290 46.110456 -0.184437 1.767186
Car -1 -1 -2.978257 9.981101 408.664459 273.468781 504.176514 1.259105 1.860748 4.308005 -15.605764 -1.481135 50.725669 3.006467 1.012726
Car -1 -1 1.741549 499.834351 256.956451 573.080566 313.762115 1.238088 1.452613 4.240588 -14.233850 -8.081333 86.467589 1.578398 0.868593
Car -1 -1 -0.301159 275.156067 364.406708 534.245789 472.368744 1.419858 1.824094 4.210439 -12.083045 -2.406537 56.339708 -0.512426 1.530222
Car -1 -1 1.761833 458.688324 228.558487 522.269470 279.456696 1.275625 1.397606 4.228140 -17.785050 -10.273240 97.954909 1.582226 0.825318
Car -1 -1 1.669783 666.020752 172.551682 711.945862 209.320801 1.485990 1.586259 4.231090 -15.450464 -17.996552 140.639289 1.560363 0.455523
Car -1 -1 1.651404 709.873718 243.097382 770.996765 299.976318 1.314545 1.499264 4.267628 -8.320002 -8.957354 91.132076 1.560360 0.631875
Car -1 -1 1.703480 580.081299 208.641876 638.665344 257.159302 1.408989 1.547671 4.240632 -14.912334 -12.098423 107.773084 1.565985 0.524697
Car -1 -1 1.653407 684.662659 258.516113 749.158752 317.556000 1.270288 1.534937 4.238332 -8.464613 -7.879899 85.153317 1.554328 0.911948
Car -1 -1 1.738105 445.124512 280.953308 517.687256 337.552429 1.159232 1.229291 4.255167 -14.644651 -6.724912 79.383613 1.555677 1.169079
Car -1 -1 1.630537 734.368286 216.408722 790.881592 270.759186 1.433436 1.641407 4.258060 -8.332759 -10.765004 100.154252 1.547529 0.740263
Car -1 -1 -1.578314 941.259827 182.657227 982.161804 222.330673 1.456516 1.847289 4.248378 -1.367217 -15.923247 129.090870 -1.588904 0.491390
Car -1 -1 1.656242 735.392029 143.870712 769.228271 169.733185 1.384831 1.673188 4.215873 -15.617759 -25.586192 181.234896 1.570280 0.269036
Car -1 -1 1.762498 408.911957 236.771683 483.136932 295.229492 1.489273 1.615155 4.320584 -18.060718 -9.102058 91.610185 1.567847 0.351080
Car -1 -1 1.672682 646.765808 228.840942 699.441711 278.836426 1.273720 1.441101 4.234042 -11.407072 -10.376312 98.897287 1.557847 0.558688
Car -1 -1 -1.635049 1151.693481 169.550995 1193.286743 204.714371 1.339297 1.780143 4.235451 9.391971 -18.732338 144.450345 -1.570121 0.357485
Car -1 -1 -1.618997 1092.951904 141.180084 1127.394287 172.302612 1.679280 2.014716 4.271635 7.816006 -25.932060 185.025791 -1.576779 0.121794
Car -1 -1 1.690923 598.687744 260.030365 663.269287 315.982422 1.203148 1.506057 4.246416 -11.248547 -8.064405 86.233987 1.561213 0.607005
Car -1 -1 -1.613623 1099.720581 148.590836 1133.942017 176.326111 1.569642 1.981599 4.268511 8.260157 -25.879735 186.450757 -1.569350 0.097902
