Car -1 -1 -1.980248 1247.358032 368.878510 1452.918579 519.982788 1.604064 1.570005 4.678125 7.582969 -1.436440 40.835316 -1.796643 1.335950
Car -1 -1 1.917305 70.355789 324.346649 209.283890 415.856415 1.219323 1.219798 4.376952 -17.880760 -3.601185 49.097042 1.568043 1.522315
Car -1 -1 1.828901 293.006012 252.571701 392.715973 319.273376 1.328424 1.665998 4.286238 -18.197344 -7.436864 66.794426 1.562918 1.211442
Car -1 -1 1.786005 413.825928 247.004395 502.354614 318.053528 1.470173 1.597372 4.241329 -14.688069 -7.474523 66.818906 1.569628 1.454473
Car -1 -1 1.780167 468.238953 215.023331 545.669434 287.161163 1.761737 1.495190 4.633804 -14.976848 -9.456473 75.792930 1.585078 0.585801
Car -1 -1 1.852565 183.447784 246.157715 285.968872 317.504211 1.568533 1.499662 4.267650 -21.328700 -7.392378 66.338683 1.541490 1.243956
Car -1 -1 -1.788013 1335.427979 240.320007 1430.517334 297.470947 1.285198 1.927928 4.262707 15.000964 -8.891767 74.205562 -1.588547 0.941011
Car -1 -1 1.767754 400.524658 214.184555 474.089844 268.642761 1.427679 1.647923 4.248789 -18.377829 -10.542935 80.200979 1.542496 0.880837
Car -1 -1 1.814714 307.913239 208.280502 393.946350 265.861877 1.516883 1.703373 4.262170 -21.902761 -10.822049 81.419238 1.551923 0.688728
Car -1 -1 1.900893 181.487183 223.437088 269.859070 281.584198 1.429748 1.530516 4.224422 -24.919788 -9.621879 76.347059 1.585394 0.944427
Car -1 -1 1.760950 435.082733 160.466385 485.153351 196.378799 1.445153 1.668066 4.239636 -25.702889 -18.863347 117.175688 1.545017 0.564762
Car -1 -1 1.716450 595.867554 153.309067 640.646606 187.877319 1.434536 1.694311 4.260187 -18.134692 -20.274278 123.167662 1.570264 0.443659
Car -1 -1 1.763401 444.456665 178.253387 497.128815 217.524734 1.326197 1.532418 4.233509 -21.898827 -15.571679 102.266785 1.552453 0.602458
Car -1 -1 1.747202 509.310760 151.691528 560.325867 190.533463 1.628202 1.830211 4.240004 -22.358018 -19.746788 120.673719 1.564003 0.512937
Car -1 -1 1.743303 469.688751 192.459930 534.609192 240.748550 1.487832 1.776296 4.320974 -17.738822 -12.642480 88.787857 1.546110 0.657105
Car -1 -1 -1.587790 934.776733 135.999130 964.900757 163.123062 1.353383 1.787941 4.238287 0.617672 -25.718474 146.981647 -1.583587 0.488372
Car -1 -1 1.988375 0.882039 286.832336 68.210350 357.803314 1.306098 1.515414 4.271407 -26.491711 -5.842312 61.806479 1.583439 1.037844
Car -1 -1 1.973374 0.000000 324.472717 67.983406 421.300995 1.366049 1.276838 4.273720 -22.664192 -3.743446 52.303271 1.564476 1.128775
Car -1 -1 1.794459 350.708679 184.620148 410.023529 224.557709 1.271217 1.568563 4.244596 -25.044549 -14.640262 97.933536 1.544094 0.796150
Car -1 -1 1.704345 604.012817 143.274384 645.290466 176.705185 1.482836 1.667168 4.256150 -18.513796 -21.660507 128.172651 1.560893 0.269893
