Car -1 -1 -1.089473 1650.473999 460.999176 1894.663452 599.041077 1.045214 1.460111 4.298303 12.267514 -0.365037 32.816303 -0.731734 1.656454
Car -1 -1 -1.606321 829.396484 316.250549 930.800720 409.112152 1.107574 1.812658 4.248082 -1.777607 -4.018061 46.481398 -1.644546 1.476279
Car -1 -1 0.372878 0.000000 236.335617 134.131683 314.170135 1.505579 1.868130 4.247909 -23.995423 -6.816685 56.072491 -0.031476 1.260958
Car -1 -1 2.754216 1636.888428 221.046768 1834.776733 297.999329 1.763336 1.994303 4.656199 23.080858 -8.356731 65.156312 3.094662 2.173829
Car -1 -1 -1.555231 894.200195 208.504822 974.815430 312.089203 1.934988 1.849121 4.777474 -0.773826 -7.544708 60.085510 -1.568109 0.560082
Car -1 -1 0.417999 1.387749 282.219940 114.920319 364.155060 1.348545 1.906932 3.894388 -21.889811 -4.975913 49.691583 0.003062 0.750758
Car -1 -1 2.819176 1426.779419 228.404434 1593.777222 294.563019 1.479166 1.874102 3.981388 16.301471 -8.425848 65.090272 3.064573 2.340593
Car -1 -1 2.870652 1358.073853 203.428711 1515.556274 257.245026 1.405363 1.855607 4.523606 16.591042 -11.047470 76.085969 3.085348 0.441669
Car -1 -1 2.809920 1571.895142 212.600372 1715.593384 262.453247 1.265195 1.855910 4.121547 23.585807 -10.815687 75.691303 3.111990 0.651859
Car -1 -1 -1.549241 913.343079 151.144028 957.152161 190.224960 1.321345 1.884508 4.253078 -1.235255 -17.943824 103.420502 -1.561185 0.730369
Car -1 -1 2.701882 1842.477905 214.429504 1919.091675 269.475800 1.387418 1.836333 3.773255 33.345194 -10.753620 76.664722 3.112149 0.234045
Car -1 -1 -1.948621 1731.557251 159.617142 1801.051270 193.768936 1.057739 1.313825 4.234824 36.203220 -16.871549 98.063658 -1.594962 0.570194
Car -1 -1 1.585456 830.415405 131.467606 870.808411 169.328613 1.527284 1.842992 4.270860 -5.583723 -19.968978 110.035806 1.534755 0.589749
Car -1 -1 -1.982986 1796.132446 153.320938 1870.880615 192.471405 1.261335 1.339994 4.261487 39.433881 -17.027094 98.620210 -1.602604 0.547142
Car -1 -1 -1.935074 1671.934082 158.627319 1741.170410 194.150177 1.080723 1.272998 4.258026 33.317772 -16.743018 97.381719 -1.605423 0.640429
Car -1 -1 0.327008 741.805420 103.688232 817.253723 136.613113 1.702975 1.874213 4.522063 -12.546331 -29.367684 149.770174 0.243432 0.386105
Car -1 -1 2.892800 1401.027344 217.383392 1556.597412 275.253998 1.357965 1.894161 4.095570 16.467584 -9.602241 69.731104 3.124710 0.631025
Car -1 -1 0.108941 971.796692 100.867081 1033.629395 129.349564 1.593456 1.847150 4.184618 2.885146 -31.415489 158.165866 0.127180 0.275081
Car -1 -1 -1.551949 913.149292 97.413689 941.592896 121.721268 1.466663 1.878934 4.235676 -2.786530 -34.739597 171.987497 -1.568149 0.256930
Car -1 -1 -1.572227 923.985718 123.508270 958.567139 153.715714 1.320559 1.747201 4.228724 -1.243179 -24.214855 128.352989 -1.581912 0.433802
Car -1 -1 -1.597218 940.983643 115.752769 981.314758 147.431488 1.446921 1.840344 4.273932 -0.088164 -25.700710 134.548270 -1.597873 0.197858
Car -1 -1 2.684690 1883.470703 138.518799 1918.735474 165.946198 1.098266 1.879463 2.421913 50.531286 -21.089199 115.285191 3.097784 0.053552
