Car -1 -1 -1.519298 772.239197 494.654419 927.734802 656.250000 1.271083 1.879756 4.257789 -1.960219 0.553761 39.235741 -1.569217 2.385553
Car -1 -1 -1.687318 1170.236328 498.931915 1309.326050 625.702209 1.030879 1.546626 4.245388 3.684195 0.261906 41.704127 -1.599205 2.494039
Car -1 -1 -1.389261 298.415985 778.716431 564.164856 1003.306030 0.671110 1.505482 4.243135 -5.047452 2.993456 25.432370 -1.585180 2.321734
Car -1 -1 -1.750412 1290.515137 674.816467 1531.931641 882.494812 1.040044 1.696842 4.237594 4.406049 2.506481 29.931611 -1.604257 3.515172
Car -1 -1 -1.564862 838.567261 278.442841 915.015503 343.590851 1.230484 1.858500 4.255029 -3.280766 -6.600764 78.466779 -1.606648 1.120026
Car -1 -1 -1.609446 1051.097778 293.070557 1132.557495 382.591736 1.572610 1.741876 4.411187 2.427657 -4.867001 68.245962 -1.573888 0.879748
Car -1 -1 -1.575408 945.494202 370.011810 1046.513184 462.418976 1.197177 1.846532 4.242957 0.050692 -2.587724 56.914166 -1.574517 1.577571
Car -1 -1 -1.648041 1109.015625 370.536163 1218.952148 461.413544 1.162531 1.742854 4.248534 3.516240 -2.634986 57.414808 -1.586875 1.121522
Car -1 -1 -1.567331 952.699951 273.342255 1020.942688 331.494568 1.231588 1.790402 4.243417 -0.161049 -7.126626 81.709021 -1.569302 1.081914
Car -1 -1 -1.542982 847.847473 328.901276 934.847595 414.250000 1.271464 1.763423 4.250144 -2.310975 -3.928377 64.183282 -1.578972 1.505942
Car -1 -1 -1.608318 1051.074097 242.798279 1113.433105 298.083496 1.349711 1.855100 4.260443 2.942290 -8.953771 91.235265 -1.576079 0.790308
Car -1 -1 -1.567718 950.760193 230.349991 1003.843994 280.106293 1.279376 1.682723 4.243912 -0.519840 -10.362837 99.214637 -1.572958 0.862168
Car -1 -1 -1.541345 857.032104 222.528961 908.634521 268.544464 1.298865 1.674739 4.238996 -4.139597 -11.328777 104.756938 -1.580840 0.916656
Car -1 -1 -1.716972 1244.768677 229.854523 1311.056396 287.286865 1.469466 1.665524 4.235675 9.844427 -9.732461 95.544496 -1.614299 1.017869
Car -1 -1 -1.606978 1019.603455 214.576401 1070.445679 258.942963 1.280170 1.750577 4.257634 2.060048 -12.157460 109.098292 -1.588098 0.662271
Car -1 -1 -1.555504 877.037476 184.300659 917.274597 220.850266 1.352631 1.666907 4.256648 -4.524752 -16.256013 131.077833 -1.590010 0.652781
Car -1 -1 -1.563013 1035.525513 192.261139 1080.927002 233.064011 1.363441 1.819860 4.242085 2.992869 -14.895954 124.084705 -1.538898 0.667842
Car -1 -1 -1.573143 980.893921 177.869858 1022.923950 214.333755 1.370733 1.780733 4.230580 0.494693 -17.371789 137.367383 -1.569542 0.534126
Car -1 -1 -1.560956 942.437683 148.785583 973.527039 177.273499 1.408548 1.713929 4.259256 -2.194074 -24.165754 174.386780 -1.573537 0.322208
Car -1 -1 -1.553034 884.005554 152.531448 916.248596 181.820755 1.365037 1.763582 4.236518 -5.680799 -23.287439 170.137174 -1.586411 0.318280
Car -1 -1 -1.627641 1030.904175 959.938660 1328.813599 1080.000000 0.420070 1.897359 4.277617 1.392817 4.046453 22.111791 -1.564734 3.563768
Car -1 -1 -1.662738 1188.919067 199.708954 1244.239624 243.150955 1.381580 1.839154 4.257964 9.576989 -13.913282 118.881758 -1.582353 0.462862
Car -1 -1 -1.572980 985.013489 131.953598 1011.547180 155.265701 1.396041 1.763465 4.244910 0.427525 -29.706883 203.846327 -1.570882 0.296126
Car -1 -1 -1.591515 996.601990 148.011520 1029.815796 178.551468 1.558149 1.810110 4.251752 1.295920 -23.675805 171.538142 -1.583960 0.297028
Car -1 -1 -1.551781 895.257263 140.759308 924.938599 165.578140 1.386263 1.781423 4.227258 -5.488900 -26.198382 184.278658 -1.581558 0.276657
Car -1 -1 1.685886 626.825500 162.145630 667.006592 192.899628 1.324205 1.626063 4.257162 -19.599403 -20.929186 156.768204 1.561510 0.335564
