Car -1 -1 0.339595 20.671963 309.692108 260.757080 416.391541 1.874864 1.977232 4.364823 -19.237886 -3.392628 50.638889 -0.023467 3.192909
Car -1 -1 2.449468 291.707520 461.278381 621.594604 603.021240 1.036166 1.956170 4.314618 -7.923116 0.039282 33.913015 2.219954 3.652377
Car -1 -1 2.857296 1066.395752 423.440094 1381.658203 535.723083 1.230311 1.975487 4.732827 4.494393 -0.756038 38.562140 2.973322 5.255023
Car -1 -1 -1.516633 877.899963 687.563843 1060.852905 891.677002 0.571218 1.554514 4.241296 0.100427 2.437207 22.673824 -1.512204 3.350878
Car -1 -1 -1.627026 1162.743774 743.910645 1386.424072 989.024414 0.493051 1.688400 4.457293 2.800397 2.872646 20.760628 -1.492945 2.530664
Car -1 -1 -1.394905 570.326965 636.270935 794.642883 832.292847 0.695866 1.598706 4.218812 -3.080961 2.087602 24.185683 -1.521610 3.327531
Car -1 -1 -1.234111 177.698975 668.665649 491.884949 881.555298 0.615358 1.583089 4.464594 -6.495396 2.311618 22.774383 -1.511941 3.057408
Car -1 -1 2.808258 1736.811157 313.631531 1918.077637 405.948608 1.697504 1.933640 4.523444 21.703659 -3.797074 53.649388 -3.090508 0.830699
Car -1 -1 1.879877 404.418274 245.435410 489.408600 300.119354 1.288437 1.481190 4.238333 -18.268132 -8.807122 76.063763 1.644172 1.253605
Car -1 -1 -3.064123 786.033386 279.279419 982.865051 370.648743 1.854813 2.106397 4.890830 -2.268319 -5.025940 58.477383 -3.102893 2.222727
Car -1 -1 1.759674 631.558899 233.952255 706.907532 291.205078 1.451799 1.743222 4.252233 -10.858295 -9.444918 78.988864 1.623064 0.950603
Car -1 -1 1.825371 515.250305 233.730560 597.426331 295.297180 1.520727 1.611518 4.497177 -14.856327 -9.266501 78.341070 1.637960 0.729771
Car -1 -1 -1.102703 0.000000 879.201538 236.293091 1079.212036 0.975668 1.965032 4.308840 -7.382551 4.143579 16.633338 -1.520423 4.846783
Car -1 -1 1.738823 723.475342 210.381409 780.240112 253.472061 1.343421 1.615268 4.239432 -9.517296 -12.891947 95.659389 1.639658 0.717151
Car -1 -1 1.756012 676.614685 221.242996 736.318359 270.711334 1.396390 1.412337 4.228732 -10.500144 -11.124398 87.099768 1.636038 0.806109
Car -1 -1 1.777542 626.091492 198.587814 683.226562 252.675186 1.843890 1.422887 4.244675 -13.636662 -12.841555 95.050578 1.635047 0.789763
Car -1 -1 1.855802 475.071381 217.365829 541.980530 276.519775 1.711848 1.059731 4.499685 -17.967501 -10.639379 84.820808 1.647059 0.739971
Car -1 -1 1.812595 578.309998 213.788010 642.715576 272.177368 1.680932 1.289995 4.520681 -14.150661 -10.958782 85.995605 1.649505 0.814276
Car -1 -1 -1.570555 1103.069580 185.200546 1139.543335 220.030716 1.394826 1.656787 4.249331 8.365921 -17.540882 118.178441 -1.499882 0.574090
Car -1 -1 1.815248 532.692505 204.895798 597.080566 252.218063 1.463841 1.563084 4.423710 -17.333573 -12.640111 93.493059 1.631930 0.514233
Car -1 -1 1.122089 1308.065918 157.592041 1372.742798 184.045349 1.620071 1.908808 4.351974 26.603600 -25.351473 155.491980 1.291542 0.127162
