Car -1 -1 2.851107 1486.743530 426.877777 1765.108643 532.132141 1.327703 1.831275 4.098860 10.969403 -0.974427 48.017537 3.075699 4.654556
Car -1 -1 0.167268 130.358444 431.532043 413.520416 535.850769 1.287965 1.846103 4.306528 -12.593544 -0.948473 48.534363 -0.086610 3.934973
Car -1 -1 -0.047416 936.057861 426.623138 1249.322632 573.860840 1.827706 1.923713 4.541532 1.566757 -0.288461 44.252544 -0.012026 3.988599
Car -1 -1 -1.647029 1035.192383 782.631775 1268.058472 1023.626831 0.724512 1.595880 4.250182 1.339931 3.052502 24.807693 -1.593068 2.658187
Car -1 -1 -1.518929 696.195312 742.169434 916.201721 975.394165 0.819719 1.745520 4.252432 -1.678058 2.861731 26.292584 -1.582665 3.895075
Car -1 -1 0.107647 359.419647 452.414612 688.463257 579.244263 1.495966 1.872930 4.563906 -7.455898 -0.208593 44.236991 -0.059328 4.430129
Car -1 -1 -0.930506 855.016174 343.683716 1026.266602 426.900452 1.177751 1.617742 3.970236 -1.148750 -3.513853 61.529544 -0.949173 1.012723
Car -1 -1 -0.403380 499.503967 369.053986 747.590271 457.518677 1.173088 1.851073 4.331342 -7.450257 -2.592267 55.818340 -0.536069 2.691016
Car -1 -1 -3.131069 856.841980 394.560760 1125.919434 497.054779 1.374696 1.894834 4.673896 0.021318 -1.646950 51.810548 -3.130658 1.953358
Car -1 -1 -1.675115 1285.335815 245.293991 1358.702271 307.909363 1.479915 1.694837 4.258037 10.740164 -8.618019 90.184070 -1.556582 0.975900
Car -1 -1 -1.793150 1364.315430 841.780701 1711.795044 1079.239136 0.981953 1.858253 4.259551 4.521096 3.730565 23.661852 -1.604355 4.231270
Car -1 -1 1.739574 389.789520 304.322662 493.109192 381.235626 1.323156 1.691712 4.245460 -13.929794 -5.018449 70.094963 1.543403 1.203759
Car -1 -1 1.806461 289.364807 290.866943 382.650818 371.209167 1.464813 1.358031 4.235184 -17.311722 -5.467134 73.024545 1.573691 1.244274
Car -1 -1 1.725664 450.618774 283.471832 533.237549 349.841888 1.297752 1.552775 4.248676 -13.977406 -6.281263 77.107582 1.546340 1.302849
Car -1 -1 1.708875 524.937317 271.823883 616.739319 365.257507 1.744390 1.485840 4.952953 -11.185160 -5.722013 73.592437 1.558042 0.308439
Car -1 -1 -1.631783 1207.067749 198.390671 1261.985107 247.052032 1.578857 1.935471 4.258654 10.231111 -13.565984 117.268909 -1.544759 0.724365
Car -1 -1 -1.638038 1134.527832 144.761780 1171.160156 175.318008 1.585755 1.950774 4.269803 10.355236 -24.617042 176.704999 -1.579503 0.127419
