Car -1 -1 2.514847 719.703796 450.893677 997.194519 576.505859 1.197746 1.843001 3.983730 -2.133892 -0.403712 44.631243 2.467071 3.199802
Car -1 -1 1.941096 331.417175 515.276489 555.238525 657.094666 1.022780 1.318365 4.343829 -7.548810 0.564135 38.590208 1.747920 2.382087
Car -1 -1 -1.518167 695.206970 742.505249 917.294922 976.341370 0.840696 1.749374 4.249681 -1.679575 2.877602 26.221117 -1.582134 3.802839
Car -1 -1 -0.730574 622.617859 374.473938 849.731689 471.528687 1.208363 1.764605 4.131418 -5.077175 -2.347066 55.124449 -0.822418 2.290320
Car -1 -1 -1.651520 1033.978760 783.564575 1267.724976 1023.455383 0.747216 1.604915 4.259788 1.332264 3.075382 24.885244 -1.598035 2.296065
Car -1 -1 -0.104466 159.791794 398.257263 444.414581 508.288757 1.403191 1.863022 4.497026 -12.621781 -1.485820 50.484257 -0.349458 3.653848
Car -1 -1 -0.226676 1438.084473 460.069977 1749.949097 573.143127 1.371309 1.844566 4.211388 9.590887 -0.254758 44.410158 -0.013981 4.691428
Car -1 -1 -1.466347 890.359924 308.418884 978.411804 379.810242 1.191937 1.739720 4.248764 -1.421430 -5.050240 70.134574 -1.486611 1.045182
Car -1 -1 1.779445 277.403320 289.395294 383.001068 374.334717 1.579471 1.603643 4.245621 -17.121083 -5.284520 71.623131 1.544804 1.382643
Car -1 -1 1.698732 523.946838 271.503906 616.365967 366.779907 1.806107 1.630723 4.866265 -11.198895 -5.682378 73.675185 1.547884 0.360474
Car -1 -1 -1.789995 1364.187012 840.487488 1710.795044 1079.880005 0.981014 1.856048 4.261157 4.509493 3.730152 23.603840 -1.601221 4.308032
Car -1 -1 1.747284 389.636383 304.844757 493.582214 380.686676 1.298522 1.749824 4.256609 -14.008321 -5.065195 70.540648 1.551249 1.144803
Car -1 -1 0.224788 180.486816 465.398987 366.251648 582.634949 1.502250 1.696822 2.373495 -11.909769 -0.078540 45.690099 -0.030202 1.699850
Car -1 -1 -1.557796 916.279236 241.637711 974.340576 294.678894 1.319517 1.765330 4.235745 -1.584448 -9.366833 94.097040 -1.574633 0.816619
Car -1 -1 1.722352 450.248474 282.163544 531.809143 349.426971 1.298954 1.553817 4.246298 -14.054822 -6.342359 77.509499 1.542971 1.281567
Car -1 -1 -1.564152 914.570862 142.413666 945.741089 169.319687 1.417912 1.924155 4.256742 -4.027593 -25.516024 180.727052 -1.586434 0.347266
Car -1 -1 -1.574338 943.300659 154.344330 979.508911 186.174347 1.426817 1.844308 4.242589 -1.818664 -22.050827 162.383853 -1.585538 0.363212
Car -1 -1 1.694643 577.565918 266.197601 649.339661 329.099091 1.317142 1.496528 4.257768 -11.236695 -7.230946 81.903009 1.558299 0.861877
Car -1 -1 1.717865 492.796906 255.364105 564.476685 311.364410 1.277956 1.500080 4.250114 -14.672309 -8.252620 87.652094 1.552011 0.520202
