Car -1 -1 2.802582 1208.776978 342.106689 1482.713745 470.105499 1.882302 2.007703 4.722425 8.089713 -2.154596 44.145453 2.983822 4.000837
Car -1 -1 3.063649 867.072632 338.451935 1076.562744 425.783569 1.392328 1.850701 4.086042 0.662737 -3.239285 49.107557 3.077144 3.350545
Car -1 -1 0.125687 78.848694 323.209686 390.277893 460.073792 2.122165 2.154617 5.184127 -14.430017 -2.387160 44.937100 -0.185028 3.994764
Car -1 -1 1.770818 413.547974 244.276871 503.598083 318.612244 1.551168 1.688154 4.246576 -14.583358 -7.414796 66.456975 1.554801 1.354558
Car -1 -1 1.834278 286.313416 255.222946 386.564362 325.518494 1.391063 1.557630 4.259372 -18.048671 -7.146045 65.584474 1.565728 1.279786
Car -1 -1 1.918518 42.856987 250.355850 148.075165 323.450409 1.563618 1.335037 4.224532 -25.669070 -7.265524 66.626091 1.550774 1.381468
Car -1 -1 2.680935 1771.009033 342.480957 1918.034424 427.560852 1.445677 1.825797 3.701128 20.931730 -3.168612 49.250437 3.082811 0.605255
Car -1 -1 2.677479 1812.125244 372.891479 1919.341187 462.066010 1.314281 1.887802 3.675843 21.554317 -2.471131 47.738726 3.101584 0.627902
Car -1 -1 1.804086 362.036102 230.278030 437.893188 291.794495 1.431409 1.322650 4.247589 -18.344307 -9.102163 74.264791 1.561921 0.998034
Car -1 -1 1.763022 473.402039 190.005722 537.680969 241.408478 1.545187 1.674276 4.240315 -17.979697 -12.950639 90.681796 1.567288 0.824798
Car -1 -1 1.845587 249.572540 232.886017 332.496643 293.553070 1.378933 1.399865 4.236769 -21.855557 -8.968486 73.797307 1.557660 1.000472
Car -1 -1 1.901010 146.891739 235.489532 236.463486 292.704498 1.301160 1.332020 4.238070 -25.240957 -8.982006 73.954171 1.572102 0.995549
Car -1 -1 1.782226 419.032471 210.522217 491.631775 262.019501 1.327031 1.648648 4.244776 -18.212060 -11.061624 82.319542 1.564497 0.928259
Car -1 -1 1.862689 160.378586 262.742645 262.376373 329.730042 1.290415 1.450557 4.247969 -21.395507 -6.886685 64.296344 1.541451 1.417576
Car -1 -1 1.828577 322.207031 211.858154 391.815186 260.079498 1.229998 1.393698 4.239387 -22.105739 -11.203211 83.006063 1.568303 0.781070
