Car -1 -1 0.375575 0.000000 235.158096 133.248154 315.164764 1.508721 1.866621 4.215984 -23.950762 -6.796737 55.869845 -0.029416 1.285100
Car -1 -1 1.783701 355.785187 536.134705 616.084045 813.538635 1.285799 1.465704 4.448594 -4.685240 1.316240 22.152353 1.575272 3.687551
Car -1 -1 2.757583 1637.049683 221.380661 1835.198120 297.991180 1.752446 1.992870 4.672126 23.086068 -8.356421 65.174087 3.098014 2.088687
Car -1 -1 -1.556241 882.930786 266.240631 971.874207 354.625153 1.356982 1.885799 4.263703 -0.839945 -5.614377 52.253923 -1.572313 1.349555
Car -1 -1 2.861382 1358.853882 204.357925 1515.187622 257.849640 1.406328 1.843696 4.515841 16.621475 -11.036810 76.170853 3.076228 0.414087
Car -1 -1 0.396371 0.019175 277.999756 113.053284 364.739075 1.422157 1.929269 3.936112 -21.727795 -4.911314 48.996184 -0.021030 0.726067
Car -1 -1 2.830521 1427.564087 229.872147 1593.903442 295.501740 1.463203 1.871212 4.012332 16.356666 -8.433828 65.264113 3.076085 2.319824
Car -1 -1 2.793578 1572.387207 213.700439 1718.397827 262.669342 1.243200 1.856133 4.153265 23.622971 -10.801822 75.646824 3.096263 0.649120
Car -1 -1 2.693864 1843.722046 214.446503 1919.323486 268.760651 1.382497 1.833000 3.719415 33.286925 -10.746467 76.504318 3.104257 0.211980
Car -1 -1 -1.953762 1731.134033 159.068741 1800.133423 193.377716 1.041508 1.294474 4.240319 36.209101 -16.903782 98.117460 -1.600228 0.611276
Car -1 -1 -1.562245 941.386841 110.995773 983.403503 158.478638 2.267404 2.070245 4.711671 0.046839 -23.769010 127.416174 -1.561878 0.187933
Car -1 -1 -1.989349 1797.389160 153.021652 1871.234985 193.103699 1.296698 1.335576 4.261374 39.531736 -17.028607 98.799419 -1.608738 0.553460
Car -1 -1 0.315681 741.957825 102.417831 818.071411 135.940506 1.693631 1.848074 4.508057 -12.410261 -28.936588 147.527497 0.231757 0.382452
Car -1 -1 -1.927515 1673.701782 157.941727 1742.758545 191.976776 0.995540 1.273802 4.251527 33.464983 -16.922713 97.869926 -1.598044 0.570895
Car -1 -1 2.879618 1398.466797 216.456055 1552.796509 273.412506 1.348133 1.886395 4.142017 16.498245 -9.903253 71.117723 3.107571 0.577868
Car -1 -1 -1.561306 917.956360 85.600906 941.847839 105.949905 1.439149 1.774460 4.275434 -2.863105 -40.322776 193.522862 -1.576099 0.262635
Car -1 -1 -1.604381 977.392395 98.151176 1008.604797 121.327324 1.422444 1.829855 4.245708 2.447109 -34.787483 172.204251 -1.590172 0.283751
Car -1 -1 2.692580 1884.594604 138.611740 1918.864502 164.856918 1.101571 1.840359 2.347235 51.409819 -21.448444 117.169941 3.106050 0.065156
Car -1 -1 1.636074 834.967224 83.250000 862.827576 107.647118 1.823856 1.762055 4.338775 -9.664809 -38.966039 188.011469 1.584714 0.075049
