Car -1 -1 -1.530377 781.141174 539.170227 916.912781 686.256897 1.114750 1.693372 4.227233 -1.964839 0.977726 38.718734 -1.581080 2.570048
Car -1 -1 -1.644697 1077.296631 363.542419 1185.278442 460.781281 1.313590 1.739173 4.252776 2.786953 -2.569845 56.271061 -1.595211 1.522648
Car -1 -1 -1.589680 968.271423 284.455566 1041.962524 361.791199 1.455134 1.765827 4.233567 0.318012 -5.772128 74.021550 -1.585384 1.507927
Car -1 -1 1.717569 449.282684 261.510773 539.933655 346.915894 1.761086 1.675704 4.599889 -13.984071 -6.452296 77.749214 1.539611 0.570713
Car -1 -1 1.777878 362.458893 266.746338 445.041260 332.326233 1.422420 1.419019 4.243176 -17.179646 -7.038109 80.807498 1.568398 1.158580
Car -1 -1 -1.556158 890.032593 195.349228 941.873840 244.587341 1.643248 1.982246 4.248282 -3.223475 -13.596547 117.062424 -1.583687 0.733076
Car -1 -1 1.652491 652.940002 280.514313 737.371521 367.670990 1.634617 1.682479 4.237451 -7.780842 -5.527998 72.552619 1.545655 1.332511
Car -1 -1 1.680987 604.794861 238.034988 672.047180 301.710205 1.512663 1.596832 4.234923 -11.442822 -8.737826 89.509634 1.553838 1.100308
Car -1 -1 1.745931 485.525787 211.193161 548.484070 260.173859 1.405511 1.530946 4.255587 -18.341949 -11.860475 106.801336 1.575851 0.705975
Car -1 -1 -1.549640 896.545715 140.135071 925.440186 167.255203 1.476590 1.784439 4.244265 -5.463154 -26.335291 185.631737 -1.579062 0.373324
Car -1 -1 -1.600463 999.300293 162.898239 1034.374023 193.047668 1.339167 1.796980 4.266969 1.331582 -20.539072 154.085389 -1.591821 0.551279
Car -1 -1 -1.570271 941.754517 145.867996 975.464844 179.525116 1.603348 1.837524 4.256069 -2.023025 -22.818492 165.465811 -1.582497 0.330471
Car -1 -1 1.661297 688.461121 264.068695 752.749023 328.050018 1.318322 1.423984 4.250756 -8.048713 -7.307445 82.137876 1.563618 0.911242
Car -1 -1 1.628525 720.882751 205.212845 777.815552 258.278229 1.558152 1.843920 4.260905 -9.370793 -11.966677 106.929797 1.541114 0.549604
Car -1 -1 1.645718 727.814514 154.674469 765.758850 190.844284 1.610690 1.659915 4.264932 -13.808556 -20.842442 155.314193 1.557044 0.260637
Car -1 -1 1.616515 752.021179 129.359940 783.718689 162.566025 1.977973 1.823758 4.413067 -15.450976 -27.322536 190.569199 1.535614 0.197910
Car -1 -1 1.656636 709.862183 247.637039 771.275085 304.351227 1.283050 1.525527 4.246367 -8.129828 -8.675943 89.660211 1.566210 0.719674
