Car -1 -1 -1.511660 654.655762 806.947571 897.690674 1065.875854 0.687451 1.728399 4.544497 -1.802031 3.236587 24.232635 -1.585887 2.198980
Car -1 -1 -1.631367 1010.629272 744.407227 1235.515991 968.079529 0.802601 1.784632 4.232946 1.166482 2.880487 26.655228 -1.587633 2.754753
Car -1 -1 1.754038 402.407562 305.789276 501.991852 379.222412 1.271509 1.544212 4.238220 -13.782220 -5.096070 70.667226 1.561426 1.468136
Car -1 -1 -1.658236 1107.136597 397.078644 1231.486450 499.165955 1.146002 1.811612 4.263161 3.277076 -1.782942 52.061100 -1.595372 1.767318
Car -1 -1 1.791528 265.812195 304.960144 375.712494 379.434326 1.314688 1.696002 4.272570 -17.287751 -5.136773 71.268615 1.553553 1.072530
Car -1 -1 -1.539066 805.301697 320.364380 881.445801 394.137482 1.231808 1.665294 4.248945 -3.625850 -4.544424 67.824232 -1.592474 1.353934
Car -1 -1 -1.591409 970.223022 341.820648 1056.022949 422.598816 1.148831 1.675877 4.222497 0.435679 -3.664680 62.825863 -1.584474 1.497234
Car -1 -1 -1.533714 845.890076 237.558456 905.709229 296.458282 1.506155 1.768148 4.249355 -3.868778 -9.131627 92.437855 -1.575543 1.027771
Car -1 -1 -1.636702 1087.539795 325.037201 1176.059082 397.410736 1.150152 1.743181 4.249891 3.371431 -4.465713 67.521298 -1.586812 1.473757
Car -1 -1 -1.755803 1317.365479 277.686035 1408.343872 342.564270 1.274950 1.717259 4.250818 10.765395 -6.771283 80.369806 -1.622647 0.923487
Car -1 -1 1.666707 661.542480 302.375946 739.076050 381.217743 1.352812 1.440316 4.231858 -7.329631 -4.964644 69.403660 1.561489 1.132708
Car -1 -1 1.769522 365.104431 266.720062 449.171814 330.614563 1.314044 1.519092 4.244441 -17.511855 -7.308049 82.797470 1.561091 1.345537
Car -1 -1 -1.626067 1061.110962 283.768311 1133.315308 348.933868 1.231275 1.751417 4.246073 2.920710 -6.361321 77.487345 -1.588392 1.236856
Car -1 -1 1.688419 595.025208 240.706085 669.778015 309.789612 1.614651 1.747374 4.260816 -11.372654 -8.316794 87.644467 1.559381 1.022859
Car -1 -1 -1.574489 945.575745 299.586945 1018.930115 377.081482 1.421784 1.736506 4.266034 -0.260200 -5.156683 70.883641 -1.578160 1.256648
Car -1 -1 1.732854 453.825867 266.741852 538.983459 339.097900 1.506919 1.631929 4.247406 -14.245614 -6.779063 79.540683 1.555635 1.216901
Car -1 -1 -1.553633 872.000549 175.519608 909.916809 212.544983 1.450419 1.720318 4.232706 -4.984961 -17.147367 135.551032 -1.590392 0.492523
Car -1 -1 -1.621516 1045.526855 235.210327 1104.638306 286.084412 1.314399 1.738049 4.249972 2.838160 -9.843468 96.156019 -1.592009 0.969183
Car -1 -1 1.711919 505.756195 241.428329 581.112915 305.156769 1.514352 1.645599 4.252529 -14.417652 -8.570176 88.907326 1.551154 0.904039
Car -1 -1 -1.548545 865.939392 213.166473 915.365112 257.379272 1.300671 1.752946 4.251752 -4.046014 -12.277630 109.578083 -1.585452 0.938092
Car -1 -1 -1.613272 1032.956665 211.742188 1088.603271 264.041382 1.556821 1.915493 4.259401 2.614784 -11.734951 106.891162 -1.588814 0.534077
Car -1 -1 -1.569447 951.734009 200.677765 996.235596 241.570145 1.267215 1.641418 4.237052 -0.802646 -13.679013 116.578485 -1.576332 0.473708
Car -1 -1 1.645865 715.861450 213.478836 775.468384 268.972382 1.590340 1.788153 4.262486 -8.992215 -10.952188 101.161186 1.557208 0.529068
Car -1 -1 -1.683658 1217.704590 209.173004 1272.968262 252.908844 1.320320 1.671540 4.242347 10.358771 -12.822520 113.183002 -1.592389 0.575039
Car -1 -1 -1.577650 1019.652405 180.214279 1062.842041 217.849579 1.403631 1.778393 4.267782 2.353073 -16.418402 131.498943 -1.559758 0.405484
Car -1 -1 -1.558763 949.927307 256.953705 1014.009888 324.644012 1.309599 1.757028 4.305482 -0.271307 -7.691146 83.769046 -1.562002 0.713173
Car -1 -1 1.629468 775.582764 185.810608 819.038574 231.108871 1.582230 1.588012 4.237785 -8.550693 -14.710933 121.832434 1.559399 0.439711
Car -1 -1 -1.561467 886.774780 156.077011 920.983459 186.784805 1.387432 1.763540 4.237175 -5.081746 -21.400600 157.843149 -1.593650 0.354335
Car -1 -1 1.722722 551.268372 229.968948 612.718750 282.000549 1.370020 1.487229 4.258874 -14.435582 -10.081679 97.239548 1.575344 0.622752
Car -1 -1 -1.553001 954.294495 241.815765 1016.630920 301.305817 1.323749 1.747714 4.291959 -0.250496 -8.827379 90.226943 -1.555777 0.656213
Car -1 -1 -1.583822 945.271362 180.745468 986.169983 220.905853 1.378049 1.781200 4.273537 -1.206253 -16.213349 129.721754 -1.593120 0.362446
Car -1 -1 -1.585766 1004.750366 170.367065 1044.130615 207.588455 1.524583 1.767974 4.263412 1.645740 -17.934876 139.759760 -1.573991 0.247937
Car -1 -1 -1.565994 947.740417 233.852234 1003.106628 281.199768 1.312942 1.797444 4.264666 -0.508047 -9.731589 94.714412 -1.571358 0.453109
Car -1 -1 1.651161 747.007568 198.876129 797.242310 242.941544 1.388022 1.658035 4.242901 -9.089766 -13.302144 114.110921 1.571671 0.394014
Car -1 -1 -1.602390 1089.308105 133.886749 1121.834717 162.254028 1.672239 1.978505 4.260305 7.796169 -27.221553 189.774221 -1.561332 0.141193
Car -1 -1 -1.561734 940.867676 153.701645 974.592651 183.024780 1.547986 1.913862 4.236091 -2.080866 -22.185951 162.538390 -1.574536 0.107133
Car -1 -1 1.707952 525.010376 291.272583 615.950623 354.391815 1.277550 1.707623 4.263925 -11.789717 -6.183951 77.279818 1.556560 0.754254
Car -1 -1 1.658967 710.162292 241.835526 770.947388 297.621094 1.325478 1.527599 4.232347 -8.425850 -9.196580 92.887414 1.568504 0.444067
Car -1 -1 -1.576579 934.247131 169.362137 970.563049 208.448181 1.622483 1.770833 4.358187 -1.946482 -17.344997 135.926531 -1.590898 0.136570
