Car -1 -1 -1.783519 1384.122070 807.606628 1681.765381 1053.236816 0.721112 1.579666 4.215638 4.652327 3.240036 24.443357 -1.595438 3.344761
Car -1 -1 -0.339108 557.817322 381.074829 811.862732 490.858459 1.412114 1.829119 4.200191 -5.820554 -1.873959 52.505498 -0.449513 3.666160
Car -1 -1 0.150622 0.000000 403.151062 221.554703 528.407166 1.572181 1.842330 4.002244 -15.926051 -1.094039 48.582989 -0.166151 1.205919
Car -1 -1 -1.660802 1056.014771 768.279602 1288.532104 1001.083618 0.726066 1.648567 4.258059 1.558489 2.977303 25.548798 -1.599877 3.431694
Car -1 -1 1.725702 398.435059 293.937805 497.572083 377.067963 1.496093 1.680632 4.248825 -13.895733 -5.171154 70.782118 1.531851 1.030619
Car -1 -1 -1.527181 679.743896 883.191040 934.762024 1079.520142 0.914897 1.755314 4.245478 -1.428568 3.932445 22.496305 -1.590598 5.376461
Car -1 -1 1.694137 531.442688 287.406982 622.987488 372.240570 1.608191 1.789319 4.243702 -10.720527 -5.311288 71.540568 1.545391 0.925966
Car -1 -1 0.303271 0.007990 464.289307 154.318756 577.245056 1.390621 1.853506 4.015966 -15.370565 -0.125697 42.708343 -0.042193 0.759655
Car -1 -1 1.789276 257.958282 308.581390 370.052429 379.810730 1.198364 1.609763 4.246020 -17.368285 -5.113931 70.928795 1.549132 0.995468
Car -1 -1 1.730935 464.356689 272.796570 547.176453 337.328186 1.341051 1.603813 4.244710 -14.140930 -6.896545 80.496816 1.557039 1.107125
Car -1 -1 -1.591093 1080.183105 131.977448 1108.399536 157.029953 1.517005 1.812409 4.241166 7.470697 -29.424306 202.687548 -1.554251 0.241927
Car -1 -1 -1.572147 984.945190 129.261475 1012.038635 154.523972 1.513401 1.820860 4.239957 0.455769 -30.102386 205.952959 -1.569934 0.286654
Car -1 -1 1.658232 772.883301 193.151077 816.067810 231.777588 1.276830 1.490948 4.242359 -8.428507 -14.113942 117.493967 1.586619 0.318865
Car -1 -1 1.658920 701.609863 137.534225 733.157715 162.957031 1.438841 1.754633 4.247316 -19.308396 -27.899764 194.311093 1.559876 0.179713
