Car -1 -1 -1.702137 1164.363281 450.554077 1299.659424 561.772522 1.056770 1.542419 4.254611 3.937514 -0.644208 46.156203 -1.617034 2.330716
Car -1 -1 -1.614652 985.022644 416.612885 1112.839966 573.940308 1.601466 1.814994 4.683903 0.854484 -0.543813 45.427145 -1.595845 1.332900
Car -1 -1 -1.516711 734.032166 681.575073 929.117554 891.547485 0.916375 1.753422 4.249908 -1.608752 2.468621 28.979726 -1.572167 3.128834
Car -1 -1 -1.534248 774.221130 466.040802 902.765625 589.665161 1.073729 1.762061 4.260986 -2.400704 -0.262447 43.824283 -1.588973 2.074892
Car -1 -1 -1.770971 1358.016235 716.609680 1659.561890 1030.679443 1.295577 1.624696 4.850876 4.584413 3.106862 25.511822 -1.593171 2.392725
Car -1 -1 -1.544445 849.900085 348.938873 943.886230 444.295013 1.350817 1.779784 4.248842 -2.028987 -3.028052 59.058314 -1.578787 1.731543
Car -1 -1 -1.638831 988.815002 805.513733 1254.946167 1079.496704 1.311451 1.841836 4.423810 0.993080 3.787633 23.733804 -1.597013 1.723952
Car -1 -1 -1.614111 1049.591309 277.641083 1124.026611 341.526672 1.244819 1.814592 4.259659 2.674914 -6.697716 79.212150 -1.580355 1.052929
Car -1 -1 1.641188 639.183899 299.931854 726.477539 388.513550 1.554642 1.721035 4.245341 -7.620785 -4.739802 68.318526 1.530100 1.180352
Car -1 -1 -1.553022 862.135803 218.737442 914.928711 269.177368 1.404823 1.763019 4.263031 -3.847929 -11.072961 102.555543 -1.590525 0.866000
Car -1 -1 -1.591965 962.055176 306.834747 1041.732300 388.616638 1.463514 1.719900 4.232472 0.211004 -4.737569 68.854647 -1.588900 1.439823
Car -1 -1 -1.380911 188.971207 835.021545 533.449829 1079.496948 1.233204 1.842239 4.241180 -5.082764 3.858189 22.966991 -1.598707 3.774767
Car -1 -1 1.298086 681.983032 286.684998 783.077637 360.747711 1.342630 1.560174 4.227562 -7.020636 -5.796207 73.890000 1.203356 0.579702
Car -1 -1 -1.572207 940.153076 205.046555 988.191650 248.247116 1.328451 1.759299 4.257800 -1.167642 -13.105015 113.890378 -1.582459 0.761257
Car -1 -1 -1.597418 1013.446289 189.414917 1058.472656 227.534943 1.335439 1.821756 4.249775 1.972169 -15.372590 126.258875 -1.581799 0.633763
Car -1 -1 -1.582892 950.065796 241.644211 1003.727905 290.851257 1.218331 1.638724 4.232282 -0.535584 -9.571394 94.913303 -1.588535 0.961857
Car -1 -1 1.658873 693.614136 248.721680 764.999268 312.042084 1.368899 1.710734 4.253518 -8.077124 -8.030115 84.965873 1.564095 1.057623
Car -1 -1 -1.579094 992.566040 134.776428 1022.259216 162.662598 1.601483 1.864114 4.249049 1.033850 -27.315180 190.547840 -1.573669 0.282999
Car -1 -1 -1.568671 936.997375 176.959869 977.504700 214.395767 1.370049 1.775726 4.258431 -1.691661 -16.907702 133.882562 -1.581305 0.684382
Car -1 -1 -1.549250 865.384155 190.693146 909.212524 231.929047 1.297465 1.721877 4.239846 -4.634871 -14.832113 122.402371 -1.587098 0.517220
Car -1 -1 -1.592878 1005.220581 164.877609 1041.931885 196.998749 1.358948 1.853774 4.258625 1.673897 -19.831508 150.587857 -1.581763 0.556651
Car -1 -1 -1.646355 1169.975464 179.852325 1213.344604 216.138367 1.376304 1.759345 4.246771 9.751651 -16.972344 135.275726 -1.574392 0.467310
Car -1 -1 -1.570441 941.583618 154.162766 976.517700 184.196198 1.413105 1.802507 4.273172 -2.003978 -22.455592 164.511563 -1.582622 0.306824
Car -1 -1 -1.560085 936.829590 133.230316 967.636963 164.954956 1.550111 1.849140 4.221375 -2.751455 -26.852984 187.648824 -1.574746 0.215704
