Car -1 -1 -1.392382 587.261963 601.030396 781.237061 769.036255 0.674587 1.501107 4.227348 -3.380095 1.710685 26.665649 -1.518468 2.212923
Car -1 -1 -0.472500 373.291595 302.786987 571.707520 385.148926 1.373090 1.895818 4.230348 -12.793615 -4.571092 56.079335 -0.696796 2.901425
Car -1 -1 -1.510380 862.758911 646.580383 1053.005615 837.372681 0.624547 1.721654 4.263631 -0.022701 2.132961 24.291121 -1.511314 3.099402
Car -1 -1 -1.277687 312.207825 568.967957 564.486755 762.831909 0.939948 1.577289 4.374448 -6.340108 1.590153 26.483381 -1.512664 2.471176
Car -1 -1 -1.774006 1428.149048 695.658752 1674.583862 913.980591 0.632662 1.456791 4.261241 5.927947 2.607914 22.578271 -1.517249 3.560819
Car -1 -1 -1.639181 1160.763184 643.516113 1368.404297 866.878784 0.830531 1.758418 4.445875 3.123582 2.316915 23.844842 -1.508927 2.299148
Car -1 -1 -0.374597 66.010979 309.954865 284.720917 388.157013 1.238891 1.887586 4.465259 -19.784740 -4.329503 54.239884 -0.724363 3.076553
Car -1 -1 -0.651462 577.014099 258.373566 732.220642 328.913849 1.541004 1.876196 4.259585 -9.806905 -7.078972 68.097768 -0.794491 1.605608
Car -1 -1 -0.811755 692.668884 292.443787 851.697021 359.708832 1.168764 1.768208 4.204959 -5.556207 -5.666593 61.643983 -0.901646 1.771813
Car -1 -1 2.332970 0.223616 471.972351 228.245834 665.653137 1.416560 1.903867 4.653649 -13.162633 0.719041 30.905994 1.930343 2.214410
Car -1 -1 -1.160844 0.000000 792.981079 373.372986 1080.000000 0.897391 2.124376 4.318915 -7.024143 3.524898 18.915387 -1.516407 4.338923
Car -1 -1 3.106336 903.836304 325.255371 1137.826538 400.581696 1.399787 1.938210 5.278501 1.287456 -3.829003 53.194484 3.130534 2.928710
Car -1 -1 -1.469509 695.351562 875.883911 1007.323242 1079.454712 0.984461 1.828135 4.300214 -0.779975 4.131496 17.231717 -1.514742 2.419955
Car -1 -1 -1.135960 1002.096497 255.532104 1098.320435 314.062622 1.260267 1.519043 4.252443 2.743007 -8.020805 72.725902 -1.098260 0.582358
Car -1 -1 -1.321485 302.535614 809.009949 694.269409 1079.501831 0.945938 1.961725 4.494747 -3.789941 3.712922 18.475814 -1.523808 2.205294
Car -1 -1 2.327343 1.834808 563.243652 247.905716 812.303101 1.515259 1.954825 4.177881 -10.867187 2.067599 25.692381 1.927191 2.024386
Car -1 -1 -1.525061 1009.012451 197.909393 1060.619629 254.815872 1.855963 1.816494 4.285854 2.950438 -12.918715 95.992971 -1.494334 0.773989
Car -1 -1 -1.606119 1157.614990 202.251617 1197.989502 236.669067 1.267207 1.718354 4.235514 10.421391 -15.259072 107.670100 -1.509629 0.663516
Car -1 -1 -1.496853 949.019653 200.207932 992.466919 236.261368 1.226558 1.731717 4.253636 0.107799 -15.013351 106.050433 -1.495837 0.688984
