Car -1 -1 -1.723561 1164.358765 524.620605 1338.725220 667.762878 1.004133 1.683868 4.339191 3.576891 0.707429 38.816589 -1.631672 1.878535
Car -1 -1 -1.661352 1089.148315 366.959381 1192.750000 459.203094 1.209331 1.679053 4.245111 3.032030 -2.664041 57.238298 -1.608429 1.665250
Car -1 -1 1.793255 250.002975 299.513489 359.169434 385.619873 1.557378 1.565372 4.246092 -17.190180 -4.848395 69.280615 1.550043 1.229808
Car -1 -1 -1.642065 1019.539978 818.662231 1239.497925 1057.483765 0.713949 1.602996 4.251302 1.130480 3.347344 24.800076 -1.596513 2.636671
Car -1 -1 -1.544116 813.149414 390.848602 914.525330 499.367401 1.256061 1.689787 4.249533 -2.404842 -1.795661 52.327644 -1.590041 1.864056
Car -1 -1 1.766803 385.021515 291.866913 488.605743 380.771179 1.591169 1.608894 4.313479 -14.010094 -5.035325 70.018936 1.569321 0.822624
Car -1 -1 -2.076824 1408.360596 308.548767 1553.393555 379.445862 1.171004 1.539591 4.231025 12.363092 -5.081354 70.191101 -1.902478 0.839488
Car -1 -1 1.706448 507.423828 311.688324 604.831055 388.274139 1.273063 1.668118 4.249516 -10.717902 -4.728441 68.190659 1.550548 1.280690
Car -1 -1 1.653946 642.845581 310.154846 722.606689 385.382812 1.284986 1.545843 4.247547 -7.691757 -4.823626 68.904020 1.542776 1.099845
Car -1 -1 -1.547748 878.356934 304.027740 957.555725 377.037628 1.265796 1.830559 4.240717 -1.939194 -5.225637 71.518382 -1.574856 1.465451
Car -1 -1 1.713378 547.904541 227.789246 609.201965 277.607941 1.310489 1.529353 4.241549 -14.791842 -10.413479 98.939518 1.564973 0.787308
Car -1 -1 -1.572702 979.910339 310.513275 1058.224976 382.488281 1.192559 1.755751 4.244695 0.664113 -5.009445 70.261840 -1.563251 1.344967
Car -1 -1 -1.564383 929.866760 252.723831 988.461365 307.386688 1.242356 1.775119 4.231848 -1.064571 -8.471734 88.803879 -1.576370 0.915033
Car -1 -1 -1.567487 945.806702 202.544098 993.524475 248.921570 1.498187 1.775049 4.252276 -0.966514 -13.107529 114.321225 -1.575941 0.622347
Car -1 -1 -1.609497 1040.134888 210.784988 1092.182617 253.822021 1.289216 1.837361 4.246593 2.980964 -12.657725 111.877483 -1.582859 0.756895
Car -1 -1 1.673613 698.365723 187.516510 746.431152 227.197098 1.344772 1.601351 4.254928 -12.361615 -15.444966 126.566880 1.576253 0.531559
Car -1 -1 -1.567929 939.658264 180.841263 979.657104 217.256317 1.302335 1.778620 4.255382 -1.563968 -17.070072 135.721136 -1.579452 0.648238
Car -1 -1 1.645929 709.085144 243.638031 770.466980 300.297668 1.349511 1.591707 4.248117 -8.361500 -9.017572 91.867774 1.555163 0.825460
Car -1 -1 1.651534 686.733337 256.931396 750.504578 319.297638 1.347542 1.508415 4.250588 -8.482248 -7.843179 85.408532 1.552545 0.912150
Car -1 -1 -1.537993 1021.940063 194.328537 1065.848511 232.763123 1.239847 1.605149 4.260294 2.266545 -14.715692 122.522878 -1.519497 0.579662
Car -1 -1 -1.442751 1068.864990 172.160919 1111.982544 206.648605 1.375450 1.691705 4.247245 5.074902 -18.365679 142.542358 -1.407163 0.349592
Car -1 -1 -1.554919 870.086853 168.304031 906.662842 200.945206 1.362779 1.737039 4.226982 -5.486176 -19.068554 145.934037 -1.592495 0.639012
Car -1 -1 1.642168 731.707642 216.828384 791.485718 275.584625 1.517087 1.712475 4.253905 -8.386849 -10.711275 100.618739 1.559008 0.723120
Car -1 -1 1.707006 552.055725 281.299042 634.619141 347.137054 1.268147 1.591447 4.246784 -11.248605 -6.442582 78.048175 1.563868 1.177854
Car -1 -1 -1.658973 1163.435913 175.983932 1209.615845 214.189285 1.413288 1.795617 4.240602 9.546575 -17.274833 136.512666 -1.589155 0.447596
Car -1 -1 -1.580590 999.421875 184.104355 1039.420532 220.263351 1.303501 1.666497 4.245536 1.299645 -16.418718 132.078909 -1.570750 0.439414
Car -1 -1 1.625774 733.024414 136.738052 766.772522 166.848312 1.624421 1.813365 4.241750 -16.642439 -27.070913 190.035001 1.538421 0.320058
Car -1 -1 -1.567610 930.019714 162.816528 968.439087 200.061478 1.581854 1.904845 4.254738 -2.276948 -19.093296 145.802115 -1.583226 0.341739
Car -1 -1 1.667284 692.201660 163.661850 732.014526 198.037262 1.507112 1.678144 4.243296 -15.106871 -19.584661 148.937106 1.566198 0.333985
Car -1 -1 -1.568636 1003.944031 160.632614 1041.170288 193.760315 1.484838 1.917342 4.255410 1.727003 -20.960083 157.266375 -1.557655 0.133834
Car -1 -1 1.672086 742.104492 196.563248 794.668396 238.757278 1.259670 1.676062 4.248765 -9.322048 -13.647228 115.389208 1.591473 0.235836
