Car -1 -1 -1.598462 993.455505 540.140381 1148.441284 678.812622 0.969933 1.860620 4.259392 1.050610 0.862416 38.855405 -1.571430 2.581037
Car -1 -1 -1.948487 1361.364014 290.266663 1475.729614 353.596588 1.174091 1.481772 4.240571 11.851918 -6.205933 76.955345 -1.795677 0.475087
Car -1 -1 -1.595066 932.931885 309.452789 1015.628540 382.957703 1.236121 1.870029 4.264724 -0.486570 -4.977538 70.022968 -1.602014 1.528178
Car -1 -1 1.647873 641.555603 285.036530 724.671570 365.874512 1.522236 1.671310 4.241551 -8.118229 -5.588095 72.874861 1.536931 1.045087
Car -1 -1 -1.563987 920.563293 208.075760 973.937195 268.201935 1.714932 1.697353 4.526753 -1.688255 -11.328726 104.163192 -1.580193 0.441131
Car -1 -1 1.816438 274.597412 229.207306 355.226074 280.394287 1.302240 1.525585 4.254108 -24.245968 -10.367154 99.055719 1.576386 1.004078
Car -1 -1 -1.566887 952.421143 238.628815 1010.302490 292.834412 1.342162 1.837860 4.254213 -0.375672 -9.486426 94.608208 -1.570858 1.190646
Car -1 -1 1.681280 646.498779 182.491806 693.873962 220.110626 1.339863 1.660240 4.252738 -15.181089 -16.189928 130.233940 1.565236 0.532604
Car -1 -1 -1.551415 897.626099 138.937363 929.551514 169.138123 1.609201 1.840891 4.246235 -5.200936 -25.775398 182.373938 -1.579926 0.338327
Car -1 -1 1.651773 677.580750 264.737610 749.763855 335.100403 1.449785 1.628737 4.242059 -8.161389 -7.022142 80.963480 1.551309 0.935653
Car -1 -1 -1.564443 935.874878 167.681000 975.664978 206.882675 1.586289 1.843825 4.246153 -1.880799 -18.390222 142.770728 -1.577616 0.441853
Car -1 -1 1.766627 361.622101 193.029190 422.658325 240.030914 1.514741 1.572963 4.239877 -26.156191 -14.208770 120.487913 1.552858 0.497841
Car -1 -1 -1.693547 1171.616943 182.876190 1222.608398 221.442032 1.436677 1.807337 4.244153 9.677314 -16.112771 130.547512 -1.619554 0.305147
Car -1 -1 -1.619813 1150.129395 162.876160 1194.632812 200.941467 1.715997 2.083941 4.259720 9.666040 -19.381535 148.643120 -1.554876 0.236713
Car -1 -1 1.628887 782.228027 148.520325 817.320068 180.089020 1.521462 1.756960 4.257375 -11.621853 -22.974203 166.969353 1.559395 0.251204
