Car -1 -1 -1.416276 317.569305 748.061707 572.882324 976.225037 0.759689 1.544234 4.224691 -5.013460 2.831690 25.907379 -1.607428 2.912026
Car -1 -1 -1.618317 978.062195 441.439972 1094.988892 553.022522 1.114612 1.689125 4.250950 0.701045 -0.783475 47.180545 -1.603459 2.116372
Car -1 -1 -1.586094 948.721191 293.290283 1021.933655 362.031921 1.338514 1.794290 4.252138 -0.215592 -5.719493 74.049424 -1.589006 1.402080
Car -1 -1 -1.605137 1041.529297 230.300049 1100.489258 287.267303 1.487472 1.807362 4.247282 2.747181 -9.909562 97.080576 -1.576847 1.002220
Car -1 -1 1.584498 662.169373 299.322998 745.548889 373.019806 1.308482 1.802539 4.265285 -7.487950 -5.325235 71.723797 1.480475 1.088862
Car -1 -1 -1.571202 935.719299 239.235733 991.427551 291.644135 1.282741 1.674778 4.258960 -1.016224 -9.621977 95.493625 -1.581844 1.104685
Car -1 -1 -1.532727 848.243652 232.443298 903.941772 282.017761 1.318527 1.754761 4.245185 -4.134840 -10.251202 98.853451 -1.574530 1.087999
Car -1 -1 -1.588930 1023.935303 193.464386 1074.531494 250.322144 1.835016 1.896911 4.307454 2.322794 -12.890661 112.822024 -1.568345 0.628183
Car -1 -1 1.647555 675.582764 261.951141 754.458252 335.444519 1.556773 1.877538 4.245966 -8.033984 -6.957770 80.460403 1.548035 1.291003
Car -1 -1 -1.562851 941.317078 214.199219 987.595886 257.307831 1.193900 1.662329 4.234594 -1.139177 -12.263077 108.960991 -1.573305 0.693763
Car -1 -1 2.998574 1270.725220 335.908661 1387.753540 426.527405 1.681099 1.307078 2.195103 7.392309 -3.217938 60.588753 3.119982 0.843161
Car -1 -1 -1.666556 1240.831421 213.079041 1297.155640 269.011536 1.746813 1.636775 4.558658 10.267126 -11.157351 103.853798 -1.568014 0.493038
Car -1 -1 -1.539424 861.585754 187.199417 908.871094 243.991547 1.918751 1.722274 4.713434 -4.552243 -13.826143 118.562730 -1.577801 0.233867
Car -1 -1 -1.563390 945.103394 142.818375 974.537964 168.775314 1.390190 1.801123 4.251721 -2.164167 -26.038540 184.235136 -1.575136 0.380409
Car -1 -1 -1.393617 1084.388428 164.206375 1130.390503 198.280136 1.378375 1.645246 4.236598 6.232810 -19.681878 149.605725 -1.351979 0.181253
Car -1 -1 -1.550144 881.267395 165.843002 917.495361 198.388321 1.393879 1.702179 4.240956 -5.087793 -19.974590 151.971987 -1.583610 0.449211
Car -1 -1 1.610813 790.802795 167.857803 831.228699 206.784561 1.616907 1.726847 4.243877 -9.022488 -17.716805 137.846518 1.545453 0.389420
Car -1 -1 -1.594815 991.038879 156.505737 1028.067383 190.789612 1.609388 1.928006 4.260460 0.945293 -20.943136 156.594419 -1.588778 0.353792
Car -1 -1 1.656852 715.571777 252.657288 776.088928 311.467468 1.298662 1.530167 4.252543 -7.845643 -8.332249 88.141842 1.568074 0.959279
Car -1 -1 1.626121 755.673462 195.867538 808.298889 247.540894 1.689940 1.803228 4.300049 -8.588948 -13.042546 113.039093 1.550284 0.393324
Car -1 -1 -1.610568 1089.787354 136.571976 1123.954712 162.239716 1.556990 1.998731 4.238158 7.978007 -27.578314 192.689308 -1.569188 0.085136
Car -1 -1 1.624395 816.242065 129.556610 844.128357 154.576080 1.556086 1.764602 4.240772 -12.193105 -30.275550 207.268789 1.565636 0.190660
