Car -1 -1 -1.529416 766.511536 456.035645 895.168762 591.563782 1.279551 1.822564 4.251648 -2.554462 -0.219222 44.433567 -1.586842 2.114685
Car -1 -1 -1.616606 975.906555 439.000702 1098.975220 554.299194 1.114380 1.784719 4.261393 0.724475 -0.800233 47.303615 -1.601292 2.067104
Car -1 -1 -1.553201 868.808411 281.543701 941.281494 347.274658 1.245882 1.794368 4.249653 -2.441457 -6.415738 77.494274 -1.584695 1.305215
Car -1 -1 1.651566 645.017456 301.505127 726.031128 382.055328 1.405937 1.595902 4.258546 -7.676297 -4.958564 69.505320 1.541570 1.124220
Car -1 -1 -1.598786 1035.269409 226.311554 1090.268921 274.889465 1.308506 1.793875 4.250842 2.578670 -10.809382 101.741584 -1.573446 0.934448
Car -1 -1 1.834525 168.400757 258.008392 261.883820 316.690216 1.300792 1.649656 4.284574 -24.692047 -8.148504 87.828835 1.560461 1.003771
Car -1 -1 1.396003 667.187805 282.137756 749.863281 354.061462 1.348623 1.583402 4.232029 -7.947773 -6.207237 76.892775 1.293007 0.668127
Car -1 -1 -1.635943 1159.841919 171.304169 1202.675415 206.415359 1.552763 1.896269 4.257348 9.665918 -18.319710 142.412985 -1.568174 0.366625
Car -1 -1 -1.592391 996.652649 151.646347 1027.862183 180.220535 1.451932 1.766986 4.262841 1.254361 -23.722701 172.633329 -1.585125 0.294949
Car -1 -1 -1.565756 991.117126 138.021973 1019.022034 161.196945 1.366238 1.731669 4.234690 0.895649 -27.823661 193.167738 -1.561120 0.223096
Car -1 -1 -1.616785 1093.236572 142.608780 1127.385620 170.969284 1.473114 1.921274 4.252182 7.473797 -24.814426 176.593946 -1.574489 0.147124
Car -1 -1 1.654267 705.221741 222.297379 776.613464 295.108826 1.876207 1.895935 4.480186 -8.511568 -9.385645 93.805184 1.563778 0.441074
Car -1 -1 1.657238 721.932556 149.927826 757.742920 179.593231 1.399829 1.766799 4.262596 -15.475839 -23.366316 169.525692 1.566201 0.293678
