Car -1 -1 2.776816 441.440491 391.120453 733.137512 505.680725 1.299525 1.836036 4.218462 -7.379477 -1.161061 47.417783 2.622428 4.261965
Car -1 -1 -1.290257 0.546656 680.768311 205.286835 964.110474 1.206422 1.997264 4.255733 -9.075605 2.761393 25.505090 -1.632121 3.186833
Car -1 -1 2.736742 1431.852539 377.302002 1668.893311 464.017090 1.283034 1.855994 3.958958 10.690428 -1.991896 55.957151 2.925514 3.474368
Car -1 -1 -1.393566 210.370377 738.287842 495.692566 969.229736 0.641647 1.597940 4.250300 -5.799037 2.698894 24.739999 -1.623808 3.220976
Car -1 -1 -1.698129 1088.570068 842.213745 1396.558228 1078.966553 0.995787 1.741593 4.258110 1.672337 3.754259 22.366486 -1.623499 3.724224
Car -1 -1 -1.558493 683.162109 862.631897 964.642273 1078.516113 0.887141 1.841812 4.306124 -1.492571 3.744458 21.431404 -1.628025 3.612747
Car -1 -1 1.776931 224.664764 212.901093 307.042664 270.112671 1.285113 1.556379 4.263172 -24.984822 -9.313015 92.446152 1.512974 0.867327
Car -1 -1 -1.604549 905.947388 202.063156 956.425232 247.538376 1.246370 1.711125 4.247497 -3.424380 -11.728356 109.080928 -1.635932 0.813499
Car -1 -1 1.794838 193.533752 191.066666 266.101166 243.055786 1.369646 1.564306 4.257967 -29.446452 -11.296102 103.423536 1.517460 0.756280
Car -1 -1 -1.535134 750.301453 173.632492 795.071045 212.203644 1.232621 1.714776 4.251047 -11.071144 -14.905071 125.140980 -1.623374 0.589254
Car -1 -1 1.753341 278.183746 199.898895 349.867279 251.813843 1.320768 1.448453 4.280401 -24.991058 -10.506347 98.920092 1.505880 0.668717
Car -1 -1 1.813456 175.701813 163.939636 244.012360 217.324173 1.732509 1.389751 4.421838 -32.405207 -13.054710 111.332465 1.530215 0.374925
Car -1 -1 1.711495 386.292572 165.655228 445.971497 210.230667 1.415327 1.740501 4.259902 -26.014125 -14.377195 120.002869 1.498019 0.550350
Car -1 -1 1.751445 321.170563 189.529221 383.369781 236.473511 1.281967 1.472076 4.281980 -25.521343 -11.819553 106.473008 1.516186 0.761850
Car -1 -1 1.773540 308.766754 157.015656 367.614777 199.011490 1.445554 1.551826 4.278122 -30.942108 -15.610319 126.683301 1.533983 0.250383
Car -1 -1 -1.565989 884.677979 151.751389 923.041077 186.307281 1.450297 1.804179 4.240945 -6.255225 -19.350103 152.230051 -1.607057 0.174581
