Car -1 -1 0.060131 1542.015747 419.491882 1823.175171 529.976501 1.318616 1.865526 4.395172 12.169223 -1.085508 48.751035 0.304752 5.015039
Car -1 -1 -1.508964 655.438965 806.784302 897.065430 1061.563232 0.670716 1.718636 4.542462 -1.799175 3.215452 24.282338 -1.582923 2.307147
Car -1 -1 -1.759937 1336.243164 771.513306 1613.668701 1002.825256 0.751937 1.589066 4.234367 4.377559 3.027518 25.683031 -1.591114 2.431711
Car -1 -1 -1.630809 1011.042297 745.000671 1233.820679 968.407715 0.787496 1.770326 4.231692 1.162014 2.869079 26.635151 -1.587210 2.753604
Car -1 -1 -1.766157 1321.058838 262.825775 1428.802734 343.760773 1.693932 1.998827 4.665648 10.845370 -6.584665 78.619298 -1.629075 0.600851
Car -1 -1 -0.015111 830.386047 283.314789 999.170959 369.168884 1.745926 1.868505 3.794219 -2.027165 -5.307845 71.387024 -0.043500 1.443843
Car -1 -1 1.594217 653.075867 290.008759 731.299255 360.045868 1.264442 1.728328 4.262140 -8.069007 -5.846639 74.286027 1.486020 1.499062
Car -1 -1 -1.598244 1037.051270 240.563446 1091.046387 292.923004 1.272685 1.678329 4.250840 2.457931 -9.545556 95.160061 -1.572420 1.067280
Car -1 -1 1.636662 726.410278 223.240387 782.489380 278.497894 1.466703 1.673234 4.249312 -8.318075 -10.158509 96.776601 1.550922 0.888071
Car -1 -1 -1.396055 1048.432983 174.061966 1098.852661 209.473633 1.312319 1.762060 4.247669 4.139828 -18.050055 140.821450 -1.366666 0.395124
Car -1 -1 -1.578717 946.126587 139.429749 974.858887 165.235764 1.395926 1.772958 4.230344 -2.208504 -27.173225 190.138208 -1.590332 0.332789
Car -1 -1 1.644074 677.313110 250.714371 748.584106 314.596161 1.421808 1.737510 4.241719 -8.542524 -7.905424 84.753759 1.543621 1.009001
Car -1 -1 1.653821 759.285339 204.658249 806.203613 246.569183 1.303800 1.586608 4.245842 -8.286355 -12.611600 109.450552 1.578256 0.440486
