Car -1 -1 0.344440 157.624954 345.787567 389.533081 434.781799 1.384508 1.862896 4.026307 -15.009797 -3.040864 47.144268 0.036207 4.117775
Car -1 -1 -1.415154 531.101013 564.326599 755.236511 764.852234 0.974383 1.801829 4.318392 -3.743319 1.389898 25.782493 -1.559335 3.553248
Car -1 -1 2.732871 1810.547729 259.904022 1917.984985 327.938965 1.642622 1.876233 3.612476 27.901927 -7.147950 66.152415 3.132013 0.385032
Car -1 -1 -0.032568 895.146545 305.899872 1127.322632 405.264832 1.764799 2.029572 4.956390 0.937644 -4.002511 51.973447 -0.014529 2.826323
Car -1 -1 2.822364 1589.542358 274.787964 1751.173950 337.992310 1.406861 1.828569 3.813351 20.409032 -6.621905 63.732343 3.132276 2.264498
Car -1 -1 1.689329 679.849731 218.205475 736.043030 264.965668 1.302902 1.595978 4.270219 -10.604422 -12.001998 88.457191 1.570016 0.862929
Car -1 -1 1.736239 540.776550 214.545334 602.877808 258.620758 1.280972 1.723934 4.260107 -16.638251 -12.602647 91.323128 1.556025 0.844563
Car -1 -1 1.659190 703.920532 198.995911 753.158325 244.537659 1.505344 1.689308 4.260057 -10.971898 -14.265840 99.219570 1.549055 0.750756
Car -1 -1 1.632094 810.757812 131.196136 836.289429 154.809097 1.576296 1.808809 4.266668 -12.750646 -34.258758 189.163233 1.564790 0.222199
Car -1 -1 0.166040 1299.696533 156.611313 1375.401978 188.018845 1.595578 1.853183 4.175432 23.459193 -23.280635 139.594378 0.332537 0.132197
