Car -1 -1 0.148257 4.964455 396.307648 261.963654 515.623413 1.343078 1.818480 3.571641 -13.427480 -0.934770 45.042738 -0.141461 3.075373
Car -1 -1 -1.818410 1302.310059 720.960022 1626.706787 955.695862 0.563674 1.594662 4.630932 4.449845 2.572066 25.360127 -1.644712 2.498652
Car -1 -1 -1.652832 898.554626 673.636963 1152.587402 957.488892 0.892945 1.691270 4.666806 0.470631 2.456748 24.573053 -1.633682 2.256013
Car -1 -1 -0.260410 1509.951782 439.602600 1868.289062 561.968506 1.276947 1.898658 4.406552 11.090047 -0.232121 42.544898 -0.005418 4.468998
Car -1 -1 1.820023 2.956242 237.321304 133.266876 349.974213 1.962494 1.670565 4.269613 -20.753469 -4.876335 64.697947 1.509617 1.048057
Car -1 -1 1.773401 111.663231 228.425339 211.564728 309.009186 1.476265 1.422005 4.255086 -20.916684 -6.449532 72.757746 1.493466 1.164983
Car -1 -1 1.760386 177.485291 211.870102 266.829956 278.643463 1.346838 1.502870 4.257869 -21.481022 -7.934845 80.826446 1.500623 1.461921
Car -1 -1 1.749644 242.929214 199.883194 312.691925 255.660385 1.208378 1.263869 4.244220 -21.524309 -9.241012 87.570071 1.508627 0.916738
Car -1 -1 1.792839 89.427864 198.308655 177.172119 264.549225 1.358124 1.574865 4.266523 -25.677904 -8.938513 86.267629 1.503536 1.059263
Car -1 -1 1.776431 207.349777 161.205032 287.940582 216.122070 1.488237 1.753444 4.267578 -26.323674 -12.123904 102.417513 1.524854 0.577170
Car -1 -1 1.736875 285.404663 182.117157 352.648590 238.203629 1.333780 1.416738 4.246445 -21.563782 -10.425792 93.520396 1.510257 0.908917
Car -1 -1 -1.596849 839.374695 146.661499 885.092407 185.504150 1.268301 1.773654 4.275167 -4.392224 -15.672428 122.394323 -1.632720 0.501368
Car -1 -1 1.770159 130.215530 159.714432 199.349243 209.101959 1.324722 1.573855 4.241556 -31.010939 -13.076970 108.163706 1.490945 0.740116
Car -1 -1 1.718778 351.431091 154.402725 409.851807 199.613312 1.357766 1.568914 4.262778 -23.502750 -13.886981 112.372264 1.512599 0.441949
Car -1 -1 1.846933 71.584969 179.667023 147.314728 229.671402 1.235993 1.283492 4.255244 -30.542218 -11.344772 99.506345 1.549123 0.350897
