Car -1 -1 -2.100371 258.686523 400.877289 468.508881 525.937744 1.317962 1.301925 4.211651 -10.146685 -1.110988 38.483528 -2.358167 0.749448
Car -1 -1 -1.404230 340.150421 573.991150 576.863098 779.404175 1.091451 1.886284 4.216601 -5.715494 1.688357 26.574082 -1.616081 5.729169
Car -1 -1 -1.600556 449.861145 477.964447 586.197815 607.854126 0.849736 1.716317 4.249071 -6.526889 0.007158 33.681955 -1.791963 3.200754
Car -1 -1 -1.640478 1291.866211 476.409424 1435.580933 610.968994 0.994718 1.816661 4.251904 6.682614 0.063896 34.946389 -1.451534 2.452537
Car -1 -1 -1.588909 939.449951 257.426758 1005.361267 321.686981 1.262952 1.756060 4.249147 0.965000 -7.375325 66.866271 -1.574478 1.582166
Car -1 -1 1.626091 352.047058 267.214142 440.602570 393.623993 2.035885 1.400125 4.863836 -13.172925 -4.426074 53.000951 1.382486 0.469809
Car -1 -1 -1.285906 40.069790 808.408081 441.577637 1078.372925 1.012036 2.014639 4.238831 -6.049357 3.795386 19.587312 -1.585453 4.135090
Car -1 -1 -1.587736 933.932251 328.220306 1019.669617 406.814545 1.113502 1.784839 4.231809 0.865817 -4.043853 53.136672 -1.571443 1.978058
Car -1 -1 -1.592225 938.985596 212.742020 994.009583 263.898102 1.303403 1.838866 4.249053 0.964385 -11.092638 82.931986 -1.580597 0.968779
Car -1 -1 1.779374 397.237427 237.321793 493.312927 325.708099 1.902016 1.687226 4.382392 -14.758196 -7.125611 65.478588 1.557689 1.133605
Car -1 -1 1.779850 473.193542 229.566605 545.356567 284.863342 1.315230 1.379935 4.228863 -14.728191 -9.349232 74.879032 1.585636 1.299353
Car -1 -1 1.740741 522.414185 143.706970 567.973694 187.116364 1.920864 1.377317 4.661052 -22.307877 -20.430858 123.876317 1.562569 0.213999
Car -1 -1 -1.565060 892.101440 110.253448 916.460205 134.134979 1.669858 1.919293 4.268236 -3.092122 -35.059782 187.755041 -1.581528 0.263588
