Car -1 -1 2.863982 1559.862183 412.353241 1849.829956 520.992371 1.393027 1.850103 4.271316 12.577933 -1.180822 48.957676 3.115458 4.487991
Car -1 -1 -0.397493 233.364288 388.096588 486.653442 494.329010 1.313375 1.829544 3.996742 -12.038004 -1.842526 52.758735 -0.621824 4.041428
Car -1 -1 -1.761826 1357.698364 748.190430 1625.490356 1009.323730 0.962611 1.461913 4.478054 4.546160 3.048201 25.829639 -1.587605 1.585097
Car -1 -1 -1.622234 1014.046143 755.895691 1247.766235 1014.312927 0.936907 1.762179 4.237156 1.172471 3.042297 25.324129 -1.575968 3.132943
Car -1 -1 1.748299 392.218414 289.486725 498.404022 378.701416 1.646531 1.808036 4.331521 -13.990070 -5.137922 70.905581 1.553496 0.884746
Car -1 -1 -0.075152 968.711060 456.297180 1283.641357 569.949951 1.381911 1.859938 4.660583 2.120555 -0.306559 44.346885 -0.027371 3.686169
Car -1 -1 -1.402818 840.578064 329.000793 940.442200 406.019897 1.167304 1.608052 4.245833 -2.340679 -4.099567 64.550209 -1.439064 1.010677
Car -1 -1 -1.501236 675.506470 734.244995 909.671204 1008.184753 1.015055 1.703664 4.553312 -1.725028 2.966621 25.403754 -1.569036 1.617943
Car -1 -1 3.055889 1032.073486 425.132355 1287.946289 527.507385 1.283406 1.823733 4.150236 2.928236 -1.055494 47.937926 3.116897 1.248136
Car -1 -1 -1.841292 1322.628662 277.665588 1425.360474 340.063812 1.248927 1.638038 4.259695 11.004333 -6.798148 80.038729 -1.704661 0.833701
Car -1 -1 -2.407728 1568.136963 319.593689 1758.936768 404.101288 1.419261 1.784605 3.968893 15.883352 -4.169223 65.463235 -2.169698 1.466770
Car -1 -1 0.319337 0.669636 475.005524 121.887154 587.075073 1.282627 1.843947 3.068556 -16.055742 -0.055029 44.525701 -0.026746 0.551587
Car -1 -1 -1.575511 953.056702 151.153854 985.144043 179.782196 1.389303 1.776200 4.243970 -1.363780 -22.678181 164.792773 -1.583787 0.426678
Car -1 -1 1.634629 752.594360 199.005447 803.319763 249.444321 1.612460 1.751302 4.297487 -8.510784 -12.525842 109.619768 1.557146 0.367311
Car -1 -1 -1.616213 1092.733154 137.102448 1125.792236 166.417175 1.661050 1.971438 4.257669 7.723762 -26.081394 183.457660 -1.574137 0.120583
