Car -1 -1 2.748655 1631.770630 292.350098 1856.557861 396.052765 1.674689 1.907112 3.930722 17.624456 -4.032249 49.294249 3.092028 3.608636
Car -1 -1 -1.750655 1332.800537 687.903687 1607.342773 945.087158 0.798740 1.691373 4.258827 4.775058 2.500381 21.232046 -1.529437 3.466812
Car -1 -1 -1.364474 396.628174 654.454712 653.020691 868.644836 0.574919 1.544878 4.488113 -4.418873 2.016986 22.670678 -1.556976 2.523473
Car -1 -1 -0.340114 327.149139 307.800049 549.643555 405.200195 1.446352 1.872684 4.100816 -11.838098 -3.904672 49.342046 -0.575582 3.739030
Car -1 -1 -1.617729 1054.996094 722.733521 1279.129883 976.918884 0.565842 1.683207 4.336512 1.783689 2.608026 20.452465 -1.530737 2.706912
Car -1 -1 1.814552 455.632660 232.752396 553.718750 303.772797 1.422586 1.674152 4.321944 -13.976434 -8.051105 66.617073 1.607749 1.010850
Car -1 -1 1.866921 358.937958 242.214645 462.569122 301.420135 1.205896 1.646838 4.381767 -17.195481 -8.233342 68.030959 1.619347 0.920552
Car -1 -1 -1.633175 1094.253784 191.023849 1142.931030 237.822723 1.288579 1.665317 4.258318 6.359328 -13.186835 89.479433 -1.562224 0.850694
Car -1 -1 -1.578202 1032.490845 94.085350 1057.061890 118.143684 1.448546 1.750480 4.228734 6.814449 -36.096496 183.103415 -1.541003 0.228764
Car -1 -1 -1.598025 1079.136353 92.718719 1102.520020 115.140419 1.541065 1.857636 4.260101 11.239184 -38.087176 192.338453 -1.539657 0.207419
