Car -1 -1 -1.787235 1131.372437 272.536316 1232.886108 335.908966 1.190461 1.701882 4.283999 5.441737 -6.322828 79.428691 -1.718831 0.870009
Car -1 -1 -1.552373 864.231995 185.808853 909.626404 229.977951 1.506029 1.843606 4.273066 -4.634639 -14.050567 123.745342 -1.589808 0.628439
Car -1 -1 -1.629912 1045.236084 236.266434 1108.002563 288.977386 1.240690 1.665583 4.251087 2.855389 -8.802762 93.104919 -1.599253 0.933730
Car -1 -1 -1.586494 914.677979 258.444916 978.529724 318.731598 1.246756 1.651352 4.246784 -1.371623 -7.169652 83.976922 -1.602826 1.036010
Car -1 -1 -1.591970 1016.559326 188.021835 1059.922485 227.371490 1.365755 1.728877 4.267454 2.160743 -14.678929 128.147239 -1.575110 0.659157
Car -1 -1 1.730391 454.022125 227.147537 534.625427 293.191589 1.598562 1.751978 4.259590 -16.150282 -8.421168 90.305898 1.553422 0.594511
Car -1 -1 -1.572825 940.603394 190.662781 992.626465 244.222046 1.731883 1.961147 4.266033 -1.016690 -12.772286 116.932050 -1.581519 0.581334
Car -1 -1 -2.229842 1297.047607 187.081741 1378.179932 224.722198 1.338940 1.604793 4.251325 16.679371 -15.438089 133.843418 -2.105862 0.203449
Car -1 -1 -1.546067 887.080994 141.490677 919.024414 172.717957 1.718607 1.879260 4.272617 -5.691071 -23.847663 180.551150 -1.577577 0.204585
Car -1 -1 -1.577582 939.668457 160.364899 975.203247 192.188797 1.382043 1.834527 4.268750 -1.899492 -19.640769 155.941505 -1.589762 0.316880
Car -1 -1 1.688996 552.904114 199.586044 609.589417 244.414703 1.330052 1.534672 4.253010 -16.562920 -12.235353 112.351684 1.542630 0.485724
Car -1 -1 1.709392 527.277283 209.379227 585.670715 258.501892 1.344416 1.424980 4.251679 -16.242031 -10.831940 103.841333 1.554237 0.342153
Car -1 -1 1.674749 582.792725 138.943970 617.471802 166.970764 1.474679 1.808987 4.254959 -27.059257 -25.750933 191.874243 1.534647 0.152450
