Car -1 -1 -0.975224 689.589905 353.268005 858.181152 440.908661 1.175714 1.532751 4.101619 -4.696163 -3.162168 60.023144 -1.053304 1.127554
Car -1 -1 -0.107918 0.000000 408.219177 243.142731 516.280396 1.304311 1.840239 4.218612 -16.228890 -1.392429 51.004230 -0.415975 2.804611
Car -1 -1 -1.518337 661.878540 801.736450 881.650696 1035.412598 0.653759 1.599684 4.227961 -1.881710 3.142062 24.661770 -1.594490 3.800874
Car -1 -1 -0.409555 332.301636 376.342804 584.515503 486.937012 1.435712 1.857808 4.167390 -10.354141 -2.008584 53.830199 -0.599583 3.737507
Car -1 -1 -1.768328 1353.298828 810.785522 1641.262573 1056.621460 0.684414 1.550285 4.220379 4.328345 3.241734 24.386232 -1.592666 3.116427
Car -1 -1 -1.661770 1059.546753 844.174438 1310.109009 1078.953735 1.174665 1.547915 4.225365 1.505323 3.918292 23.078323 -1.596636 4.170301
Car -1 -1 1.788808 268.710999 289.831573 382.081696 380.749939 1.638948 1.659843 4.439759 -16.943540 -5.081006 70.461059 1.552821 0.802319
Car -1 -1 1.757803 407.788239 294.972107 503.088989 378.182068 1.537023 1.507319 4.252831 -13.654350 -5.097326 70.520966 1.566548 1.034794
Car -1 -1 1.695416 519.344849 293.048706 608.490234 378.259125 1.541479 1.592998 4.235210 -10.980574 -5.171766 71.055018 1.542092 1.134033
Car -1 -1 -1.583361 960.821411 253.076202 1022.573975 307.815491 1.264931 1.833773 4.241226 -0.050867 -8.512144 89.285912 -1.583931 1.160613
Car -1 -1 1.817525 224.939377 241.391251 304.229919 298.166382 1.366605 1.428945 4.249801 -24.765135 -9.309822 94.136003 1.560276 0.921992
Car -1 -1 1.770474 375.615936 260.566528 452.413666 323.255554 1.334728 1.263606 4.242399 -17.593834 -7.653726 84.276733 1.564667 0.806440
Car -1 -1 -1.565286 936.266541 205.151062 983.223022 251.279633 1.412888 1.759812 4.249736 -1.362517 -13.046464 114.243698 -1.577211 0.789953
Car -1 -1 1.711013 532.100952 218.964966 603.955994 285.809540 1.759070 1.549928 4.640483 -14.554532 -9.738968 94.848503 1.558751 0.499533
Car -1 -1 1.714432 498.428314 254.823807 569.557617 314.764679 1.269371 1.414247 4.243845 -14.279853 -8.059131 86.279934 1.550412 0.946244
Car -1 -1 -1.581394 984.040833 137.291595 1013.580200 161.961044 1.413515 1.824012 4.237147 0.462843 -28.026576 195.022976 -1.579021 0.340972
Car -1 -1 -1.570190 938.690918 140.561661 967.756409 166.820496 1.395754 1.667285 4.262964 -2.695042 -26.607298 187.129833 -1.584591 0.382282
Car -1 -1 1.694782 584.545471 244.250031 656.712036 308.982697 1.615482 1.625695 4.256498 -11.515306 -8.090222 85.827972 1.561411 0.883555
Car -1 -1 -1.559027 886.773987 144.896790 917.415161 172.473587 1.417529 1.765286 4.262153 -5.888749 -25.292431 180.385164 -1.591661 0.478842
Car -1 -1 1.783093 326.997986 277.019196 409.676849 349.422058 1.491270 1.279024 4.239830 -17.715112 -6.409615 78.531680 1.561228 1.033712
Car -1 -1 1.681723 586.370911 180.521820 637.664490 219.845261 1.404898 1.737106 4.256275 -17.974557 -16.275520 130.548663 1.544898 0.565591
Car -1 -1 1.711814 616.258484 195.929840 667.274719 234.963348 1.214967 1.461397 4.243036 -14.815872 -13.970466 117.221211 1.586088 0.501067
Car -1 -1 1.705779 555.190613 276.786682 633.524109 346.582672 1.374055 1.531510 4.250463 -11.292743 -6.522299 78.561789 1.563014 1.001741
Car -1 -1 1.731964 459.224609 279.581818 532.374084 342.322296 1.278818 1.340413 4.254782 -14.160901 -6.611589 79.009930 1.554618 0.898903
Car -1 -1 1.631770 776.003845 194.582794 820.728394 237.453781 1.385034 1.632439 4.236472 -8.323349 -14.070726 118.643870 1.561731 0.427742
Car -1 -1 1.709036 590.110718 209.317230 648.164490 251.571548 1.199235 1.537986 4.253754 -14.558146 -12.299427 107.957951 1.574995 0.437024
Car -1 -1 -1.654758 1129.526733 158.290543 1169.859985 192.313492 1.579365 1.905537 4.264657 8.955206 -20.974179 157.247734 -1.597870 0.136222
