Car -1 -1 -1.608830 963.920898 354.403168 1068.575317 455.911438 1.403333 1.923452 4.265872 0.447063 -2.683562 56.528729 -1.600921 1.578475
Car -1 -1 -1.383162 193.875488 845.189148 513.747131 1078.126709 1.055055 1.711807 4.239441 -5.245473 3.800187 23.318483 -1.604428 2.697373
Car -1 -1 1.654611 665.828674 288.293884 745.095642 359.346832 1.313201 1.627736 4.244125 -7.618354 -5.784333 73.607493 1.551478 1.447137
Car -1 -1 1.823491 210.867111 231.982254 301.503021 298.831146 1.687415 1.622285 4.266607 -24.871977 -9.210233 93.461682 1.563399 0.820693
Car -1 -1 -1.613875 1047.778076 251.521713 1116.393433 313.829071 1.400457 1.845974 4.250108 2.795592 -8.169148 87.258633 -1.581848 1.109266
Car -1 -1 -1.554509 900.312744 220.740967 953.401001 267.617371 1.292476 1.872638 4.242988 -2.430791 -11.253609 103.721350 -1.577940 0.853557
Car -1 -1 -1.565343 939.553711 171.043762 975.134644 202.939011 1.342075 1.702625 4.233365 -1.835014 -18.793703 144.815172 -1.578014 0.559750
Car -1 -1 1.693591 614.777954 190.618347 670.753784 239.031921 1.595317 1.785702 4.248805 -14.893027 -13.919120 117.787230 1.567818 0.615947
Car -1 -1 -1.585830 984.586121 138.195221 1013.468506 163.736435 1.404756 1.746576 4.247365 0.520866 -26.363015 184.597339 -1.583008 0.324677
Car -1 -1 -1.559315 903.582092 133.011200 930.912964 156.743301 1.400144 1.763218 4.225624 -5.474126 -28.966259 199.219955 -1.586786 0.295377
Car -1 -1 -1.603773 1006.023865 158.800430 1041.426636 190.030136 1.355779 1.854608 4.253007 1.786400 -21.258407 158.023219 -1.592469 0.347631
Car -1 -1 -1.572093 947.845215 154.068314 981.786804 183.681870 1.413651 1.810674 4.241072 -1.672758 -22.655820 166.221656 -1.582156 0.176154
