Car -1 -1 -0.790573 1617.763550 355.459106 1891.336548 506.709747 1.769530 1.865734 3.999577 14.041249 -1.040148 39.180599 -0.446459 2.616428
Car -1 -1 -1.483316 496.916687 570.135986 673.092773 783.296936 1.293690 1.742314 4.402411 -4.945258 2.181344 28.874872 -1.652935 2.094939
Car -1 -1 -1.693326 967.457764 437.500092 1101.538696 557.527161 0.983815 1.762657 4.289359 1.088756 -0.305205 38.302648 -1.664908 2.448564
Car -1 -1 -1.876825 1464.849121 702.805298 1860.679077 1048.338013 1.134084 1.824755 4.778423 6.205047 3.276587 20.299345 -1.580168 2.953815
Car -1 -1 -1.512414 630.628113 327.066803 732.656128 427.234833 1.459372 1.940232 4.273321 -6.710178 -2.989944 51.748977 -1.641362 1.573834
Car -1 -1 1.737447 382.525513 219.290100 440.056976 269.956146 1.417930 1.468955 4.238903 -22.342582 -10.537494 87.879782 1.488481 1.074143
Car -1 -1 2.694019 1788.469360 299.418671 1919.472778 383.483002 1.236684 1.853200 3.684940 20.817267 -3.654881 49.379452 3.092987 0.524567
Car -1 -1 1.799886 330.492523 207.163467 392.468536 255.666199 1.494793 1.343994 4.331094 -26.066863 -11.845903 94.237987 1.530026 0.652601
Car -1 -1 -1.517887 673.614319 267.131927 744.892883 330.205811 1.296749 1.966326 4.249503 -8.133322 -6.564296 68.860534 -1.635455 0.893918
Car -1 -1 -1.590010 833.759949 206.517029 886.996826 253.093903 1.365396 1.916650 4.244095 -4.529779 -11.627993 91.624627 -1.639408 0.837194
Car -1 -1 -1.555770 738.431396 167.708893 775.119385 202.214539 1.431825 1.764518 4.232019 -11.853781 -18.093500 122.431465 -1.652289 0.653772
Car -1 -1 1.780659 357.575409 176.183487 400.489807 206.576248 1.218733 1.305273 4.271507 -34.254071 -18.509182 127.237336 1.517680 0.347816
Car -1 -1 1.713013 438.167297 178.413147 481.016113 211.314163 1.248007 1.463823 4.250589 -27.275239 -16.877559 117.458500 1.484845 0.510982
Car -1 -1 1.733414 467.744843 152.682831 508.157562 184.177109 1.506704 1.678046 4.286410 -31.323734 -22.339390 143.400265 1.518356 0.217868
Car -1 -1 -1.567513 804.279175 268.344604 878.276611 327.444489 1.112730 1.855833 4.227761 -3.970037 -6.604145 67.811559 -1.625991 1.099269
