Car -1 -1 -2.658578 1366.028564 292.415588 1547.164917 362.026703 1.200889 1.842986 4.105473 11.769007 -5.279580 74.570654 -2.502046 2.063199
Car -1 -1 2.928789 1775.737793 325.043060 1921.226685 400.968506 1.385812 1.854702 4.195836 20.999346 -3.792880 67.669466 -3.053497 0.694219
Car -1 -1 -1.547949 788.332642 297.927521 868.731079 376.917999 1.117015 1.643236 4.276137 -4.473799 -4.371323 65.313178 -1.616340 1.607764
Car -1 -1 -1.618613 959.047546 206.379745 1019.365479 262.493408 1.468245 1.949016 4.247504 -1.046315 -10.463775 101.807421 -1.628890 0.735635
Car -1 -1 1.764631 304.302643 216.541656 390.336853 274.973511 1.299363 1.653167 4.276686 -21.372053 -8.764551 88.599038 1.527931 0.656860
Car -1 -1 -1.589791 908.124695 191.640442 957.335327 234.149902 1.226124 1.795199 4.253472 -3.549817 -12.850756 114.591010 -1.620759 0.703764
Car -1 -1 1.834896 134.947662 202.913055 219.909943 257.421509 1.397046 1.469083 4.243751 -28.787620 -9.918920 95.097914 1.540950 0.842085
Car -1 -1 1.728664 402.120850 157.510757 455.490662 198.622879 1.413172 1.679133 4.267168 -27.535423 -15.999291 129.572912 1.519270 0.479275
Car -1 -1 1.732552 355.907623 198.509384 427.394196 254.197937 1.340378 1.611995 4.249364 -21.843262 -10.245021 96.790827 1.510595 0.603780
Car -1 -1 -1.585587 885.821350 162.251633 929.673523 200.482986 1.373641 1.842442 4.235848 -5.355181 -16.527232 134.751250 -1.625307 0.226031
