Car -1 -1 -1.602289 880.498596 680.129639 1099.400635 895.025818 0.760218 1.795314 4.276721 0.055266 2.229058 26.359284 -1.600193 2.059495
Car -1 -1 -1.478506 529.426697 698.698059 755.609436 930.068298 0.775575 1.554477 4.251370 -2.981215 2.389512 25.395152 -1.595365 2.552897
Car -1 -1 -1.724808 1211.302124 687.856873 1474.837646 931.992554 0.902345 1.597217 4.224494 3.236633 2.393147 25.085270 -1.596492 2.760854
Car -1 -1 1.775246 256.645233 262.456238 357.882874 365.881744 1.808053 1.486992 4.253778 -16.352619 -5.091995 67.578995 1.537832 1.188214
Car -1 -1 1.762157 336.769104 249.228226 422.537201 312.607849 1.260865 1.481714 4.233249 -17.338189 -7.352993 80.107516 1.549009 0.911176
Car -1 -1 1.807940 199.023712 208.182388 289.167328 289.167847 1.921099 1.561619 4.606727 -23.528755 -8.857238 88.653026 1.548518 0.578742
Car -1 -1 1.733814 441.245270 213.895584 506.177551 264.015045 1.291021 1.445221 4.240604 -17.971870 -10.576877 98.480989 1.553310 0.721134
Car -1 -1 1.847832 133.602203 186.905640 211.952408 258.919403 2.124671 1.361532 4.957113 -30.734448 -11.553283 105.504805 1.564368 0.294303
Car -1 -1 1.793092 331.793976 164.622375 383.157135 206.535004 1.653656 1.480461 4.261472 -31.183568 -17.509685 138.738379 1.572001 0.366316
Car -1 -1 1.704714 543.959229 153.541336 592.248352 187.715286 1.415865 1.686328 4.268589 -22.512242 -19.997576 151.192616 1.556902 0.238143
