Car -1 -1 -1.667504 1165.822876 462.399445 1310.201294 586.885986 1.092484 1.724520 4.268502 3.883132 -0.295713 44.251120 -1.579976 2.088502
Car -1 -1 -1.548109 761.074463 429.876923 898.231445 572.185486 1.405891 1.921120 4.253933 -2.596531 -0.522603 44.542506 -1.606336 1.855767
Car -1 -1 -1.736365 1264.010620 667.467957 1496.278564 872.111633 0.924431 1.678034 4.268829 4.053506 2.341895 29.543408 -1.600011 3.413746
Car -1 -1 -1.602122 949.463928 399.788147 1051.266113 505.295532 1.244862 1.698406 4.233937 0.111294 -1.638472 51.697569 -1.599970 1.853067
Car -1 -1 1.663957 639.122070 297.484589 730.316284 374.955963 1.333875 1.830066 4.265862 -7.879643 -5.247601 71.002119 1.553432 1.139117
Car -1 -1 -1.432795 257.487305 821.687988 537.442993 1077.263794 0.771047 1.662093 4.257874 -4.995048 3.368658 23.772733 -1.639899 2.577034
Car -1 -1 1.765911 357.402771 256.476776 450.177155 329.699280 1.626609 1.743114 4.306273 -17.330904 -7.190108 81.562471 1.556539 1.081850
Car -1 -1 -1.635968 1092.870728 325.949768 1181.327515 410.116028 1.314570 1.689028 4.241083 3.418378 -4.143536 66.159622 -1.584346 1.626553
Car -1 -1 1.907298 65.878868 278.617157 181.641373 344.795410 1.329061 1.598250 4.268189 -24.684240 -6.551152 78.724504 1.603455 1.108007
Car -1 -1 1.747758 388.971832 312.344910 491.413818 386.797821 1.245953 1.554252 4.249806 -13.692474 -4.792340 68.745900 1.551156 1.255337
Car -1 -1 1.690752 531.176086 295.164459 615.577515 366.046143 1.306989 1.616144 4.231637 -10.991297 -5.549488 72.783581 1.540871 1.326693
Car -1 -1 -1.558595 924.805115 245.580597 990.220337 307.160889 1.464003 1.868928 4.239770 -1.133069 -8.573451 89.672986 -1.571230 1.262813
Car -1 -1 1.693293 560.111511 222.304932 625.003845 269.357330 1.303719 1.717101 4.254780 -14.865415 -11.094404 102.817435 1.549707 0.964097
Car -1 -1 -1.606010 1063.372559 261.705536 1139.244751 331.628601 1.476272 1.940012 4.249168 3.204370 -7.200009 82.035520 -1.566969 1.146301
Car -1 -1 -1.543214 830.048157 277.051422 899.291260 340.313416 1.322065 1.734325 4.237398 -3.662978 -6.733994 79.836973 -1.589062 1.212907
Car -1 -1 -1.606042 1032.332397 211.121674 1087.009155 264.257721 1.567581 1.956558 4.251308 2.599400 -11.673484 106.532912 -1.581646 0.686687
Car -1 -1 -1.582905 1019.925415 179.350998 1062.649902 220.152451 1.533352 1.847416 4.256177 2.323713 -16.268010 131.108095 -1.565183 0.561565
Car -1 -1 -1.564929 960.686218 201.890167 1008.237549 244.139908 1.309048 1.813826 4.248412 -0.322298 -13.644760 117.272206 -1.567678 0.867422
Car -1 -1 1.646016 663.812256 258.331543 742.561035 332.843170 1.564028 1.856230 4.250453 -8.287874 -6.928028 79.376378 1.541981 1.327230
Car -1 -1 -1.562817 944.077026 166.708099 985.777893 213.680740 1.797886 1.788815 4.495721 -1.330795 -17.112915 135.062883 -1.572669 0.410692
Car -1 -1 1.656845 652.295410 206.381378 708.024780 262.425842 1.708166 1.639196 4.508687 -11.728079 -11.469441 104.369846 1.544944 0.332193
Car -1 -1 -1.662771 1243.670654 212.247772 1298.493286 260.803986 1.398326 1.667159 4.236484 10.702622 -11.827086 106.767892 -1.562863 0.678832
Car -1 -1 -1.555997 878.731506 154.455795 913.182678 187.688309 1.564200 1.823193 4.256795 -5.546899 -21.426923 158.736920 -1.590927 0.448861
Car -1 -1 -1.604473 1077.337891 134.460709 1105.497803 158.906876 1.426423 1.676767 4.249031 7.186055 -29.132116 201.001424 -1.568737 0.222165
Car -1 -1 -1.566154 960.271423 136.803040 988.682312 161.207794 1.382223 1.741181 4.213200 -1.339773 -28.079495 195.196604 -1.573018 0.220435
Car -1 -1 -1.591014 987.396240 141.207138 1018.617798 169.917923 1.525110 1.797515 4.276345 0.761084 -25.583272 181.670549 -1.586825 0.156036
Car -1 -1 1.618341 791.731812 138.723572 823.791626 165.776733 1.481061 1.757418 4.260911 -12.529458 -26.688548 187.341975 1.551560 0.253204
Car -1 -1 -1.558237 936.199280 154.474960 968.514282 184.568024 1.413404 1.724984 4.251598 -2.446430 -22.860561 167.680852 -1.572826 0.304080
Car -1 -1 -1.588970 999.117371 160.958664 1037.187012 196.585938 1.425729 1.810258 4.254891 1.431592 -20.226882 152.763833 -1.579599 0.283734
Car -1 -1 1.647673 754.738953 133.871048 785.759399 158.739166 1.443632 1.711006 4.234179 -16.074518 -28.935687 199.664333 1.567339 0.202020
Car -1 -1 1.659638 665.477112 144.087265 702.555176 175.307892 1.546816 1.725619 4.251232 -19.540700 -24.433338 175.257520 1.548599 0.164592
