Car -1 -1 0.561671 532.176086 361.149811 779.289185 464.576477 1.244918 1.872857 4.050568 -6.227943 -2.318621 53.438018 0.445650 3.512373
Car -1 -1 1.393798 269.186127 313.226624 378.952179 402.903961 1.239516 1.458668 4.232213 -14.579046 -3.885909 61.272801 1.160205 0.954793
Car -1 -1 -1.477100 529.139221 698.429871 755.337036 929.916626 0.776502 1.546641 4.251020 -2.978495 2.387049 25.368333 -1.593975 2.526274
Car -1 -1 -1.600893 880.186523 680.675903 1099.449951 895.141418 0.755524 1.792577 4.258229 0.057062 2.217948 26.196085 -1.598715 2.171697
Car -1 -1 -1.725310 1212.615723 687.171997 1475.509766 932.450562 0.900316 1.610033 4.220918 3.254523 2.398742 25.210990 -1.596929 2.697087
Car -1 -1 1.788854 238.285202 240.543823 333.409637 315.868988 1.598974 1.588931 4.269749 -20.202170 -7.321452 80.692881 1.543538 0.813825
Car -1 -1 0.033207 1080.449097 353.861053 1379.307251 494.624420 1.931543 1.917957 4.793132 4.476246 -1.530665 49.022697 0.124264 4.597087
Car -1 -1 3.031213 1638.747437 309.562408 1865.539673 397.920624 1.484869 1.877963 4.419670 17.469718 -3.922432 62.245970 -2.978355 2.440102
Car -1 -1 1.919665 0.000000 236.370239 67.851410 312.042084 1.703460 1.410853 4.309410 -29.646134 -7.808050 84.824509 1.583436 1.140214
Car -1 -1 1.717973 455.471863 183.561813 505.851013 223.826721 1.340976 1.398794 4.250424 -21.942261 -14.700292 121.933404 1.539925 0.559918
Car -1 -1 1.719000 462.572266 145.299377 503.552643 179.501724 1.607876 1.618225 4.272236 -29.142358 -21.954516 162.638248 1.541697 0.327078
