Car -1 -1 -1.744878 1300.389160 690.025269 1551.653809 902.578369 0.890224 1.724681 4.379604 4.509325 2.557375 29.337121 -1.592364 2.634900
Car -1 -1 -1.654139 1112.193848 324.499664 1216.491089 450.246857 1.816446 1.776879 4.869566 3.587039 -2.965511 58.603845 -1.593007 1.081379
Car -1 -1 -1.534571 739.490173 483.907501 872.157288 623.913147 1.179609 1.692381 4.227042 -2.757585 0.202444 41.502155 -1.600918 2.872752
Car -1 -1 -1.393921 321.400146 801.470459 590.574097 1045.019409 0.696893 1.489048 4.218712 -4.639201 3.165048 24.454269 -1.581402 2.501945
Car -1 -1 -1.730945 1200.725830 489.280457 1366.344971 615.335144 1.012071 1.632630 4.305493 4.333336 0.089185 41.897756 -1.627885 1.891552
Car -1 -1 -1.600636 955.510620 388.502228 1054.008789 482.753204 1.151411 1.677348 4.237986 0.209606 -2.102346 54.342149 -1.596779 1.973467
Car -1 -1 -1.458511 614.881836 766.145081 873.115479 1080.000000 1.635172 1.633257 4.716432 -1.979515 3.750688 23.668721 -1.541951 1.699216
Car -1 -1 1.653510 647.875366 290.061737 731.541321 377.254333 1.608914 1.625181 4.243476 -7.684203 -5.135464 70.386382 1.544769 1.182543
Car -1 -1 -1.572598 958.145813 297.365814 1035.378662 371.980591 1.354610 1.831378 4.255081 0.107543 -5.387380 72.287174 -1.571110 1.466946
Car -1 -1 -1.587159 1011.491638 204.603485 1061.500854 252.185059 1.458183 1.803370 4.243867 1.759536 -12.579431 110.752946 -1.571274 0.704952
Car -1 -1 -1.548564 826.950012 267.204224 900.947937 339.622894 1.505358 1.881858 4.241225 -3.684219 -6.791332 79.777679 -1.594713 1.046051
Car -1 -1 -1.572029 885.383179 240.856049 952.069519 305.392578 1.529463 1.910259 4.231388 -2.383511 -8.653228 89.774260 -1.598572 0.906756
Car -1 -1 -1.612215 1060.888306 246.626144 1119.362915 299.201599 1.234901 1.752254 4.255922 3.236711 -9.024412 91.945399 -1.577027 1.057240
Car -1 -1 -1.587224 1012.100708 180.770416 1055.822388 221.678589 1.434283 1.824790 4.237014 1.943597 -16.276150 131.017434 -1.572390 0.502889
Car -1 -1 -1.545550 874.492249 182.947662 915.830017 221.124756 1.375768 1.741196 4.254000 -4.517058 -15.898454 128.580365 -1.580666 0.603429
Car -1 -1 -1.562674 935.336182 225.196381 983.862122 271.744568 1.276803 1.607662 4.224770 -1.258716 -11.150978 104.027215 -1.574773 0.839740
Car -1 -1 1.774406 385.362610 196.546631 444.828217 236.830063 1.305380 1.513541 4.236723 -25.339937 -14.421166 121.116719 1.568162 0.708205
Car -1 -1 -1.583194 991.971497 138.278015 1020.462769 163.276932 1.358407 1.761408 4.251114 0.980048 -27.397687 191.295938 -1.578071 0.390477
Car -1 -1 -1.565638 938.067932 160.866089 972.850647 191.811295 1.393719 1.807195 4.264447 -2.062318 -20.737569 155.327234 -1.578914 0.511853
Car -1 -1 -1.599970 1088.247559 135.535217 1118.733643 161.825836 1.495857 1.846162 4.238956 7.526532 -27.116096 188.809189 -1.560128 0.214437
Car -1 -1 1.646615 735.817017 215.687653 793.474121 273.209503 1.569619 1.626194 4.245091 -8.179050 -10.545354 99.161831 1.564319 0.593820
Car -1 -1 -1.547364 873.160217 164.892578 909.200867 196.588913 1.316720 1.665510 4.254819 -5.539337 -20.314705 153.036355 -1.583545 0.430132
Car -1 -1 1.647146 700.000549 245.886002 767.991699 315.251740 1.644149 1.696806 4.244423 -7.946972 -7.879199 85.234788 1.554178 0.704898
