Car -1 -1 -1.505809 689.479675 711.728821 899.393677 928.937134 0.634603 1.686236 4.235415 -1.668140 2.505509 22.511296 -1.579777 3.543158
Car -1 -1 -1.672829 1093.075073 680.003784 1290.475220 879.551636 0.673439 1.589592 4.244191 2.380878 2.261334 23.990212 -1.573909 3.283125
Car -1 -1 -1.881934 1434.453735 785.968079 1746.618530 1035.572876 0.637769 1.437336 4.279268 5.733554 3.098261 20.784974 -1.612777 3.694124
Car -1 -1 -1.698185 1111.056030 904.396362 1443.222290 1079.737915 0.864367 1.782397 4.242095 2.280510 4.032481 17.319634 -1.567266 4.109388
Car -1 -1 1.184933 1813.998779 164.728790 1892.726440 211.259445 1.680447 1.788520 4.462598 42.107235 -16.745973 104.110726 1.569267 0.330732
Car -1 -1 1.984667 1740.213257 206.650299 1838.866943 257.217529 1.427582 1.750867 4.213021 32.118440 -12.143754 85.506716 2.343986 0.236860
Car -1 -1 2.784007 1723.342163 164.330078 1827.947510 202.917419 1.494195 1.858372 4.067298 40.085336 -17.848585 108.828646 3.136921 0.196470
Car -1 -1 -1.926146 1752.892944 171.902496 1828.016602 211.759308 1.325944 1.603962 4.204366 39.434247 -16.958643 105.102443 -1.567202 0.387404
Car -1 -1 1.184655 1874.557861 169.678680 1918.467773 210.413147 1.349617 1.444768 4.181974 45.694775 -17.135604 106.060421 1.591459 0.234727
Car -1 -1 -2.764769 36.314335 197.558807 126.024567 230.289749 1.314465 1.827855 3.445376 -48.220692 -18.205118 119.597666 3.135162 0.125839
Car -1 -1 -2.728757 0.418487 205.223267 62.620888 246.305939 1.489635 1.877492 3.806245 -48.831793 -16.427099 112.315357 -3.138877 0.103220
Car -1 -1 2.831459 1587.558594 147.267197 1670.575806 182.026657 1.562701 1.825262 4.097086 38.765209 -22.019200 127.722917 3.126133 0.168583
Car -1 -1 -0.834990 1592.372070 201.480621 1696.231445 244.934113 1.340862 1.719028 4.019579 28.033174 -13.220211 90.079915 -0.533287 0.171438
