Car -1 -1 -1.702835 1096.403442 674.064392 1314.516235 884.277100 0.641433 1.583194 4.269623 2.334026 2.224427 22.643609 -1.600122 4.281588
Car -1 -1 -1.782145 1457.163452 667.359009 1756.208862 974.388550 1.042675 1.604356 4.806009 6.087768 2.632616 21.462290 -1.505755 2.749336
Car -1 -1 3.033262 1125.545288 261.662964 1285.649536 336.389648 1.718941 1.877101 4.172364 6.911084 -6.732468 64.150462 3.140581 2.696116
Car -1 -1 -0.107072 1189.625854 331.334686 1410.828003 417.594391 1.374301 1.859391 4.323903 7.481939 -3.576248 49.664993 0.042452 3.805259
Car -1 -1 -1.525323 758.318848 712.619080 987.511658 949.792969 0.577469 1.816719 4.446786 -0.859374 2.502840 21.034946 -1.566155 2.162889
Car -1 -1 -2.855549 212.771957 239.713593 369.905640 313.363342 1.781340 1.886090 3.833400 -21.433367 -7.915906 68.821473 3.125722 1.885805
Car -1 -1 -3.115086 878.168945 263.000336 1031.898315 323.017365 1.392312 1.845109 4.293099 -0.468377 -7.397560 67.199930 -3.122056 2.374789
Car -1 -1 2.826093 1613.900513 280.980072 1817.244141 350.448212 1.488686 1.876330 4.596367 20.678752 -6.005456 60.771928 -3.129113 2.242750
Car -1 -1 1.702400 614.724243 213.206039 671.136169 258.067383 1.335263 1.641532 4.250837 -13.711586 -12.658618 91.607170 1.553825 0.888649
Car -1 -1 1.655752 738.349915 185.894379 780.305359 223.238251 1.416689 1.618441 4.279592 -10.615747 -16.740952 110.010927 1.559552 0.634854
Car -1 -1 2.778015 1612.950195 261.141541 1773.878784 322.762360 1.491982 1.839945 4.017943 22.442003 -7.430153 67.888268 3.097279 0.601639
Car -1 -1 0.178046 1298.346436 156.040024 1374.722778 187.569305 1.608201 1.868310 4.128590 23.623541 -23.472087 140.553985 0.344565 0.128853
