Car -1 -1 -1.583971 853.182556 594.342163 1034.956299 794.264038 0.691651 1.652671 4.248146 -0.146039 1.297764 23.303609 -1.590237 3.258085
Car -1 -1 -1.453347 559.799805 522.124878 751.050110 709.022705 0.902819 1.553986 4.240543 -3.430437 0.673190 25.659024 -1.586252 3.579274
Car -1 -1 -1.719348 1111.046753 606.522339 1351.783325 827.271912 0.687554 1.650312 4.344495 2.720695 1.471376 22.326930 -1.598089 2.583381
Car -1 -1 -1.401615 457.021545 707.021057 726.811035 977.855347 0.754252 1.570472 4.228859 -3.167307 2.396207 19.795667 -1.560270 4.983748
Car -1 -1 2.771279 1618.290527 182.050735 1800.444580 251.031158 1.756118 1.936296 4.613407 23.671374 -10.065716 68.525466 3.103884 1.857429
Car -1 -1 1.639913 723.542542 129.748505 770.990601 173.395462 1.494531 1.712171 4.260892 -9.545320 -18.140652 100.626869 1.545338 0.680422
Car -1 -1 1.725177 586.974670 133.670135 640.605530 173.961761 1.384278 1.703526 4.245849 -16.183288 -18.723831 103.831287 1.570559 0.760480
Car -1 -1 2.711997 1774.315918 186.206619 1919.680298 242.040741 1.467896 1.866697 4.163750 29.950458 -11.004564 72.809501 3.102252 0.905747
Car -1 -1 1.693520 648.016663 125.858650 700.207947 174.323090 1.662273 1.613484 4.352719 -12.841644 -17.965777 99.925821 1.565709 0.405138
Car -1 -1 2.796160 1564.457520 175.531723 1701.834473 222.835815 1.310605 1.837064 3.939764 24.509140 -12.598946 79.218385 3.096206 0.772693
Car -1 -1 -0.957366 1722.758057 389.753479 1919.026489 541.599915 1.490051 1.733571 4.046738 14.449747 -1.112214 34.379094 -0.559478 1.641881
Car -1 -1 -1.585945 793.944275 814.397705 1058.256470 1079.646973 0.984676 1.791478 4.235956 -0.259829 3.407851 17.448879 -1.600835 2.770015
Car -1 -1 -1.641953 1015.655945 75.960999 1041.185059 98.593712 1.546540 1.981867 4.249996 6.360613 -39.766539 188.384566 -1.608202 0.238243
Car -1 -1 1.704535 619.399841 118.177658 662.999817 156.256256 1.533623 1.621308 4.266926 -16.235688 -21.177385 113.065643 1.561915 0.563357
Car -1 -1 1.678090 681.571594 122.714455 723.247192 157.471848 1.261119 1.491278 4.250817 -13.299905 -21.456331 114.712584 1.562665 0.554591
Car -1 -1 2.552555 488.620758 102.274170 548.126343 130.760712 1.377887 1.760292 3.822183 -28.340316 -28.141207 142.174318 2.355799 0.135245
Car -1 -1 1.675781 744.728088 91.710991 777.651428 119.605202 1.375225 1.680423 4.255469 -13.311203 -30.388205 149.823895 1.587168 0.217927
