Car -1 -1 -1.702873 1112.424194 584.020752 1317.034912 781.085999 0.721178 1.539929 4.232612 2.760259 1.236030 23.981066 -1.588275 3.043601
Car -1 -1 2.067393 458.570740 308.694092 640.011475 413.432312 1.139770 1.253700 4.490667 -7.872961 -3.669437 42.859807 1.885727 1.396821
Car -1 -1 -1.595841 855.255310 584.976318 1042.352905 781.017151 0.738313 1.727717 4.246546 -0.105390 1.242970 23.790685 -1.600271 2.620054
Car -1 -1 1.859223 140.294296 497.207092 372.812286 685.924194 0.827089 1.263491 4.591707 -8.257813 0.355623 26.189755 1.553783 2.660997
Car -1 -1 -1.448187 481.596039 554.561829 735.156494 834.830994 1.270869 1.803564 4.552476 -3.379313 1.517425 22.316791 -1.598470 2.357990
Car -1 -1 1.706853 578.499146 118.575172 636.310974 176.916077 2.168092 1.778898 4.675129 -16.611360 -18.693528 104.334547 1.548966 0.304794
Car -1 -1 2.890968 1422.347290 172.433105 1570.628784 221.202011 1.344720 1.837268 4.519537 19.662517 -12.686349 79.383569 3.133771 1.370183
Car -1 -1 1.678889 656.749634 136.033813 704.733276 172.737549 1.219677 1.604305 4.249442 -12.885694 -18.500072 102.525393 1.553862 0.584721
Car -1 -1 1.651465 714.563904 135.010742 763.220398 173.046814 1.270820 1.748704 4.267494 -10.201730 -18.616543 103.047148 1.552786 0.699491
Car -1 -1 2.925473 1520.308960 145.436508 1636.032104 199.716064 1.743822 1.887183 3.694037 25.042549 -14.816153 87.778676 -3.079803 0.931481
Car -1 -1 1.675095 618.088135 123.491539 657.618347 163.941864 1.509264 1.627407 4.279426 -15.978854 -20.283880 109.881456 1.530688 0.446829
Car -1 -1 -1.626106 1069.640137 101.077454 1105.510620 131.136810 1.435466 1.959710 4.256709 8.409044 -27.204018 137.635846 -1.565085 0.353268
Car -1 -1 1.658837 686.669495 122.347939 727.718506 156.221024 1.290049 1.567816 4.261805 -12.916747 -21.301775 113.766562 1.545784 0.544684
Car -1 -1 1.645399 738.609863 119.249931 783.579590 157.443314 1.557958 1.759817 4.281634 -9.852484 -20.863500 111.845915 1.557536 0.451293
Car -1 -1 -1.649398 996.884033 65.184952 1024.341064 89.263695 1.739704 1.964639 4.350920 5.229097 -43.730066 203.165881 -1.623666 0.164994
Car -1 -1 1.723557 647.440002 115.635040 685.699219 149.537262 1.290591 1.403645 4.259983 -16.171664 -23.247588 121.837056 1.591596 0.480106
Car -1 -1 1.653228 760.040100 114.124001 799.488953 145.173492 1.351547 1.643740 4.237415 -9.616502 -22.531608 117.965124 1.571888 0.334204
