Car -1 -1 0.655699 988.937378 413.780640 1237.785767 526.609680 1.258819 1.846097 3.876713 2.121562 -1.215745 49.094020 0.698886 3.441776
Car -1 -1 -1.638885 1057.396729 749.511597 1298.649414 997.168762 0.919671 1.791851 4.249570 1.634150 2.991988 25.809882 -1.575654 2.858222
Car -1 -1 1.209773 707.680786 339.354401 869.701599 451.771118 1.575817 1.552306 4.311017 -4.322049 -2.872039 57.882757 1.135242 1.317413
Car -1 -1 1.754437 414.307434 301.997223 503.843109 372.374115 1.269831 1.451398 4.234312 -13.763503 -5.298450 71.598969 1.564523 1.101469
Car -1 -1 -1.502260 649.397705 809.063660 889.196228 1055.650146 0.689132 1.660577 4.255044 -1.861438 3.220302 24.264345 -1.578825 3.752284
Car -1 -1 -1.767687 1354.351074 667.338623 1686.838013 1022.356567 1.566551 1.809783 5.109846 4.672539 2.956190 25.429223 -1.585967 2.196023
Car -1 -1 -2.125930 1415.660522 297.147156 1566.061401 375.411499 1.414225 1.496785 4.444496 12.855869 -5.239296 71.332917 -1.947620 0.764189
Car -1 -1 -1.422654 222.755920 827.480469 523.998108 1078.292114 1.028671 1.750069 4.253162 -5.146850 3.676701 23.656468 -1.636881 2.344670
Car -1 -1 1.500037 675.477600 275.199524 754.563599 353.017792 1.456820 1.665862 4.237331 -7.531880 -6.064412 74.649608 1.399481 1.287648
Car -1 -1 -1.602014 1042.207642 253.868301 1103.301025 313.640198 1.277996 1.745127 4.218352 2.462936 -8.036857 86.067226 -1.573406 1.009767
Car -1 -1 1.770856 378.320862 199.034058 437.134308 240.043671 1.287178 1.476425 4.247277 -25.079536 -13.964525 118.586726 1.562440 0.652541
Car -1 -1 -1.603989 989.170593 145.927490 1023.360901 178.186920 1.574131 1.898775 4.265457 0.842221 -23.209274 167.751553 -1.598969 0.368320
Car -1 -1 -1.563423 935.476440 131.792511 964.479675 156.861938 1.458249 1.863284 4.245273 -3.146945 -29.673000 203.701978 -1.578871 0.342518
Car -1 -1 1.634150 721.926636 217.304184 788.379028 287.263000 1.858247 1.836274 4.461598 -8.245035 -9.854520 96.292657 1.548733 0.443931
Car -1 -1 1.641676 738.574951 140.405136 770.645081 166.927872 1.447973 1.712948 4.244325 -15.990018 -26.339285 185.639370 1.555753 0.314551
Car -1 -1 -1.643801 1133.542969 145.680405 1171.091675 176.841324 1.585468 1.938076 4.251746 10.300967 -24.610762 177.000352 -1.585669 0.129944
Car -1 -1 1.649093 692.020508 252.821777 757.837280 311.316772 1.329890 1.689805 4.257994 -8.397505 -8.180690 86.911445 1.552771 0.330688
