Car -1 -1 -1.462547 526.262573 638.048096 745.428711 857.946472 1.014544 1.688338 4.254009 -3.541832 2.224325 28.471665 -1.586310 2.495130
Car -1 -1 -1.599427 949.863159 598.326782 1137.337036 850.581604 1.374048 1.636015 4.491525 0.471136 2.189993 28.997861 -1.583181 1.485266
Car -1 -1 -1.753252 1295.695190 771.226868 1583.405518 1013.474609 0.657243 1.565722 4.366485 3.836848 2.982762 24.546623 -1.598198 2.583222
Car -1 -1 1.842979 0.000000 282.959412 114.737602 381.833618 1.667150 1.977910 4.563354 -22.698525 -4.343197 66.430148 1.513726 0.718399
Car -1 -1 1.780581 240.256241 235.470947 329.692535 303.117401 1.615203 1.690695 4.250834 -22.247445 -7.855638 87.500228 1.531601 0.777734
Car -1 -1 1.857486 97.222069 248.781952 189.338440 307.012878 1.229050 1.470816 4.232540 -26.644263 -7.765926 87.241066 1.561074 0.658381
Car -1 -1 -1.920289 1771.283203 609.364746 1920.773071 797.104675 1.071877 1.749032 4.239858 10.523093 1.957585 31.284021 -1.595806 3.423774
Car -1 -1 -1.445745 346.002045 873.372253 692.198303 1080.000000 1.080287 1.764637 4.281848 -3.336618 3.895619 20.500635 -1.607088 3.063120
Car -1 -1 1.734811 361.406799 191.646515 429.457184 251.539780 1.887453 1.728113 4.626648 -24.061155 -11.979133 112.146434 1.523464 0.312195
Car -1 -1 -1.602668 892.501709 925.459473 1189.350464 1079.348999 0.748870 1.755337 4.240815 0.272115 3.892166 20.087895 -1.589122 3.335115
Car -1 -1 1.764075 301.476166 200.690506 360.421112 246.635269 1.419927 1.413727 4.233892 -26.835411 -12.217718 112.809026 1.530532 0.500177
Car -1 -1 1.712914 502.781403 174.800476 550.407349 209.067490 1.359490 1.657565 4.262698 -23.493244 -16.847621 140.194646 1.546881 0.529471
Car -1 -1 1.636649 648.396851 153.474564 684.139038 187.890335 1.639288 1.652786 4.265044 -19.403281 -21.138690 165.845027 1.520182 0.156856
