Car -1 -1 -0.228320 341.435516 330.477448 573.144958 434.300903 1.533293 1.872706 4.306198 -10.519325 -3.035177 47.453250 -0.446470 3.595263
Car -1 -1 -0.343686 790.637878 313.731934 1011.671021 406.552032 1.489727 1.887377 4.440396 -0.990377 -3.920431 51.736828 -0.362826 1.535663
Car -1 -1 3.027135 829.344849 343.918457 1071.825439 446.742371 1.539513 1.954242 4.662855 0.266802 -2.692923 46.495385 3.032873 3.293051
Car -1 -1 -1.644074 972.771484 723.101929 1187.490112 949.462646 0.625040 1.655287 4.238497 1.294362 2.763163 22.224705 -1.585900 3.081228
Car -1 -1 0.174933 0.000000 368.576935 113.074455 465.226715 1.346921 1.810528 3.515798 -19.057234 -2.242249 44.475947 -0.229885 0.702375
Car -1 -1 1.825601 282.953461 255.112167 384.608246 318.393799 1.279978 1.755036 4.377178 -18.500117 -7.448915 66.979774 1.556115 1.044377
Car -1 -1 1.788237 380.730743 227.479599 459.322388 282.025848 1.311570 1.576989 4.240416 -18.096685 -9.611456 76.234623 1.555170 1.007467
Car -1 -1 1.896460 158.797424 256.544800 258.945160 322.500854 1.306569 1.384698 4.239537 -22.123659 -7.291226 66.337344 1.574557 1.436784
Car -1 -1 1.847979 272.354004 229.415543 359.434143 285.489105 1.328699 1.596183 4.256042 -21.928473 -9.610959 76.976850 1.570459 1.185727
Car -1 -1 -1.592706 1036.164307 262.123627 1111.277222 337.737518 1.500404 1.649228 4.223802 3.884466 -6.644513 63.876614 -1.531969 1.354767
Car -1 -1 1.732698 508.670929 170.878998 568.398865 221.769058 1.704225 1.801308 4.284347 -18.638644 -15.350201 101.475589 1.551046 0.452754
Car -1 -1 1.806081 342.498474 205.490387 414.987885 258.497345 1.405649 1.534975 4.232612 -21.838998 -11.580512 85.178239 1.555096 0.927598
Car -1 -1 1.769232 487.051392 155.791595 535.980225 200.389191 1.796667 1.385276 4.451541 -22.102723 -17.955162 112.874238 1.575862 0.339403
Car -1 -1 1.688788 615.854675 139.739227 655.336304 172.394333 1.559723 1.796928 4.235696 -19.101461 -23.414299 136.937885 1.550193 0.463750
Car -1 -1 1.706541 565.335388 142.130402 605.733032 170.823914 1.414268 1.753144 4.246676 -22.911212 -24.265503 141.284693 1.545777 0.558881
