Car -1 -1 -1.623302 986.577209 601.545105 1154.715088 802.553101 1.222680 1.591810 4.328825 0.840088 1.942917 32.601599 -1.597540 1.859144
Car -1 -1 -1.517244 752.444946 504.455414 893.048767 638.289124 1.043629 1.795721 4.244313 -2.462218 0.393138 40.672094 -1.577708 2.596556
Car -1 -1 -1.532591 803.040283 319.341095 890.162476 404.501129 1.398204 1.838163 4.238917 -3.471314 -4.252481 66.200125 -1.584980 1.261437
Car -1 -1 -1.573029 945.228516 332.105042 1023.457703 409.657471 1.204916 1.630569 4.224414 -0.203956 -4.035506 64.883449 -1.576172 1.386049
Car -1 -1 -1.779441 1351.352539 808.486389 1685.636963 1077.250610 1.119670 1.912332 4.328023 4.478583 3.641372 24.189508 -1.596368 3.569554
Car -1 -1 -1.538083 856.557617 215.844833 907.627808 262.986938 1.341996 1.777454 4.249726 -4.238556 -11.749550 106.703874 -1.577784 0.751686
Car -1 -1 -1.576741 957.772034 244.287033 1021.726990 305.924927 1.461119 1.853159 4.253428 -0.095670 -8.613204 89.632756 -1.577808 1.085875
Car -1 -1 -1.552363 857.749695 248.459656 918.737183 303.922455 1.298881 1.772249 4.261220 -3.402687 -8.751887 90.648999 -1.589882 1.148123
Car -1 -1 1.666451 615.191467 246.354019 684.740845 302.904999 1.310862 1.674180 4.245840 -11.221441 -8.818537 90.777231 1.543460 1.065999
Car -1 -1 -1.565115 927.041077 200.272629 976.769653 247.305130 1.528800 1.805681 4.231377 -1.674122 -13.243469 114.971765 -1.579675 0.635162
Car -1 -1 1.637546 762.775146 184.603806 809.695984 227.552200 1.496765 1.670738 4.250445 -9.119131 -14.936830 122.699286 1.563362 0.570721
Car -1 -1 1.702862 545.794861 196.115189 598.952332 239.480225 1.384845 1.606356 4.240203 -17.970836 -13.944876 118.269490 1.552067 0.651675
Car -1 -1 1.662268 659.183350 174.197754 705.195557 211.591354 1.458262 1.807969 4.248353 -15.254533 -17.277312 136.068144 1.550625 0.471261
Car -1 -1 1.695073 573.378052 142.315872 607.567871 169.094498 1.420633 1.662410 4.244690 -27.368947 -26.658347 188.060436 1.550555 0.351927
Car -1 -1 1.622257 798.058533 139.994080 829.709717 169.920990 1.553030 1.796033 4.255792 -11.581557 -25.348030 179.460236 1.557811 0.355202
Car -1 -1 -1.638927 1154.488892 168.485626 1200.782349 204.847946 1.535382 1.951619 4.251916 9.494195 -18.171321 140.510120 -1.571460 0.287115
Car -1 -1 -1.618903 1092.446655 136.575500 1125.205322 164.144470 1.534194 1.931290 4.250387 7.910100 -26.997553 188.859537 -1.577044 0.146467
Car -1 -1 1.646156 694.419739 142.564957 727.759827 168.605225 1.362877 1.636769 4.254623 -18.333832 -25.478043 180.047118 1.544678 0.311209
