Car -1 -1 1.741053 345.235138 430.006836 488.844971 554.059631 1.225663 1.509218 4.247600 -9.408484 -0.761683 45.486116 1.537087 2.711691
Car -1 -1 0.704593 756.136047 296.229645 899.178040 369.249207 1.395222 1.830180 3.179332 -4.258866 -5.411144 72.461835 0.645887 1.107010
Car -1 -1 1.708095 508.075348 319.091827 607.758911 399.845856 1.262451 1.638193 4.237378 -10.523841 -4.437385 67.208165 1.552771 1.252075
Car -1 -1 1.898238 0.000000 498.737885 150.563492 673.459229 1.369611 1.735437 4.436061 -13.299492 0.722034 38.407481 1.564887 1.936095
Car -1 -1 1.756801 372.195221 301.699615 482.421783 388.722992 1.509318 1.697535 4.250818 -14.026798 -4.760118 68.788788 1.555647 1.223830
Car -1 -1 -1.134139 1011.469055 265.261749 1143.826172 351.257935 1.633133 1.854758 4.665541 2.444702 -6.348591 77.050317 -1.102421 0.663344
Car -1 -1 -1.514330 674.651855 713.865540 884.738892 940.683716 0.926161 1.750795 4.231721 -2.008443 2.715039 27.191291 -1.588060 3.495893
Car -1 -1 1.887617 2.165066 676.147339 257.434692 956.467896 1.294195 1.720918 4.488602 -9.015231 2.823542 27.944394 1.575545 2.101060
Car -1 -1 -1.631890 1043.915894 748.702881 1260.363647 973.630188 0.719063 1.650092 4.471375 1.446481 2.866103 26.645384 -1.577657 1.154798
Car -1 -1 -1.775686 1369.097900 822.105774 1670.109253 1069.909668 0.621637 1.580915 4.327734 4.448705 3.264506 24.021067 -1.592561 3.406353
Car -1 -1 -1.373214 130.763779 916.794922 504.603882 1078.607056 0.975530 1.803717 4.235556 -4.954172 4.099563 21.030909 -1.604563 3.350991
Car -1 -1 -1.576096 964.512939 224.047379 1021.364014 272.191345 1.311523 1.953344 4.255104 0.010413 -11.035636 103.047574 -1.575995 0.779773
Car -1 -1 1.644623 720.795349 222.845490 779.909729 280.355865 1.551430 1.656314 4.242591 -8.512751 -10.157857 97.349248 1.557399 0.840903
Car -1 -1 1.677576 608.482422 231.828217 672.721802 285.551910 1.374109 1.593020 4.252989 -12.293854 -9.925590 96.695969 1.551116 0.891211
Car -1 -1 1.652729 669.557861 265.697357 742.619019 328.787781 1.351685 1.723969 4.241320 -8.436644 -7.226451 81.769937 1.549917 1.128036
Car -1 -1 -1.559785 896.215454 130.375427 921.562073 153.318512 1.425493 1.763118 4.230458 -6.339804 -30.725826 209.626387 -1.590020 0.319456
Car -1 -1 -1.691216 1092.738647 898.683044 1413.997314 1080.000000 1.266764 1.540117 4.626743 1.686924 4.036058 20.046544 -1.607263 1.433793
Car -1 -1 -1.572522 939.885010 129.853271 965.791260 153.226379 1.459136 1.770380 4.236425 -2.930154 -30.474868 207.805690 -1.586621 0.201622
