Car -1 -1 1.763636 153.582321 251.400330 274.953094 349.639740 1.596062 1.746585 4.368418 -17.407315 -4.932226 64.931707 1.501708 1.013968
Car -1 -1 -1.550891 698.970215 260.937469 786.525879 347.082642 1.401337 1.848583 4.263679 -5.158949 -5.003965 65.570243 -1.629407 1.017364
Car -1 -1 1.828150 0.000000 265.904114 129.278519 364.670929 1.532651 1.783767 4.283386 -20.440987 -4.494844 63.239108 1.515517 1.259306
Car -1 -1 1.732362 223.000229 191.533340 300.473846 249.111938 1.269003 1.649238 4.256829 -22.626272 -9.704041 89.883314 1.485756 0.864958
Car -1 -1 -1.595051 828.900879 197.340179 888.222534 253.032593 1.218801 1.740258 4.246915 -3.340592 -9.598372 90.094149 -1.632113 0.950216
Car -1 -1 1.829917 0.000000 240.004242 69.993683 315.697845 1.382167 1.807690 4.226296 -24.551164 -6.216795 71.762182 1.500281 1.103903
Car -1 -1 1.804814 70.779694 173.886261 155.673447 232.669968 1.560313 1.653852 4.261981 -29.813209 -11.016890 97.608075 1.508376 0.770199
Car -1 -1 1.701563 374.472809 181.117798 447.512634 236.597870 1.329583 1.725910 4.263743 -19.116906 -10.818940 96.527850 1.506048 0.805621
Car -1 -1 1.759832 192.162964 151.826553 261.967224 197.909866 1.427224 1.782737 4.268389 -30.608086 -14.375193 115.756260 1.501330 0.645448
Car -1 -1 1.738067 273.458313 152.015854 337.027008 199.109253 1.431536 1.741994 4.249456 -27.168051 -14.256431 115.097164 1.506265 0.635954
Car -1 -1 1.725947 345.326477 154.630692 409.452118 205.392975 1.568194 1.597021 4.245673 -23.459067 -13.604167 111.755909 1.519038 0.590603
Car -1 -1 1.807189 1.410805 146.623566 61.016754 195.821671 1.612238 1.930848 4.240944 -40.725789 -15.057533 120.602555 1.481526 0.284934
