Car -1 -1 0.094946 612.178406 446.092072 882.916870 576.608154 1.594890 1.835454 3.959125 -3.883409 -0.231847 44.259922 0.007430 3.809142
Car -1 -1 2.982390 1082.327026 427.283447 1366.620605 537.237366 1.354690 1.850643 4.298499 3.946101 -0.894144 47.300647 3.065623 4.685568
Car -1 -1 -2.931390 250.256866 398.531067 505.373444 495.972443 1.396792 1.849436 4.171661 -11.605500 -1.657532 52.410459 3.133877 2.470874
Car -1 -1 0.080414 74.261177 415.456512 331.679199 527.904602 1.477283 1.849762 3.963971 -13.960945 -1.073588 49.078665 -0.196726 3.750287
Car -1 -1 -1.511630 611.681702 819.355469 846.045166 1076.086304 0.683820 1.659070 4.249709 -2.188286 3.287777 23.836004 -1.603179 3.152694
Car -1 -1 -1.655057 1020.422241 757.774719 1267.675903 1015.720581 0.881145 1.735183 4.252840 1.275131 3.007557 25.117741 -1.604334 2.634467
Car -1 -1 -1.784799 1355.140503 810.047241 1672.719849 1054.714966 0.597015 1.660999 4.517685 4.480250 3.200689 24.531691 -1.604159 3.748155
Car -1 -1 1.775707 279.812134 293.657135 385.642151 375.290161 1.504032 1.620137 4.250050 -17.017301 -5.247761 71.512033 1.542088 1.084712
Car -1 -1 -0.500856 560.878479 358.115570 770.225708 437.713257 1.166661 1.862089 3.964433 -6.955280 -3.044449 58.526858 -0.619140 1.344450
Car -1 -1 1.749008 444.738342 241.742767 539.359375 335.152466 2.059125 1.664115 4.514498 -14.379223 -6.936172 79.772103 1.570669 0.685208
Car -1 -1 -0.274338 502.428345 410.657043 779.688049 527.934082 1.474321 1.889586 4.479674 -6.315629 -1.093502 49.189375 -0.402034 2.094276
Car -1 -1 1.678457 516.563110 301.105927 608.450134 373.342621 1.254138 1.731288 4.254338 -11.034310 -5.263220 71.026083 1.524333 1.006337
Car -1 -1 1.743939 404.841614 291.107117 497.419037 367.835876 1.414135 1.516397 4.260334 -14.281064 -5.533833 72.969078 1.550668 1.043882
Car -1 -1 1.657580 648.143250 300.558685 730.014648 376.914032 1.341515 1.534243 4.252404 -7.678777 -5.136605 70.347647 1.548855 1.219057
Car -1 -1 1.710874 556.171997 266.402313 635.802551 337.973267 1.465836 1.579830 4.237213 -11.499265 -6.895445 80.379926 1.568777 1.216555
Car -1 -1 1.731653 518.450623 245.022400 584.653259 304.044495 1.364968 1.374339 4.252084 -14.566904 -8.903230 91.709144 1.574131 0.833155
Car -1 -1 1.708923 553.365356 219.105789 619.066589 272.195374 1.435626 1.730121 4.240308 -14.829738 -10.824990 100.914222 1.563014 0.669939
Car -1 -1 -1.640411 1216.839600 206.440231 1271.963501 250.500366 1.383813 1.786306 4.259080 10.543982 -13.136391 115.240564 -1.549170 0.491033
Car -1 -1 1.644440 741.122070 155.126404 776.762268 184.363754 1.398691 1.735483 4.251348 -13.787990 -22.219947 163.112462 1.560110 0.257149
Car -1 -1 1.672046 623.767029 167.571152 664.642578 199.781769 1.372276 1.562089 4.260502 -18.581123 -19.267671 147.332484 1.546591 0.374718
Car -1 -1 1.640080 761.309082 133.603195 790.562012 157.998505 1.523968 1.853430 4.245543 -15.477617 -28.510849 197.308274 1.561796 0.201892
