Car -1 -1 -1.300986 927.908875 702.853271 1227.893188 939.832886 0.512079 1.503135 4.546468 1.085457 2.782501 21.379945 -1.250260 2.709258
Car -1 -1 0.169382 1217.862305 316.032166 1451.407837 397.974945 1.252196 1.879810 4.650712 8.025108 -3.063335 49.162883 0.331190 3.139145
Car -1 -1 -1.113224 509.452362 746.158325 864.326416 993.477295 0.575548 1.340158 4.258854 -2.586621 3.164862 20.722616 -1.237403 3.583989
Car -1 -1 0.235536 1112.624390 302.521393 1307.313843 378.583435 1.265023 1.872469 4.026770 5.733853 -3.816240 54.187037 0.340960 1.650481
Car -1 -1 0.053407 1631.068481 257.335785 1826.638062 334.657990 1.250933 1.871935 4.119585 17.668255 -4.605685 51.689934 0.382770 1.512503
Car -1 -1 0.507957 540.694153 331.667938 717.909729 407.600220 1.315972 1.898525 3.825644 -9.312057 -3.401368 58.430081 0.349915 2.915896
Car -1 -1 -1.624244 1726.709473 697.972656 1922.604858 1037.017456 0.969489 1.843828 4.553809 7.404714 2.917974 18.379859 -1.241265 2.298545
Car -1 -1 0.584669 267.202332 330.644592 421.039551 398.398041 1.366217 1.852757 3.896853 -19.006972 -3.999616 65.545125 0.302427 1.937957
Car -1 -1 0.625783 37.582764 412.705353 263.497772 500.479828 1.362618 1.922303 4.023528 -19.558590 -0.993413 51.888150 0.265315 1.817104
Car -1 -1 -1.422276 1155.021118 839.015381 1502.250488 1078.849854 0.949570 1.797142 4.288779 2.890423 3.990316 17.175910 -1.255555 3.966978
Car -1 -1 -0.141034 1751.934814 266.531616 1919.916992 357.560608 1.345438 1.866332 4.889083 19.243944 -3.777151 47.102080 0.246828 0.879598
Car -1 -1 0.596460 232.134995 373.367676 421.556396 444.386383 1.216480 1.894899 3.987455 -17.632575 -2.489810 59.115141 0.306587 1.806301
Car -1 -1 1.718110 1365.183838 154.875320 1422.084961 202.192474 1.572413 1.832205 4.264065 19.491599 -14.873089 103.544014 1.904177 0.623647
Car -1 -1 1.000373 45.744560 343.206360 191.035004 398.984039 1.184076 1.861338 3.761113 -28.716736 -4.408479 72.914291 0.625186 0.647056
Car -1 -1 1.745082 1289.105103 168.974228 1340.117920 207.998215 1.265974 1.535200 4.245959 15.791682 -14.578420 103.656857 1.896266 0.576288
Car -1 -1 1.684569 1429.942871 155.208633 1481.372192 199.261154 1.430855 1.705908 4.266022 22.176097 -14.819149 102.351531 1.897937 0.590101
Car -1 -1 -2.981662 542.476624 234.756165 662.662354 284.596649 1.440376 1.896366 4.519754 -17.178934 -10.858027 99.596192 3.130718 0.549039
Car -1 -1 0.852860 0.874805 365.669708 58.413059 422.617615 1.294341 1.789837 2.851580 -30.710840 -3.391313 68.643253 0.432172 0.147427
