Car -1 -1 -3.078239 635.955994 413.131866 924.920776 538.355591 1.618463 1.895584 4.552375 -3.593645 -0.872470 47.402767 3.129280 4.637266
Car -1 -1 0.237631 197.547150 465.543030 520.583740 584.535217 1.393516 1.859104 4.312310 -9.887680 -0.104018 43.407749 0.013666 4.875315
Car -1 -1 -1.529552 699.450684 794.271423 924.312439 1040.018311 0.732429 1.693171 4.245324 -1.536017 3.160312 24.658528 -1.591763 4.839101
Car -1 -1 -0.168051 1012.148254 435.938568 1325.530518 575.161621 1.670977 1.895947 4.614658 2.749846 -0.283593 44.227644 -0.105956 4.460298
Car -1 -1 -1.651240 1043.456909 850.248718 1295.838501 1078.966919 1.027664 1.650600 4.232299 1.391133 3.844702 23.307574 -1.591625 3.893509
Car -1 -1 1.797670 254.704910 314.050720 362.519531 390.266632 1.276972 1.541792 4.239191 -16.976349 -4.708053 68.777020 1.555676 1.356963
Car -1 -1 0.275986 1.064046 424.907562 206.739349 538.166382 1.424617 1.835484 3.856097 -15.901001 -0.882658 48.143588 -0.043016 0.935984
Car -1 -1 -1.343350 907.690430 283.441498 998.362305 362.927887 1.520474 1.619011 4.242891 -0.985986 -5.751173 74.155257 -1.356646 0.875513
Car -1 -1 -1.772297 1344.955322 816.558105 1695.270264 1078.591431 0.979318 1.924856 4.705693 4.422562 3.624985 24.040713 -1.590369 2.475889
Car -1 -1 1.771064 342.034454 281.597565 430.343140 345.967621 1.259241 1.451092 4.250895 -17.170604 -6.498682 78.427523 1.555529 1.038518
Car -1 -1 1.662348 640.816772 304.581787 720.864868 378.416107 1.262927 1.484871 4.246132 -7.890457 -5.091348 70.263287 1.550518 1.165233
Car -1 -1 -2.636781 0.317431 400.614044 193.098099 493.553314 1.228146 1.776609 3.616741 -17.347587 -1.773252 52.729385 -2.954620 0.640071
Car -1 -1 1.690423 523.961365 239.677963 624.970703 370.909515 2.662442 1.863536 5.131272 -10.803021 -5.449846 71.777530 1.541038 0.354530
Car -1 -1 1.735188 411.912659 301.038116 506.874725 373.641296 1.283117 1.545268 4.238886 -13.785563 -5.308338 71.684415 1.545198 1.325839
Car -1 -1 1.846329 170.903824 247.289078 258.112915 311.266968 1.488442 1.440731 4.240718 -24.775205 -8.322596 88.227621 1.572569 1.024711
Car -1 -1 -1.679058 1263.585815 226.622421 1326.871704 284.682922 1.567678 1.703571 4.244558 10.574920 -9.947272 96.773600 -1.570215 0.652750
Car -1 -1 -1.568609 948.784363 196.639145 992.099670 238.631500 1.396099 1.701923 4.251565 -0.953675 -14.210406 120.344506 -1.576533 0.843526
Car -1 -1 -1.575874 1028.731934 201.354202 1079.573120 251.714233 1.620391 1.884882 4.244102 2.540300 -13.014540 114.255195 -1.553644 0.771739
Car -1 -1 -1.542558 866.947632 218.751755 919.697327 265.717926 1.349090 1.751241 4.252458 -3.773354 -11.502616 105.441440 -1.578329 1.009538
Car -1 -1 1.688658 586.119141 203.616119 645.249878 250.870422 1.490788 1.744891 4.246302 -15.185449 -12.697907 111.511173 1.553312 0.689099
Car -1 -1 1.752105 384.970337 195.004532 444.712891 237.390366 1.406848 1.622731 4.246110 -25.331750 -14.367134 121.152679 1.545985 0.716025
Car -1 -1 -1.607304 996.971680 154.620880 1031.720459 185.468491 1.452595 1.818507 4.244508 1.264406 -22.086157 162.657915 -1.599531 0.384792
Car -1 -1 1.645696 712.565796 152.867432 748.362976 184.085220 1.501071 1.702641 4.261918 -15.694027 -22.538971 165.469052 1.551134 0.234063
Car -1 -1 1.724443 468.863770 274.574677 543.428101 337.013977 1.310663 1.427933 4.263229 -14.071473 -6.845207 79.856683 1.550024 0.674224
Car -1 -1 1.656791 678.919800 279.157288 752.537842 346.788300 1.329833 1.563715 4.245231 -7.741976 -6.410040 77.547438 1.557286 0.572582
