Car -1 -1 -2.230967 1431.812744 278.388550 1599.422241 352.664978 1.180185 1.666444 4.215002 13.654147 -5.085325 68.510389 -2.034244 0.832952
Car -1 -1 -1.666296 920.033203 711.270874 1193.538452 1017.365967 0.920031 1.713862 4.731302 0.696938 2.787657 23.853043 -1.637087 2.884847
Car -1 -1 -1.821773 1309.457764 730.163879 1639.934692 1005.403076 0.807956 1.563278 4.410668 4.327305 2.815854 24.162456 -1.644560 3.522188
Car -1 -1 3.101834 52.351662 444.682922 431.793152 581.086792 1.323195 1.889570 4.757585 -10.430462 0.017179 40.201380 2.847976 3.645018
Car -1 -1 -1.545816 856.909119 239.171387 934.514282 314.066437 1.307849 1.788674 4.269113 -1.673107 -6.361963 72.981120 -1.568737 1.399633
Car -1 -1 3.049870 549.102356 375.685089 796.833313 496.674042 1.366790 1.819001 3.900806 -4.822284 -1.245538 45.801680 2.944970 1.887616
Car -1 -1 -1.587479 833.064026 162.844376 883.190674 211.757690 1.313231 1.805572 4.258951 -4.024532 -13.014900 108.308321 -1.624620 0.688810
Car -1 -1 1.742199 240.494507 197.292542 317.674591 256.558136 1.308803 1.476834 4.243727 -21.509892 -9.226232 87.545901 1.501273 1.114248
Car -1 -1 1.785491 149.230789 189.015533 225.938019 244.176544 1.221698 1.511639 4.248714 -25.551277 -10.053579 91.752601 1.513892 1.032958
Car -1 -1 1.787863 24.795691 214.329987 131.378494 283.056122 1.390527 1.612952 4.231966 -25.171452 -7.652178 79.184769 1.480082 0.908075
Car -1 -1 1.719551 324.010834 161.672531 392.176331 216.001526 1.519933 1.683461 4.262455 -22.683319 -12.344896 104.334819 1.505474 0.727253
Car -1 -1 1.777679 179.145432 221.095886 271.426666 279.481110 1.156658 1.533663 4.276556 -21.636439 -8.008455 81.785330 1.519052 1.080974
Car -1 -1 1.752992 211.111603 163.862091 281.800385 219.824585 1.525369 1.517697 4.281911 -26.096545 -11.866716 101.388139 1.501068 0.522295
Car -1 -1 1.841339 0.000000 166.983017 45.218151 217.035416 1.361745 1.506477 4.254049 -36.864630 -12.723242 107.428442 1.510775 0.419565
Car -1 -1 -1.592743 841.015076 142.186020 882.174133 173.348419 1.114568 1.609684 4.271842 -4.723450 -17.387896 131.863218 -1.628548 0.241572
Car -1 -1 1.780274 24.599533 150.638977 83.089699 193.738861 1.289602 1.425669 4.231454 -39.258932 -15.042133 119.608085 1.463123 0.238805
Car -1 -1 1.762137 168.732635 158.355118 229.266190 202.709961 1.220081 1.340841 4.239594 -30.416515 -13.610386 110.771014 1.494153 0.290079
