Car -1 -1 -1.760339 1359.301270 748.274902 1625.754639 1009.838562 0.956461 1.460802 4.482633 4.552389 3.047799 25.835826 -1.585925 1.512998
Car -1 -1 -1.622908 1014.538940 755.500549 1248.518677 1014.459045 0.936096 1.773299 4.241506 1.172731 3.041232 25.305499 -1.576598 2.711222
Car -1 -1 -0.424175 400.907135 377.016846 666.852844 485.208374 1.384159 1.853153 4.437999 -8.813319 -2.027274 53.502324 -0.587436 3.285597
Car -1 -1 1.749484 388.641266 291.816315 494.271606 379.606110 1.611530 1.763449 4.267854 -13.984085 -5.075624 70.374274 1.553329 0.928912
Car -1 -1 -1.503454 674.867249 734.471375 909.101013 1008.640015 1.018872 1.701769 4.565441 -1.720828 2.964937 25.335173 -1.571272 1.594515
Car -1 -1 -0.860791 773.147095 327.084412 952.663635 435.593445 1.644238 1.843787 3.402292 -2.716352 -3.227817 59.681957 -0.906274 0.931548
Car -1 -1 1.715855 538.160095 226.324356 607.598694 288.129944 1.600917 1.627517 4.256400 -14.351122 -9.650126 94.717597 1.565484 0.703553
Car -1 -1 -1.655662 146.067734 907.103149 454.218842 1079.116943 0.862828 1.758147 4.251555 -5.476783 3.959982 21.542769 -1.904617 4.618081
Car -1 -1 1.787270 269.532043 308.954071 370.922516 382.748657 1.282713 1.466684 4.234389 -17.086757 -4.980074 70.377483 1.549091 1.233590
Car -1 -1 -0.620458 537.856812 344.296814 728.861755 422.267212 1.179780 1.809051 3.934716 -8.150547 -3.616452 62.844748 -0.749432 1.646919
Car -1 -1 1.736151 461.377136 267.059753 542.193787 336.256378 1.459993 1.548012 4.241294 -14.251354 -6.917252 80.414191 1.560748 1.139864
Car -1 -1 1.693511 514.395874 299.332062 602.506653 374.715118 1.326689 1.585686 4.236032 -11.147499 -5.224127 71.007132 1.537791 1.294266
Car -1 -1 -1.561628 936.600342 208.710907 989.809448 261.407227 1.577352 1.858500 4.260040 -1.118228 -11.818849 106.945085 -1.572084 0.788027
Car -1 -1 -1.613501 1088.704712 134.168259 1122.411865 164.255920 1.767550 2.141789 4.266332 7.766324 -26.931184 188.751837 -1.572378 0.163558
