Car -1 -1 1.714804 526.977234 284.799683 618.003479 370.547699 1.595488 1.599059 4.248748 -10.890609 -5.397046 71.913110 1.564505 1.166017
Car -1 -1 -1.516306 688.913696 701.439087 896.547607 901.441284 0.755519 1.767730 4.295151 -1.972383 2.496411 28.405872 -1.585630 1.887113
Car -1 -1 1.797707 281.934814 283.750793 392.931854 369.042328 1.627625 1.731866 4.317485 -17.259702 -5.518748 72.988347 1.565501 0.931985
Car -1 -1 1.658908 656.629395 292.026123 739.008545 375.714783 1.504379 1.610285 4.239975 -7.505850 -5.212451 70.836916 1.553343 1.298882
Car -1 -1 -2.659320 1683.659912 347.552429 1897.583008 429.991669 1.175203 1.849902 4.054028 18.030968 -3.505112 62.578478 -2.378785 1.906294
Car -1 -1 -1.671233 1056.174683 843.163757 1331.574951 1078.612671 0.955645 1.773419 4.368064 1.592258 3.735369 23.513113 -1.603618 3.164702
Car -1 -1 -1.789194 1352.986694 807.827271 1719.613159 1079.753296 1.193690 1.999673 4.341887 4.508144 3.684284 23.828260 -1.602211 3.793319
Car -1 -1 1.749667 404.523590 296.558685 500.719025 368.051605 1.284039 1.590075 4.239532 -14.207907 -5.544667 73.039858 1.557543 1.043940
Car -1 -1 1.693974 568.925537 233.075348 660.944946 330.888916 2.253434 1.845093 4.862300 -10.926330 -7.092607 80.373433 1.558858 0.316807
Car -1 -1 1.663926 691.977661 236.504990 765.259277 313.536499 1.850160 1.783047 4.248542 -8.302756 -8.211187 87.441433 1.569257 0.778611
Car -1 -1 1.767711 398.496826 242.536972 477.229462 305.915222 1.458331 1.518068 4.237801 -17.660458 -8.510843 88.310436 1.570333 1.128508
Car -1 -1 1.771510 355.718292 272.197235 440.112152 337.437500 1.336404 1.431667 4.250526 -17.261872 -6.876659 80.354868 1.559905 1.069329
Car -1 -1 1.733950 492.310333 234.227921 575.464966 306.512054 1.659502 1.631548 4.264169 -14.457433 -8.430497 87.410381 1.570037 0.896602
Car -1 -1 1.730567 469.074005 274.335205 547.080444 336.682800 1.274420 1.435376 4.254767 -14.026458 -6.876754 80.202568 1.557430 1.190140
Car -1 -1 -1.561712 927.472351 140.272049 957.563904 168.052200 1.486177 1.814100 4.234514 -3.298054 -25.957919 183.293952 -1.579703 0.328684
Car -1 -1 1.629529 739.183716 211.468842 794.155945 265.001862 1.491585 1.655906 4.239346 -8.063807 -10.763230 98.540294 1.547879 0.575922
Car -1 -1 -1.520782 596.011658 943.268982 905.908508 1080.000000 0.556424 1.868364 4.397639 -1.711201 3.934101 21.036098 -1.601950 1.341501
Car -1 -1 1.662001 713.336792 149.943710 748.501038 179.445740 1.454554 1.686576 4.246386 -15.809411 -23.004246 167.193395 1.567723 0.204568
