Car -1 -1 2.035259 445.943878 313.988220 654.455017 463.722870 1.524614 1.387823 4.694843 -6.987140 -2.589642 38.266473 1.854657 2.220825
Car -1 -1 -1.570035 840.968567 607.583923 1032.934326 810.637573 0.645064 1.699084 4.240826 -0.201386 1.426749 22.888091 -1.578833 4.281701
Car -1 -1 -1.693609 1111.331909 634.046021 1336.152100 846.641785 0.616475 1.627937 4.249618 2.643945 1.666854 22.334914 -1.575780 4.385579
Car -1 -1 -1.432232 482.927155 604.867676 713.486328 819.957642 0.683046 1.572231 4.253489 -3.520737 1.440304 22.370782 -1.588333 4.188666
Car -1 -1 2.433629 1106.453125 202.576477 1260.600464 272.453766 1.487097 1.899988 3.878897 6.702547 -8.836053 63.431358 2.538904 1.575086
Car -1 -1 2.864596 1466.117920 180.367889 1630.082153 252.207367 1.743668 1.880291 4.300836 18.611867 -10.136791 68.774624 3.128886 2.558313
Car -1 -1 2.896172 1246.896118 186.155365 1394.070312 243.475754 1.446557 1.869135 4.211295 11.950711 -10.749499 71.434716 3.061932 2.309386
Car -1 -1 1.672786 657.414001 133.297684 704.283203 171.905045 1.329633 1.585582 4.249831 -13.113143 -18.945680 104.657031 1.548139 0.702870
Car -1 -1 1.656409 714.414429 131.475464 760.457642 173.760101 1.512389 1.627414 4.270409 -10.109170 -18.308396 101.652705 1.557287 0.548081
Car -1 -1 1.702214 587.354187 134.528885 639.693481 172.971100 1.296549 1.690930 4.263470 -16.453692 -19.063633 105.561842 1.547590 0.700010
Car -1 -1 2.856844 2.098058 121.180222 83.685760 161.691895 1.561379 1.858963 3.865613 -48.322283 -21.209958 114.392388 2.457156 0.174664
Car -1 -1 -1.627348 1013.706970 73.886971 1042.740601 99.644897 1.800841 2.102561 4.313491 6.152008 -38.518836 182.857940 -1.593717 0.163199
Car -1 -1 2.926001 1240.138916 171.889984 1367.720337 217.681931 1.301521 1.832801 4.248214 12.946795 -12.929153 80.418759 3.085624 0.507950
Car -1 -1 1.693720 613.746704 125.322357 655.447571 159.560623 1.283267 1.493152 4.238267 -16.927854 -21.518141 115.717544 1.548465 0.509767
