Car -1 -1 -2.165934 9.383591 452.312469 254.116119 594.826965 1.496306 1.930769 3.306642 -13.718389 -0.120157 44.052043 -2.467828 0.859475
Car -1 -1 -1.535587 783.691650 515.071045 926.663513 671.305359 1.223767 1.768902 4.220776 -1.882390 0.751967 38.673777 -1.584222 2.394276
Car -1 -1 -1.621619 1025.037842 524.551453 1177.016113 664.485229 1.002328 1.792758 4.250918 1.465192 0.680525 38.893249 -1.583964 2.394762
Car -1 -1 -1.743744 1226.408325 654.141968 1459.957520 841.231384 0.850609 1.702258 4.394159 3.817913 2.152464 30.746687 -1.620204 2.630680
Car -1 -1 -1.605005 930.595886 349.927582 1024.372314 433.432434 1.173229 1.754091 4.237949 -0.370063 -3.303669 60.420379 -1.611130 1.547190
Car -1 -1 -1.626797 1075.527466 318.076141 1169.289185 404.473694 1.416641 1.907489 4.252223 3.032045 -4.198610 65.567259 -1.580587 1.241112
Car -1 -1 -1.588574 968.266052 275.209656 1039.311646 348.322205 1.455786 1.759469 4.248201 0.300460 -6.296875 76.583560 -1.584651 1.364420
Car -1 -1 1.659590 638.790649 298.712280 729.058472 389.175018 1.578435 1.699363 4.262966 -7.566650 -4.712649 68.130272 1.548982 0.830598
Car -1 -1 -1.574867 893.060730 206.909714 943.794128 254.612625 1.356937 1.774351 4.244887 -2.971654 -12.535176 110.780074 -1.601686 0.810000
Car -1 -1 -1.558352 939.745605 189.394806 983.952515 229.785782 1.347312 1.821790 4.240349 -1.383134 -14.976459 123.657781 -1.569537 0.772750
Car -1 -1 -1.575329 1022.152405 188.133743 1066.010986 226.651123 1.361674 1.801272 4.244113 2.390269 -15.637284 128.031583 -1.556662 0.656562
Car -1 -1 -1.548637 878.376465 170.509552 916.842529 206.231018 1.413504 1.739110 4.251219 -4.840765 -18.218661 141.246142 -1.582895 0.673784
Car -1 -1 1.673137 687.958374 254.641937 766.969421 326.632751 1.591338 1.747820 4.238936 -7.806963 -7.292809 81.821898 1.578011 1.000239
Car -1 -1 -1.583056 997.337524 155.895630 1034.446899 189.944153 1.554006 1.905162 4.240293 1.326078 -21.006806 156.344531 -1.574575 0.399055
Car -1 -1 1.636727 738.467285 204.931412 791.949829 256.774506 1.580883 1.768331 4.255497 -8.678535 -11.845114 105.853951 1.554924 0.510943
Car -1 -1 1.665786 663.596313 147.963440 700.768433 178.230255 1.455117 1.731851 4.260315 -19.304504 -23.766572 171.685906 1.553816 0.245531
Car -1 -1 -1.667638 1124.110840 152.808167 1163.014771 187.364670 1.647831 1.949591 4.275730 9.514877 -23.553063 173.315316 -1.612794 0.072467
