Car -1 -1 -0.256796 1456.915161 364.936890 1725.399048 460.951111 1.374690 1.881870 4.503621 11.636095 -2.041776 54.045207 -0.044730 3.476555
Car -1 -1 -1.356707 172.375183 634.734558 454.104767 839.891357 0.875604 1.745746 4.451350 -6.887834 2.076077 28.700643 -1.592241 2.120691
Car -1 -1 -1.487349 586.778992 618.755981 808.443359 819.315491 0.989632 1.847897 4.263154 -3.045916 2.002282 29.538967 -1.590101 2.312582
Car -1 -1 -1.606259 905.939270 645.059692 1104.755981 862.906616 0.982213 1.712887 4.253572 0.087891 2.242040 28.245653 -1.603147 2.539458
Car -1 -1 3.084365 632.000610 326.363739 858.316223 412.141235 1.359959 1.888708 4.505595 -5.409600 -3.280612 60.794433 2.995617 2.720300
Car -1 -1 -1.773408 1314.475098 672.584229 1612.277344 974.333130 1.192083 1.532483 4.887583 4.184422 2.716029 25.487667 -1.610685 2.316497
Car -1 -1 -1.595845 887.200134 877.628845 1180.034912 1078.946045 0.926361 1.835726 4.266435 0.253675 3.810834 21.099105 -1.583822 3.277098
Car -1 -1 -1.451935 444.213470 823.117554 745.527344 1079.534180 1.028233 1.776199 4.360386 -3.076212 3.590325 22.430157 -1.588231 1.972164
Car -1 -1 1.767220 266.435455 220.867111 356.467682 283.770966 1.595402 1.839110 4.265644 -23.149081 -9.111220 94.635355 1.527317 0.553005
Car -1 -1 -1.312232 848.041870 241.740936 931.882568 297.527527 1.245033 1.676122 4.284070 -3.270489 -8.296777 90.271254 -1.348446 0.501996
Car -1 -1 1.730605 450.561859 239.594147 529.565491 295.520996 1.261294 1.674906 4.253151 -16.089667 -8.246571 89.165512 1.552079 0.653000
Car -1 -1 1.707249 495.829102 204.380539 565.603149 274.100311 1.879202 1.620429 4.563410 -16.582041 -10.000515 100.170743 1.543199 0.359829
Car -1 -1 1.747619 389.733612 193.470032 458.972351 243.418411 1.598554 1.852663 4.257060 -23.251341 -12.437316 113.961743 1.546354 0.604901
Car -1 -1 -1.563544 880.546692 170.940628 922.879150 209.921585 1.570396 1.879149 4.256114 -4.460336 -16.668323 139.031928 -1.595615 0.472489
Car -1 -1 1.685260 590.185974 159.675598 632.268188 195.804123 1.641070 1.680441 4.298552 -21.146705 -19.235959 154.387959 1.549136 0.286982
