Car -1 -1 -1.609791 312.247620 498.627991 479.799652 650.745789 0.985367 1.761994 4.232488 -8.158949 0.617389 36.187162 -1.831548 3.443290
Car -1 -1 -1.549338 761.585083 391.758606 872.183716 509.389282 1.165123 1.647485 4.233522 -3.443998 -1.207754 47.599478 -1.621565 3.101886
Car -1 -1 -1.282138 1615.336060 580.404358 1842.268433 742.990295 0.901241 1.444643 4.254629 8.778885 1.554065 33.924652 -1.028917 2.861740
Car -1 -1 -1.611375 993.016479 480.175018 1139.638672 631.270325 1.108562 1.711233 4.223442 0.625835 0.447138 39.893445 -1.595689 3.103573
Car -1 -1 -1.616963 261.132843 432.839447 402.325531 551.051025 0.921976 1.777950 4.302077 -10.612212 -0.543903 42.760497 -1.860226 2.828749
Car -1 -1 -1.553606 56.935165 480.592712 216.596375 625.562073 0.909530 1.803970 4.241778 -11.849487 0.314200 37.290978 -1.861273 3.543784
Car -1 -1 -1.843412 1573.436157 890.226196 1913.562378 1079.183594 1.137606 2.104888 4.265808 5.832171 4.091023 20.994877 -1.572454 3.630898
Car -1 -1 1.786559 165.497009 215.868240 258.474823 285.163788 1.561095 1.711624 4.253481 -24.334237 -8.002927 83.870822 1.504173 0.845261
Car -1 -1 -1.356677 48.018925 828.013245 446.034241 1078.609131 1.094921 1.932032 4.406910 -5.933149 3.747846 22.027252 -1.619787 2.709199
Car -1 -1 -1.602080 953.019531 307.988739 1048.927612 400.129974 1.283453 1.741506 4.216676 -0.431768 -3.789532 63.120229 -1.608920 1.742362
Car -1 -1 -1.612619 948.689941 207.199615 1006.725037 259.370605 1.319648 1.738665 4.257389 -1.477263 -10.566876 101.763854 -1.627134 0.678275
Car -1 -1 -1.529625 734.214539 184.299484 783.223267 228.435745 1.323945 1.771947 4.275252 -10.828639 -13.143935 115.904224 -1.622782 0.719539
Car -1 -1 1.759099 293.246063 182.509476 366.301727 237.522827 1.511536 1.699750 4.261064 -25.397400 -11.351437 102.397740 1.515978 0.796510
Car -1 -1 -1.572147 864.861084 188.666946 914.960693 231.697800 1.272964 1.803258 4.261488 -5.234340 -12.784955 113.718755 -1.618143 0.533189
Car -1 -1 1.776419 241.134048 170.765030 308.609833 220.488022 1.385909 1.665607 4.253606 -30.308570 -13.250104 113.252083 1.514926 0.617675
Car -1 -1 -1.556956 824.605713 177.622726 866.547485 212.846298 1.194808 1.605432 4.277324 -7.734884 -14.761828 124.686066 -1.618912 0.564329
Car -1 -1 1.747299 334.853088 156.551361 391.544464 199.444916 1.386434 1.555001 4.250103 -29.342698 -15.345026 124.427300 1.515708 0.403546
Car -1 -1 -1.599797 910.118835 174.666367 956.633667 209.430664 1.184281 1.679209 4.262416 -4.000558 -15.511480 129.426388 -1.630697 0.259977
Car -1 -1 1.794184 220.827606 156.743637 280.534149 197.609238 1.420169 1.620245 4.259272 -34.939400 -15.684681 127.083916 1.525882 0.264132
Car -1 -1 -1.591588 893.426941 158.071213 932.434631 191.304291 1.220709 1.621378 4.230736 -5.523451 -18.276535 145.125034 -1.629630 0.183615
