Car -1 -1 -1.671576 1146.751953 416.982025 1283.910034 543.895203 1.365142 1.783906 4.345153 3.767110 -0.950846 47.635584 -1.592658 1.763640
Car -1 -1 -1.630579 1000.227417 550.173157 1150.223511 690.748840 0.930763 1.702741 4.258888 1.052981 0.974318 37.392188 -1.602426 2.508248
Car -1 -1 -1.527977 798.571594 384.116180 901.740051 480.382751 1.161562 1.808214 4.247093 -2.768578 -2.168839 54.428572 -1.578799 2.185222
Car -1 -1 -1.421172 300.603271 812.502686 562.127075 1048.193848 0.637755 1.542333 4.233816 -4.844627 3.196975 24.432027 -1.616923 2.973118
Car -1 -1 -2.269897 1445.116089 309.838837 1599.425659 382.531158 1.334948 1.781801 3.656316 13.687802 -5.063276 71.671858 -2.081190 0.949174
Car -1 -1 1.708458 511.548615 294.204773 604.673462 378.471252 1.539642 1.626570 4.237164 -11.040155 -5.095156 70.426854 1.552963 1.194209
Car -1 -1 1.755475 395.427063 296.361542 488.561310 372.247803 1.371881 1.488596 4.247051 -14.349792 -5.382113 72.286151 1.559509 1.266220
Car -1 -1 1.656965 649.950134 289.523590 737.632629 375.904205 1.550780 1.729476 4.249848 -7.592854 -5.204209 70.687630 1.549961 1.214540
Car -1 -1 -1.549678 885.840393 243.640610 949.773621 307.447601 1.518258 1.821181 4.251945 -2.395777 -8.565182 89.579295 -1.576416 1.192684
Car -1 -1 -1.523877 678.360291 907.200867 968.815857 1078.450439 0.990523 1.847376 4.347225 -1.213125 4.085614 21.406583 -1.580487 2.862104
Car -1 -1 1.722908 464.707520 262.110657 552.075806 331.491791 1.479814 1.798883 4.246597 -14.398845 -7.246197 82.424660 1.549962 1.183023
Car -1 -1 -1.545352 863.630493 193.850357 908.173645 239.247787 1.498389 1.683927 4.240211 -4.544008 -13.941273 118.179868 -1.583783 0.794005
Car -1 -1 -1.601274 1019.791077 193.694931 1066.622559 234.832642 1.351813 1.888078 4.261188 2.201173 -14.442599 120.841257 -1.583061 0.757386
Car -1 -1 -1.576089 954.617065 233.823425 1008.632874 283.002930 1.260745 1.772782 4.238321 -0.393718 -10.111363 97.639036 -1.580122 1.293852
Car -1 -1 -1.565527 945.599976 189.727753 989.324707 232.385757 1.413537 1.763646 4.249450 -1.133862 -15.020925 124.623050 -1.574625 0.644240
Car -1 -1 1.689858 566.048462 277.479950 639.268677 344.232849 1.305642 1.424501 4.242601 -11.032671 -6.549985 78.330855 1.549932 0.641985
Car -1 -1 -1.587439 1007.244812 169.198578 1045.616455 201.991821 1.326114 1.766531 4.236568 1.782562 -18.887373 144.908559 -1.575138 0.615133
Car -1 -1 -1.568569 944.033691 165.236481 980.599548 198.128540 1.386944 1.774734 4.243273 -1.593669 -19.274966 146.584526 -1.579441 0.502919
Car -1 -1 -1.654111 1204.040039 202.775269 1254.487793 244.647049 1.371639 1.711931 4.239137 10.141721 -13.695363 117.934971 -1.568328 0.681301
Car -1 -1 -1.545264 873.346741 176.661575 912.568176 213.359802 1.328879 1.678316 4.240989 -4.887581 -17.208271 135.709144 -1.581263 0.518305
Car -1 -1 1.688645 632.935486 157.643478 675.636047 192.010406 1.516268 1.727736 4.253382 -18.966351 -20.739875 155.070965 1.566942 0.333722
Car -1 -1 -1.645731 1149.952393 166.738495 1192.221191 200.907135 1.408513 1.867558 4.243133 9.472183 -19.286083 147.565302 -1.581629 0.211880
Car -1 -1 1.626488 733.325378 219.438507 790.617249 275.389526 1.626683 1.706128 4.250528 -8.149727 -10.264062 97.563123 1.543149 0.365909
