Car -1 -1 -1.673732 1117.933716 394.263275 1227.719604 492.474030 1.187529 1.599954 4.224998 3.392093 -1.866338 52.754000 -1.609520 2.104388
Car -1 -1 -1.622029 959.417908 588.422302 1124.758179 743.805481 0.902328 1.755099 4.246040 0.563507 1.483099 35.477617 -1.606147 2.658310
Car -1 -1 -1.722188 1255.925049 610.367493 1471.066040 807.256531 1.148260 1.776463 4.249383 4.188049 1.938421 31.842492 -1.591415 3.056657
Car -1 -1 1.793815 246.726379 298.598633 362.364502 387.628937 1.598435 1.677555 4.248388 -17.168048 -4.802803 69.191228 1.550602 1.348746
Car -1 -1 -1.521979 763.001648 370.153534 864.412842 481.645752 1.426645 1.701104 4.233753 -3.412905 -2.135154 53.871944 -1.585247 2.299339
Car -1 -1 -1.588435 949.618835 381.413147 1059.078979 490.595642 1.319534 1.885802 4.255444 0.201270 -1.978822 53.504611 -1.584673 1.802633
Car -1 -1 1.749008 388.645630 312.780884 490.096008 387.242645 1.268767 1.567991 4.245357 -13.703252 -4.773516 68.741811 1.552244 1.338995
Car -1 -1 -1.547185 852.080017 306.768677 924.883850 379.650726 1.254776 1.680151 4.245449 -2.642536 -5.073940 70.481875 -1.584660 1.522192
Car -1 -1 1.671316 638.978516 298.119476 731.258545 375.664246 1.360878 1.823537 4.259510 -7.851128 -5.208986 70.929836 1.561076 1.182129
Car -1 -1 -1.688269 1307.549683 263.258820 1385.906494 321.943390 1.325281 1.794467 4.252084 10.960803 -7.743956 85.599867 -1.560915 1.004233
Car -1 -1 1.708317 509.280823 309.112549 602.449951 385.086395 1.307267 1.638859 4.238266 -10.920004 -4.864507 69.328801 1.552090 1.444542
Car -1 -1 -1.641528 1058.414185 296.465240 1137.859985 366.255829 1.228961 1.735196 4.251116 2.788571 -5.652210 73.692016 -1.603705 1.443060
Car -1 -1 1.705505 556.573059 264.586456 634.315674 352.697601 1.781271 1.366240 4.573295 -10.862309 -6.170027 76.077655 1.563684 0.533794
Car -1 -1 -1.550890 871.278320 175.069763 914.690918 224.221008 1.793208 1.734027 4.557502 -4.538175 -15.599319 126.813751 -1.586661 0.360333
Car -1 -1 -1.604909 1020.408325 182.985413 1066.569214 228.960312 1.684124 1.927663 4.267392 2.330405 -15.623748 128.571738 -1.586785 0.480779
Car -1 -1 1.729075 440.798065 285.609985 524.473083 354.382050 1.324852 1.435277 4.249712 -14.047364 -6.105628 76.252449 1.546895 1.159531
Car -1 -1 -1.568419 941.556458 206.897964 1004.560913 291.375671 2.257576 2.016633 5.004230 -0.677433 -9.592610 94.793599 -1.575565 0.230548
Car -1 -1 -1.495959 591.814026 929.435059 888.292236 1078.437256 0.636474 1.802024 4.346578 -1.786356 3.919803 21.147231 -1.580231 3.755016
Car -1 -1 1.652148 660.666504 262.003479 741.654846 332.880493 1.495909 1.857473 4.259048 -8.307689 -6.875529 79.049799 1.547438 1.325276
Car -1 -1 1.718733 488.415680 258.273712 569.186157 320.157593 1.370823 1.694809 4.255045 -14.178642 -7.707418 84.531539 1.552548 0.988257
Car -1 -1 -1.549717 874.271301 144.957932 908.843384 179.443710 1.641907 1.815759 4.262573 -5.979080 -22.596726 164.004647 -1.586158 0.294533
Car -1 -1 -1.557388 933.714050 149.430328 965.169922 177.198593 1.401905 1.785131 4.251051 -2.696152 -24.032036 173.622498 -1.572916 0.434373
Car -1 -1 -1.572076 973.112244 161.707382 1011.776062 197.524368 1.619141 1.911575 4.262397 0.014463 -19.635467 149.333855 -1.571980 0.421895
Car -1 -1 -1.559505 891.916016 131.923248 918.978577 155.267929 1.403281 1.769976 4.226378 -6.514015 -30.434642 208.467209 -1.590742 0.216715
Car -1 -1 1.644735 747.783142 142.237076 781.473450 173.981949 1.631562 1.742571 4.225988 -14.282245 -24.211615 173.390212 1.562550 0.251850
