Car -1 -1 -1.734543 1206.329224 564.323669 1407.056396 726.328796 1.009506 1.720567 4.282962 3.920466 1.271572 35.242478 -1.623755 2.164149
Car -1 -1 0.892113 699.219604 299.042145 851.191772 371.004730 1.305500 1.803153 3.957484 -5.697097 -5.420514 72.704636 0.813913 0.934780
Car -1 -1 -1.396971 320.525940 787.666626 560.202026 1004.846924 0.569202 1.327358 4.254710 -4.991540 2.997930 25.479685 -1.590423 4.131547
Car -1 -1 -1.546394 736.189026 580.297729 902.304749 762.594482 1.144154 1.786110 4.230772 -2.107399 1.601476 33.944502 -1.608398 3.991918
Car -1 -1 1.728417 444.709198 239.221909 542.670532 339.097168 2.149705 1.723388 4.948679 -14.065286 -6.719828 78.249659 1.550568 0.405723
Car -1 -1 -1.675347 1091.560181 870.703430 1401.995361 1079.640381 1.195116 1.844294 4.541841 1.847909 4.081243 21.725522 -1.590495 2.465969
Car -1 -1 -1.121761 971.587646 279.525848 1096.082764 353.819611 1.426921 1.625113 4.202330 1.191542 -6.193581 76.683384 -1.106224 0.811555
Car -1 -1 -1.705937 1292.057495 243.947449 1369.858765 305.835846 1.475275 1.735156 4.258371 11.185326 -8.793125 91.385778 -1.584146 0.881585
Car -1 -1 1.846486 194.192413 254.004532 277.332245 309.623596 1.294338 1.367007 4.249892 -24.619422 -8.533067 90.086031 1.579712 1.072133
Car -1 -1 1.670982 629.034973 224.227234 692.996643 276.773010 1.415573 1.707801 4.251964 -11.930784 -10.541291 99.808754 1.552010 0.874784
Car -1 -1 1.654121 664.784851 266.430115 744.862976 339.621460 1.493225 1.763789 4.239962 -8.217539 -6.736769 79.097549 1.550601 0.978996
Car -1 -1 1.627950 758.438965 190.362335 808.754456 244.471146 1.710555 1.756224 4.285474 -8.611194 -13.266464 113.939600 1.552517 0.513765
Car -1 -1 -1.592070 983.768433 257.168976 1051.195679 313.251587 1.243732 1.747566 4.252764 0.769624 -8.069762 86.161732 -1.583138 0.730806
Car -1 -1 1.654999 704.666626 158.623413 757.369446 222.455734 2.348592 1.863702 4.952277 -11.538255 -15.136524 122.405095 1.561014 0.167983
Car -1 -1 1.666328 705.733215 245.688019 772.479919 305.487793 1.353770 1.621775 4.252657 -8.149689 -8.575682 88.786709 1.574795 0.746318
Car -1 -1 -1.566670 931.527710 164.702408 967.119019 197.374313 1.370764 1.761919 4.259082 -2.360253 -20.019149 151.751766 -1.582222 0.475949
Car -1 -1 -1.588464 982.929138 153.507996 1019.201904 187.732758 1.581093 1.846702 4.263619 0.491185 -21.000229 155.655057 -1.585308 0.373788
Car -1 -1 -1.558457 934.340271 130.201523 962.084839 154.929672 1.546593 1.839753 4.245840 -3.334644 -29.949974 205.023781 -1.574720 0.318388
Car -1 -1 1.616855 783.285278 145.871735 816.392822 174.492874 1.424626 1.714506 4.248292 -12.003132 -24.030983 172.303481 1.547305 0.224956
Car -1 -1 1.661969 686.742065 258.069824 761.679688 319.926422 1.399200 1.649918 4.233091 -8.036806 -7.363953 81.721163 1.563940 0.334946
