Car -1 -1 -1.626092 1197.252686 610.023376 1394.418701 818.594238 1.110060 1.932709 4.364686 3.896057 2.215914 26.567169 -1.480480 2.686758
Car -1 -1 -1.521232 887.181213 538.081665 1041.921265 697.151001 0.986940 1.831265 4.251708 0.005535 1.181934 30.264788 -1.521049 3.552950
Car -1 -1 -1.583426 667.082764 469.721130 802.467224 612.507446 1.081278 1.774464 4.217789 -3.672835 0.196189 33.881596 -1.691406 3.100731
Car -1 -1 -1.836466 534.596252 390.881714 671.495789 491.721069 1.049018 1.341098 4.295323 -7.242411 -1.689590 42.549272 -2.005063 1.716440
Car -1 -1 2.331568 175.660873 252.759705 317.748627 312.528870 1.347554 1.734477 4.290961 -24.313240 -8.111049 73.190298 2.010845 1.351104
Car -1 -1 2.876583 1704.573120 305.926392 1899.488525 372.360748 1.289037 1.884020 4.373796 23.202054 -5.114902 60.397343 -3.039828 2.458908
Car -1 -1 -1.709540 359.606750 458.237122 490.438416 579.480469 0.934993 1.458648 4.206560 -9.088685 -0.227519 35.971410 -1.957025 2.889219
Car -1 -1 -1.707000 1305.329468 380.477112 1422.779907 480.032867 1.105037 1.710338 4.374960 8.341965 -2.057140 45.975793 -1.527510 1.101699
Car -1 -1 -1.771403 1456.393799 781.398071 1768.461304 1050.877441 0.531687 1.671332 4.533209 5.664208 3.165581 19.705353 -1.491504 3.117690
Car -1 -1 1.772280 628.852051 242.659073 701.142029 295.714233 1.286926 1.542952 4.251838 -10.891808 -9.179769 78.069264 1.633660 0.931047
Car -1 -1 -1.878485 317.385498 329.449585 501.696198 481.877808 1.870452 1.574343 5.851665 -11.331496 -2.038644 43.541216 -2.133085 1.295209
Car -1 -1 -1.599786 1117.176025 212.218445 1166.266479 260.255219 1.516030 1.817863 4.271356 7.562892 -12.444238 94.366141 -1.519813 0.591313
Car -1 -1 -1.539610 1005.445679 249.485336 1065.448853 304.384735 1.295925 1.744846 4.228724 2.407283 -8.733788 76.628158 -1.508205 1.224948
Car -1 -1 -1.317998 402.120422 789.173706 733.330811 1060.678955 0.606851 1.679330 4.397098 -3.456083 3.277688 19.710839 -1.491573 3.494644
Car -1 -1 -1.552504 991.710693 330.892029 1073.033203 417.072235 1.328477 1.618206 4.228234 1.561140 -3.570097 52.282841 -1.522654 2.112691
Car -1 -1 1.885320 407.878113 239.535217 491.275360 296.687195 1.433287 1.359056 4.248079 -18.462206 -9.045627 77.327841 1.650955 1.086396
Car -1 -1 -1.608144 1127.977539 327.343567 1208.580444 401.468231 1.125226 1.740686 4.244499 5.017651 -4.094866 54.784256 -1.516809 1.713742
Car -1 -1 -1.673641 1236.695068 298.943115 1315.978882 369.067139 1.202384 1.712063 4.243399 8.673103 -5.398427 61.268167 -1.533016 1.397536
Car -1 -1 -2.331751 206.002731 320.364532 367.400421 392.739929 1.211343 1.894885 3.226684 -17.199436 -4.195971 54.560498 -2.637127 1.106035
Car -1 -1 1.832801 524.882996 240.127487 608.038513 294.211304 1.304143 1.731121 4.344703 -14.459060 -9.243567 78.191311 1.649948 0.720963
Car -1 -1 -1.618048 1200.247437 256.510040 1264.407227 310.230774 1.230458 1.856281 4.263519 9.255626 -8.514144 76.258147 -1.497267 0.883123
Car -1 -1 1.692288 738.859924 167.380402 781.840637 213.052734 1.931765 1.570812 4.602249 -11.608827 -18.420531 121.218623 1.596811 0.311086
Car -1 -1 1.741535 693.592651 220.873123 755.979553 265.892029 1.268669 1.704202 4.255050 -10.038215 -11.625866 89.650761 1.630030 0.659176
Car -1 -1 1.800665 584.056824 215.152695 656.328308 271.415314 1.620628 1.610286 4.560937 -13.961591 -11.098798 86.995928 1.641536 0.685253
Car -1 -1 1.684722 807.876221 148.129395 839.211060 171.567993 1.446988 1.778101 4.256117 -11.366420 -28.691789 170.190248 1.618034 0.304560
