Car -1 -1 1.866145 177.328217 236.456192 282.721741 318.761871 1.808679 1.595766 4.338721 -21.765415 -7.488650 67.210436 1.552963 1.273401
Car -1 -1 1.789324 359.524658 234.755600 440.138336 292.958588 1.338304 1.555454 4.244833 -18.270845 -9.005717 74.041566 1.547392 1.296216
Car -1 -1 1.938566 40.842567 257.785034 156.621201 327.240234 1.385592 1.588073 4.277439 -25.560955 -7.200410 66.591123 1.572060 1.285190
Car -1 -1 1.833388 264.676392 251.328613 365.038116 329.831573 1.546861 1.560465 4.238731 -18.467350 -6.962981 64.807698 1.555790 1.605715
Car -1 -1 1.747557 478.633362 189.434143 544.022461 240.572968 1.594321 1.721841 4.241052 -18.061377 -13.196348 92.264230 1.554244 0.976505
Car -1 -1 1.771168 429.424835 212.557037 495.090271 262.208221 1.299844 1.444517 4.232946 -18.285363 -11.248557 83.638494 1.555930 1.118350
Car -1 -1 -1.748525 1275.934570 204.355713 1334.688110 250.988113 1.310299 1.418652 4.232705 14.820160 -12.329202 88.820318 -1.583192 0.654428
Car -1 -1 1.901008 139.922119 233.622208 227.520859 293.760620 1.404870 1.309845 4.235451 -25.387450 -8.920812 73.603330 1.568864 1.067700
Car -1 -1 1.803708 352.374603 201.246323 429.321167 250.837845 1.421127 1.754850 4.248730 -22.045015 -12.193923 87.852981 1.557853 1.008841
Car -1 -1 1.832344 271.062225 229.476257 351.992432 283.850189 1.266664 1.473991 4.246395 -21.790417 -9.541235 76.023738 1.553201 1.291217
Car -1 -1 1.775524 417.239227 180.007263 476.683899 227.416519 1.667461 1.449450 4.376142 -21.637183 -14.163034 95.911484 1.553643 0.578995
Car -1 -1 1.739055 517.758118 178.677368 572.453491 223.391891 1.561117 1.495801 4.239982 -18.032786 -14.964367 100.014440 1.560670 0.800072
Car -1 -1 1.760429 454.781311 170.446228 507.607666 207.852325 1.397016 1.517634 4.234277 -22.571239 -16.808223 107.814653 1.554057 0.725332
Car -1 -1 1.680864 645.331177 118.936455 675.773438 143.586243 1.496265 1.836523 4.249499 -21.629764 -30.987484 169.569178 1.553992 0.244493
