Car -1 -1 -1.613896 862.745422 376.332184 997.958069 540.019714 1.475533 1.773298 4.717897 -0.533188 -0.798449 42.694281 -1.626384 1.411518
Car -1 -1 -1.383139 12.378287 740.262329 322.692413 991.279663 0.649017 1.542387 4.211730 -6.631772 2.675646 23.589377 -1.657199 2.546100
Car -1 -1 1.747143 170.475830 267.740997 282.934204 347.088196 1.221056 1.734701 4.269017 -17.305437 -5.011048 65.534830 1.488972 1.324811
Car -1 -1 -1.670494 939.691284 781.081299 1256.785522 1077.654053 1.293502 1.810454 4.428544 0.966177 3.616763 22.177087 -1.626955 2.170689
Car -1 -1 1.819204 36.418419 264.386993 159.100494 348.039612 1.235781 1.624512 4.257194 -20.306889 -5.026966 65.422331 1.518237 1.200997
Car -1 -1 1.835047 19.494833 225.153442 124.341293 301.703278 1.327350 1.389233 4.257981 -24.274618 -6.970306 75.968730 1.525766 1.225297
Car -1 -1 -1.611653 936.692078 240.679077 1014.806030 308.299438 1.146942 1.744199 4.257981 0.366178 -6.579842 73.869831 -1.606696 1.265626
Car -1 -1 1.767586 197.053589 176.208206 273.417877 225.000198 1.311798 1.715198 4.250917 -26.294784 -11.583944 100.555705 1.511819 0.754061
Car -1 -1 -1.555683 709.749573 234.911804 777.732788 301.349182 1.233237 1.620212 4.230339 -6.011767 -6.991434 76.851730 -1.633750 1.238605
Car -1 -1 -1.585824 815.543152 213.013046 876.036926 269.797424 1.147259 1.685370 4.231737 -3.575795 -8.658223 85.493113 -1.627625 1.015782
Car -1 -1 -1.617821 919.177979 189.427063 977.466370 238.334793 1.195330 1.683727 4.263886 -0.441781 -10.778137 97.010200 -1.622375 0.809231
Car -1 -1 1.689500 345.297943 191.982040 420.555969 251.429764 1.360150 1.698959 4.260090 -18.568331 -9.523891 89.227025 1.484327 1.095687
Car -1 -1 -1.594952 816.669312 163.230484 867.179077 208.372131 1.257141 1.762451 4.255245 -4.706381 -13.247196 109.540934 -1.637890 0.663418
Car -1 -1 1.818340 62.668243 187.682449 139.508972 240.566559 1.217055 1.451927 4.248680 -29.751934 -10.644853 96.070003 1.518017 0.825832
Car -1 -1 1.717432 301.268097 147.054428 358.157043 190.092941 1.347393 1.662506 4.246796 -27.605956 -15.405875 121.302406 1.493664 0.666547
Car -1 -1 -1.630795 901.425720 160.537766 946.675171 199.340149 1.213768 1.657035 4.261170 -1.520912 -14.239698 115.376051 -1.643977 0.396468
Car -1 -1 1.743744 263.570923 125.216774 323.844971 174.448059 1.832078 1.799282 4.415453 -31.040674 -16.976656 128.954073 1.507527 0.331675
