Car -1 -1 -1.938823 1472.295410 422.706329 1670.228271 563.838806 1.342252 1.559582 4.344448 9.262488 -0.405650 44.376930 -1.733055 2.266395
Car -1 -1 -1.809475 1273.727173 329.391083 1402.919434 427.638885 1.324957 1.624095 4.306152 7.373224 -3.028752 59.322953 -1.685820 1.282196
Car -1 -1 -1.489159 575.244812 584.771423 783.902893 803.770264 1.207525 1.808524 4.400909 -3.303102 1.882033 30.474984 -1.597125 1.754427
Car -1 -1 -1.610420 920.507874 423.346008 1035.631714 536.012878 1.052276 1.626030 4.232491 -0.246095 -0.793293 46.423364 -1.615721 2.586285
Car -1 -1 -1.678709 1159.529053 457.067169 1322.197632 605.490845 1.202902 1.798055 4.298938 3.654751 0.136471 41.271520 -1.590385 2.165912
Car -1 -1 -1.386463 213.997665 589.212646 473.746277 856.405212 1.508126 1.573973 4.277442 -6.478061 2.186714 28.364807 -1.610995 2.772009
Car -1 -1 -1.487754 755.015686 322.406250 847.730713 404.062836 1.155571 1.618154 4.250226 -4.262983 -3.663472 62.972214 -1.555347 1.522922
Car -1 -1 -1.754168 1280.298950 584.802063 1539.770386 882.153442 1.561960 1.556432 5.115145 4.133659 2.256169 28.503506 -1.610149 1.808778
Car -1 -1 -1.593711 915.070679 750.806091 1162.194092 1023.155945 0.922187 1.815963 4.232375 0.348122 3.031852 24.346109 -1.579414 2.278921
Car -1 -1 -1.672166 1095.618774 307.195984 1188.610718 392.614807 1.337956 1.641880 4.240373 3.524430 -4.026532 65.244871 -1.618200 1.451560
Car -1 -1 -1.310164 0.000000 827.018127 337.736511 1078.675537 0.953308 1.964265 4.279716 -6.632590 3.537284 21.803570 -1.605467 2.683441
Car -1 -1 1.731849 447.368042 230.753464 526.017212 296.005768 1.550873 1.654953 4.263643 -16.007872 -8.136513 88.219055 1.552346 0.793490
Car -1 -1 -1.578628 920.481384 251.179810 1010.771973 384.993042 2.390010 2.034334 4.846704 -0.679242 -4.348469 66.549725 -1.588835 0.624323
Car -1 -1 -1.632104 1056.687378 237.228317 1126.598511 302.268127 1.507264 1.786485 4.419265 3.266085 -8.169261 90.261263 -1.595935 0.551683
Car -1 -1 -1.563307 889.538757 194.358521 938.438049 240.189896 1.498371 1.861598 4.243646 -3.245201 -12.896426 117.156552 -1.590999 0.638620
Car -1 -1 -1.990091 1242.089722 182.929443 1310.894165 221.107727 1.327845 1.422025 4.290875 14.044372 -15.978319 136.839370 -1.887815 0.258862
Car -1 -1 -1.582503 936.225647 230.751877 997.670593 293.992493 1.495253 1.683233 4.402360 -0.799598 -8.145282 87.978789 -1.591592 0.574322
Car -1 -1 -1.579172 927.904602 240.425720 1003.576782 333.246063 2.080693 1.850338 4.779181 -0.666674 -5.247848 70.935065 -1.588570 0.334778
