Car -1 -1 0.381763 0.039255 234.713226 133.244492 314.528229 1.509952 1.866120 4.256269 -23.859722 -6.777001 55.682728 -0.023064 1.235143
Car -1 -1 2.749126 1637.856567 220.670349 1837.567749 298.584869 1.748847 1.993469 4.680697 23.134639 -8.364247 65.169754 3.090240 2.105171
Car -1 -1 2.862974 1358.484619 204.224136 1515.457520 257.493622 1.413212 1.843511 4.532469 16.642180 -11.062680 76.331060 3.077641 0.433154
Car -1 -1 2.832331 1426.817505 228.023407 1593.371826 294.225037 1.456523 1.867054 4.016103 16.218573 -8.383503 64.740579 3.077795 2.111238
Car -1 -1 0.383856 0.319375 278.078552 113.688835 363.870789 1.419503 1.929147 3.949337 -21.659013 -4.909495 48.911442 -0.033011 0.761942
Car -1 -1 2.805131 1572.401123 212.762985 1720.526733 262.256104 1.248830 1.854140 4.209604 23.734746 -10.859848 75.970051 3.107945 0.668080
Car -1 -1 -1.567997 894.409729 211.134003 961.952698 281.407898 1.416244 1.723021 4.274219 -1.023333 -9.108609 66.558035 -1.583371 0.922836
Car -1 -1 -1.559417 950.573486 108.812607 990.745972 153.302032 2.170372 2.096066 4.680350 0.525509 -25.051885 132.668812 -1.555456 0.178971
Car -1 -1 2.710303 1842.338501 213.402542 1919.361084 269.174652 1.378825 1.845649 3.893861 33.151170 -10.698006 76.108208 3.121100 0.231647
Car -1 -1 -1.943573 1730.811768 159.274246 1801.963257 194.280746 1.064161 1.326331 4.249139 35.969030 -16.758554 97.452971 -1.589993 0.593756
Car -1 -1 -1.983735 1795.719360 152.698135 1870.481079 192.449448 1.267868 1.334774 4.258535 39.605361 -17.097620 98.987747 -1.603139 0.532923
Car -1 -1 0.331665 741.291809 102.017181 819.988220 136.353073 1.715987 1.878239 4.502810 -12.350621 -28.975023 147.787559 0.248289 0.428569
Car -1 -1 -1.923563 1674.369141 158.667068 1742.978149 193.563904 1.024066 1.314083 4.264380 33.459353 -16.788276 97.525268 -1.593063 0.609164
Car -1 -1 -1.601962 978.616028 97.490105 1009.526306 121.640862 1.444724 1.852676 4.262901 2.535919 -34.959574 173.240703 -1.587325 0.294026
Car -1 -1 2.907557 1390.353516 215.202698 1555.081055 272.383911 1.363329 1.883118 4.190487 16.631344 -10.036372 71.766681 3.135279 0.630676
Car -1 -1 -1.547079 920.180298 81.788399 942.835754 101.503387 1.494508 1.753384 4.291551 -2.724670 -41.575896 198.049053 -1.560836 0.234993
Car -1 -1 1.633722 835.614868 83.758156 862.710754 108.291000 1.792905 1.738930 4.317362 -9.717150 -39.237652 189.209001 1.582411 0.110685
Car -1 -1 2.703363 1883.417725 137.737076 1918.481689 164.356445 1.077658 1.869402 2.437289 51.590920 -21.587636 117.602401 3.116771 0.076956
