Car -1 -1 -1.654597 980.118652 450.562439 1105.265015 562.092957 1.040852 1.629144 4.252115 0.775067 -0.635150 45.850915 -1.637694 2.660623
Car -1 -1 -1.614088 975.369385 653.709656 1178.304443 866.221069 1.063955 1.825197 4.254145 0.810772 2.337819 29.945696 -1.587020 3.444865
Car -1 -1 -1.669425 1114.827759 364.308838 1215.819946 452.562164 1.144699 1.659962 4.253049 3.606605 -2.845218 58.217774 -1.607554 1.287803
Car -1 -1 1.721195 477.167419 251.372391 564.013733 324.771667 1.601851 1.753555 4.257194 -14.057153 -7.426650 82.497593 1.552421 0.882939
Car -1 -1 1.283297 673.891479 294.648193 778.562134 366.758026 1.269692 1.508191 4.225779 -7.050407 -5.563273 72.756325 1.186694 0.629741
Car -1 -1 -1.647994 1062.187988 281.561127 1145.749878 358.617889 1.459868 1.825915 4.255281 2.987045 -5.928007 74.957748 -1.608165 1.228679
Car -1 -1 -1.589911 939.300171 266.716431 1007.050598 332.244507 1.373527 1.780629 4.245143 -0.591619 -7.157922 81.828525 -1.597141 1.207230
Car -1 -1 -1.620503 1024.739990 245.599258 1086.423218 306.094818 1.515740 1.703428 4.260397 2.001310 -8.542690 89.489060 -1.598143 1.085953
Car -1 -1 -1.566551 949.595459 194.123993 995.473083 235.645081 1.360741 1.809557 4.240787 -0.864973 -14.246654 119.728880 -1.573775 0.710187
Car -1 -1 -1.551713 875.210144 168.125595 917.311646 209.163361 1.615549 1.889639 4.257234 -4.864192 -17.962004 140.147895 -1.586407 0.588635
Car -1 -1 -1.574756 936.924927 234.762161 991.821716 283.435425 1.201791 1.714721 4.246369 -0.987960 -10.053875 97.103249 -1.584930 0.921919
Car -1 -1 1.653952 695.716980 252.507126 765.483459 306.366669 1.240368 1.757198 4.258106 -8.362127 -8.458552 88.398952 1.559637 0.786468
Car -1 -1 -1.555708 916.353455 147.510208 949.378479 176.172607 1.451208 1.803565 4.268224 -3.703272 -23.686909 170.602982 -1.577411 0.374941
Car -1 -1 -1.597413 995.280273 154.396500 1030.102295 187.220520 1.516650 1.748592 4.243075 1.192528 -21.642075 159.944991 -1.589957 0.354334
Car -1 -1 -1.655505 1170.670898 177.838043 1215.775391 215.772446 1.406540 1.785140 4.234413 9.949460 -17.215964 136.948447 -1.582981 0.422908
Car -1 -1 -1.584363 989.575684 133.315186 1018.072449 160.498978 1.494371 1.774926 4.243945 0.793287 -28.287130 195.822994 -1.580312 0.257134
Car -1 -1 1.767607 336.561493 213.405167 387.679962 252.098206 1.196774 1.436337 4.233758 -25.630454 -12.681626 112.229273 1.543082 0.437786
