Car -1 -1 -1.626567 978.501709 605.680725 1165.003784 795.934998 1.120483 1.820217 4.254428 0.864590 1.903659 33.223564 -1.600549 3.390715
Car -1 -1 -1.708631 1200.303955 557.338379 1382.117554 707.093811 0.960653 1.691449 4.272402 3.911236 1.127418 36.887627 -1.602995 2.170929
Car -1 -1 -1.452198 316.723236 733.654114 533.408081 955.770630 0.803383 1.531789 4.222074 -5.474378 2.822290 27.128038 -1.651322 1.619089
Car -1 -1 -1.609008 964.034607 389.963928 1070.357788 485.590363 1.148512 1.821250 4.262114 0.436370 -2.027595 53.694441 -1.600882 2.095778
Car -1 -1 -1.526987 789.011414 357.583618 892.066284 457.402039 1.306290 1.820677 4.242261 -3.082041 -2.710815 56.961111 -1.581042 1.814518
Car -1 -1 1.656749 649.109436 298.495392 730.490295 379.731628 1.415639 1.568046 4.243796 -7.624787 -5.051807 69.958301 1.548187 1.255492
Car -1 -1 1.695235 543.087585 282.346313 632.145081 351.575226 1.349741 1.759964 4.245990 -10.980412 -6.076448 75.138093 1.550126 1.167379
Car -1 -1 -1.578707 1004.813049 191.320053 1048.891357 231.332611 1.311213 1.768228 4.247207 1.524165 -14.804300 122.641601 -1.566279 0.646106
Car -1 -1 1.720853 532.424316 231.796127 600.707458 289.955505 1.498429 1.569219 4.260786 -14.482407 -9.522842 94.170784 1.568260 1.064703
Car -1 -1 -1.561578 952.561523 167.910767 988.934631 216.562057 1.850849 1.616432 4.614784 -1.054114 -16.901362 134.553984 -1.569412 0.279423
Car -1 -1 -1.412696 1048.178345 174.006973 1096.030762 209.574677 1.382770 1.758212 4.282609 4.089172 -18.137334 141.615258 -1.383828 0.372645
Car -1 -1 1.675870 694.335571 143.194656 736.395447 191.059753 2.217748 1.757096 4.707795 -15.369067 -20.670772 153.771580 1.576254 0.113340
Car -1 -1 -1.556825 916.260803 163.531845 955.719788 198.222748 1.406983 1.859474 4.240551 -3.033422 -19.522073 148.006639 -1.577318 0.394050
Car -1 -1 -1.567408 930.730469 133.873993 956.691345 156.934982 1.384924 1.660547 4.257328 -3.492118 -28.891842 199.025525 -1.584953 0.216560
Car -1 -1 -1.540652 884.577942 132.823868 912.175720 157.099533 1.438769 1.744816 4.240924 -6.709128 -28.684926 197.355324 -1.574634 0.275244
Car -1 -1 -1.561031 883.319336 156.744049 918.838928 187.106445 1.372919 1.778858 4.241068 -5.124274 -21.013549 155.474423 -1.593978 0.463402
