Car -1 -1 -1.602880 406.033997 599.296570 573.193970 768.791504 0.967396 1.685609 4.235062 -6.186223 1.657431 33.760464 -1.784108 2.683435
Car -1 -1 1.795561 269.123230 293.193481 375.512878 381.372803 1.613196 1.540598 4.244721 -17.006580 -5.026819 70.342005 1.558343 1.283217
Car -1 -1 -1.602254 998.859863 414.376190 1102.346313 517.332764 1.130455 1.595326 4.217974 1.030758 -1.429223 50.884928 -1.582000 2.524153
Car -1 -1 -1.532849 839.581055 345.259521 923.024170 423.790802 1.159856 1.613272 4.220148 -2.492459 -3.606310 62.706875 -1.572576 1.486609
Car -1 -1 -1.553745 885.502380 188.708206 934.254761 236.252289 1.610337 1.899560 4.258698 -3.579225 -14.231291 119.650357 -1.583650 0.726736
Car -1 -1 1.702536 545.518616 231.109390 613.188049 284.348083 1.387509 1.652822 4.254967 -14.335992 -9.887113 96.088891 1.554433 0.925799
Car -1 -1 -1.554167 884.632996 132.566895 912.211670 158.770187 1.536572 1.751794 4.253766 -6.523178 -27.517840 190.715093 -1.588357 0.402523
Car -1 -1 1.664151 696.441101 178.844772 740.995117 215.773453 1.300500 1.641525 4.257353 -13.229096 -16.854078 133.527265 1.565399 0.555564
Car -1 -1 -1.557365 896.989258 152.355499 930.064270 181.332565 1.427673 1.838460 4.237144 -4.708041 -22.595657 164.831261 -1.585920 0.320627
Car -1 -1 -1.569020 938.063354 144.126053 967.854919 169.910858 1.383226 1.812294 4.268734 -2.675913 -26.350775 186.842963 -1.583340 0.418328
Car -1 -1 -1.622744 1098.098145 144.001678 1133.132690 172.734909 1.658050 2.039960 4.275498 7.988654 -25.334250 181.287368 -1.578706 0.128312
