Car -1 -1 1.926782 33.805145 353.104218 189.669235 452.866180 1.069731 1.071851 4.770632 -17.864747 -2.578922 45.432072 1.552135 1.229195
Car -1 -1 -1.357365 520.684509 677.183838 767.536072 878.710815 0.555866 1.513147 4.232864 -3.287438 2.340844 22.860602 -1.500189 3.682265
Car -1 -1 -1.523543 879.427002 601.995544 1056.831421 797.843750 1.025096 1.839086 4.232427 0.066659 2.066647 27.150748 -1.521088 3.124841
Car -1 -1 -1.221896 250.680573 651.397522 539.488159 850.354919 0.607205 1.467147 4.388947 -6.173219 2.168549 23.834085 -1.475335 2.276051
Car -1 -1 2.764127 1801.570679 324.386536 1918.763550 392.637848 1.258949 1.908619 4.110784 24.319254 -4.279176 56.395859 -3.111928 0.824220
Car -1 -1 1.773111 555.996948 258.957520 639.184143 341.613190 1.680211 1.429144 4.425030 -10.982749 -6.432368 64.528053 1.604526 0.767611
Car -1 -1 -1.570287 990.860901 286.841187 1071.169434 365.701843 1.422041 1.923767 4.272108 1.782030 -5.527290 61.531722 -1.541333 1.158177
Car -1 -1 -1.554702 1026.996582 224.009262 1080.276367 276.785217 1.548907 1.918107 4.249496 3.475768 -11.055497 88.394881 -1.515401 0.849767
Car -1 -1 -2.081985 1276.949097 254.663284 1392.969604 314.400757 1.423908 1.706611 4.399050 12.547804 -8.199874 74.709321 -1.915583 0.705240
Car -1 -1 1.844070 364.986176 256.574585 445.963196 315.994049 1.289382 1.335033 4.236930 -18.483399 -7.794549 71.323056 1.590497 1.103489
Car -1 -1 1.864141 403.308868 279.695465 495.619629 344.355255 1.219565 1.329174 4.244934 -15.266769 -6.258547 63.836911 1.629397 0.958495
Car -1 -1 1.812003 531.150024 226.131851 605.701172 294.608429 1.809824 1.403624 4.688355 -14.072453 -9.032157 76.606154 1.630330 0.534039
Car -1 -1 1.844719 437.105774 236.241135 512.666443 283.794189 1.249707 1.554723 4.247576 -19.132494 -10.293489 84.180511 1.621236 0.785942
Car -1 -1 1.739426 679.144653 208.610321 746.363220 270.796356 1.813708 1.791772 4.476687 -10.129082 -11.033728 86.144772 1.622382 0.633268
Car -1 -1 1.761794 633.669250 204.516449 695.220032 257.053528 1.621720 1.692305 4.267649 -13.043881 -12.476057 93.335559 1.622941 0.695896
Car -1 -1 1.742936 733.016296 200.823608 784.894897 241.440567 1.290327 1.491071 4.226777 -9.612846 -13.998620 100.051701 1.647151 0.572441
Car -1 -1 -1.180079 0.069909 836.271606 251.745377 1080.000000 1.239914 2.018351 4.443394 -7.420974 4.068529 16.795438 -1.596131 3.966277
Car -1 -1 -1.551225 1043.319580 177.683426 1076.882202 218.351318 1.781169 1.634863 4.481879 5.281826 -18.578949 124.367219 -1.508781 0.299950
Car -1 -1 1.738845 628.726196 251.966690 692.511353 306.473297 1.257920 1.370515 4.243650 -10.692470 -8.566209 75.611921 1.598364 1.070739
Car -1 -1 -1.596548 1156.547852 185.493042 1193.324463 217.903763 1.332290 1.798784 4.232974 11.816623 -18.539989 123.994682 -1.501535 0.539082
Car -1 -1 -0.501952 1267.200439 147.683868 1344.532104 186.518311 2.225969 2.276469 4.749077 24.101544 -25.203860 155.132299 -0.347823 0.231314
Car -1 -1 1.695477 813.683899 175.373016 852.515137 207.589691 1.338678 1.611012 4.252769 -7.837917 -19.330715 125.782006 1.633244 0.473494
Car -1 -1 -1.579258 1102.757324 162.246307 1131.693481 189.113220 1.410603 1.811429 4.256524 10.497123 -24.781426 153.343966 -1.510910 0.472486
Car -1 -1 1.820676 552.218811 211.218002 614.920044 254.576675 1.244686 1.529710 4.248206 -17.185573 -13.068303 96.883136 1.645118 0.404162
Car -1 -1 1.683930 835.211060 151.922882 864.595642 175.803925 1.366192 1.659086 4.252131 -8.861975 -27.218192 162.865006 1.629570 0.313054
