Car -1 -1 -1.520671 689.150452 701.515930 895.574097 902.458618 0.754028 1.765522 4.277258 -1.976013 2.500904 28.394213 -1.590152 2.142384
Car -1 -1 -0.579225 900.026062 295.784515 1069.261841 363.790802 1.227157 1.843875 3.774693 -0.196889 -5.656943 73.464402 -0.581905 2.088784
Car -1 -1 -1.670312 1057.479492 843.374939 1331.475220 1078.756226 0.953157 1.769346 4.382769 1.596236 3.737286 23.525690 -1.602565 3.152280
Car -1 -1 -1.786344 1353.253174 808.755859 1719.577148 1079.699951 1.188303 1.988252 4.341911 4.518055 3.682343 23.866369 -1.599251 3.848429
Car -1 -1 1.654925 667.262634 267.359131 743.122620 333.611572 1.348049 1.712922 4.241186 -8.279423 -6.971650 80.039348 1.551850 0.959999
Car -1 -1 -1.627489 986.364502 226.807144 1055.029053 283.667267 1.483540 2.065564 4.267084 0.968441 -10.047776 97.155558 -1.617521 0.580955
Car -1 -1 -1.597393 1028.434570 199.249359 1081.519775 246.371185 1.549176 1.881574 4.255344 2.546420 -13.229536 114.666090 -1.575189 0.636182
Car -1 -1 -1.569466 943.292908 163.801331 976.614075 196.194672 1.434972 1.669576 4.250545 -1.766919 -19.874838 150.489779 -1.581207 0.421662
Car -1 -1 -1.517995 598.611145 917.416748 905.427979 1080.000000 0.899537 1.816795 4.491609 -1.678718 4.045033 20.654630 -1.599092 2.301913
Car -1 -1 1.819821 247.797333 212.651016 332.337006 278.423859 1.930515 1.586612 4.776999 -25.633577 -10.601659 101.083694 1.571469 0.249809
