Car -1 -1 -1.710506 1127.414185 378.796967 1244.671265 477.313873 1.068420 1.572142 4.212973 4.989362 -2.222631 44.948039 -1.599956 2.137399
Car -1 -1 1.856570 188.231552 290.998840 302.208221 371.497742 1.286342 1.441515 4.249235 -17.704024 -5.065211 55.867068 1.549686 1.476740
Car -1 -1 1.888241 7.517996 331.225494 163.301498 443.902618 1.503977 1.431169 4.247987 -17.855953 -2.829793 45.840716 1.516800 2.220214
Car -1 -1 -1.598291 928.770020 348.909088 1024.127808 438.031219 1.128186 1.825562 4.220937 0.761330 -3.115755 48.622441 -1.582634 2.325376
Car -1 -1 1.773640 430.336945 199.642120 508.921967 259.830475 1.656560 1.804782 4.285571 -17.942571 -11.315375 83.570779 1.562152 0.803035
Car -1 -1 -1.659854 995.128723 787.936462 1302.560547 1080.000000 1.655813 1.778340 4.878323 1.537295 4.224543 18.415898 -1.576570 1.961711
Car -1 -1 1.888762 160.562271 261.055054 267.969574 327.890350 1.364480 1.464472 4.245736 -21.503400 -6.960635 64.932330 1.568963 1.267613
Car -1 -1 1.811641 345.084198 235.993149 430.786957 298.000977 1.340355 1.481145 4.243679 -18.104536 -8.619025 71.834091 1.564751 1.176506
Car -1 -1 1.754073 500.519226 181.586487 561.294189 231.089142 1.555255 1.649541 4.250209 -17.779565 -14.006444 95.113133 1.569275 0.694423
Car -1 -1 1.822805 291.926270 216.876709 375.051392 274.582794 1.489814 1.682974 4.329473 -21.636588 -10.076802 78.243696 1.553019 0.882860
Car -1 -1 1.730535 537.321228 172.210464 587.718628 214.342712 1.550940 1.658421 4.250926 -17.914885 -15.913386 103.653304 1.559391 0.513198
Car -1 -1 1.793757 377.309509 191.432953 437.644012 240.706055 1.499243 1.301951 4.377643 -21.762188 -12.780575 89.535237 1.555324 0.777040
Car -1 -1 1.703888 571.970459 165.308975 613.590332 197.425674 1.282085 1.486561 4.237343 -17.832841 -17.994797 112.255507 1.546345 0.502444
Car -1 -1 1.860031 294.132996 199.413193 362.588409 241.765198 1.316085 1.576405 4.237262 -25.265717 -12.793893 90.427444 1.587575 0.714446
Car -1 -1 -1.602227 935.725769 123.328621 964.141357 153.779480 1.826592 1.810037 4.472460 0.685940 -28.777513 161.208657 -1.597972 0.245536
Car -1 -1 1.811844 356.141388 183.202423 413.844910 222.551712 1.341138 1.456697 4.244405 -25.376564 -15.122745 100.567420 1.564670 0.531164
Car -1 -1 1.758052 465.632416 174.671646 518.549011 210.229813 1.271326 1.496655 4.235734 -22.002876 -16.664046 107.327000 1.555846 0.657636
Car -1 -1 1.691381 602.234192 131.833588 649.197144 180.341522 2.338544 1.835915 4.817390 -19.045398 -22.570288 133.570591 1.549749 0.095706
Car -1 -1 1.769630 392.787354 171.868729 444.909088 208.298126 1.285571 1.469290 4.223022 -25.451478 -16.646305 106.923192 1.535944 0.389516
Car -1 -1 1.723618 540.713806 137.858963 578.991638 166.307205 1.439819 1.699210 4.243400 -25.251302 -25.206470 145.303704 1.551554 0.297757
Car -1 -1 1.916147 25.090731 203.855484 107.299004 262.598511 1.724184 1.491753 4.344327 -33.584842 -11.258946 84.272407 1.536911 0.658965
Car -1 -1 1.970452 1.150935 286.162567 48.412453 369.313324 1.501542 1.017662 4.371883 -24.841811 -5.234484 57.419718 1.562131 0.286221
