Car -1 -1 -3.015718 824.389343 311.136841 1026.462524 394.168182 1.530179 1.931965 4.607092 -1.031143 -4.118386 54.526570 -3.034627 2.512023
Car -1 -1 2.765931 1505.157349 427.272095 1789.059692 537.218506 1.280036 1.886975 4.154576 12.156775 -0.671645 38.936586 3.068561 5.205571
Car -1 -1 -1.387859 588.322937 601.548645 779.758545 768.352661 0.674859 1.434280 4.233523 -3.345710 1.693543 26.272092 -1.514526 2.863120
Car -1 -1 -1.256387 311.605774 569.926025 565.793640 763.789734 0.952528 1.473305 4.332815 -6.340955 1.608728 26.454586 -1.491640 2.820893
Car -1 -1 2.752177 813.680786 426.429993 1112.220703 561.876221 1.465951 1.981300 4.213959 -0.059307 -0.335596 36.363975 2.750547 5.794928
Car -1 -1 -1.509174 861.575073 646.861084 1053.068237 837.753967 0.644332 1.726483 4.267969 -0.037137 2.155027 24.371279 -1.510698 2.528521
Car -1 -1 2.918746 1011.287354 396.166718 1269.220825 497.935303 1.295319 1.881249 4.343113 3.226157 -1.402038 41.727683 2.995908 3.032731
Car -1 -1 -1.637432 1160.691284 642.850403 1367.154663 868.128784 0.857871 1.748727 4.468723 3.123752 2.335759 23.834577 -1.507115 1.925422
Car -1 -1 0.389884 119.642868 339.612305 342.925995 421.347961 1.335695 1.896795 4.097516 -17.050047 -3.233185 50.240520 0.062711 3.482530
Car -1 -1 3.051625 1264.591309 307.011414 1453.005249 380.538208 1.386735 1.882878 4.406245 10.150365 -4.604501 56.683359 -3.054367 2.926574
Car -1 -1 -2.814425 463.961914 290.349762 650.719910 366.741089 1.541090 1.903507 4.304378 -11.107921 -5.117254 58.880858 -3.000885 2.439309
Car -1 -1 -1.775106 1467.030396 789.271179 1758.488770 1052.815674 0.554876 1.517257 4.236932 5.648456 3.196983 19.534748 -1.493634 4.417285
Car -1 -1 2.653166 322.048035 424.855499 687.968201 615.239258 1.792332 1.970783 4.628896 -7.191666 0.250725 33.466056 2.441491 2.281002
Car -1 -1 -1.150808 0.000000 793.845886 373.196198 1078.615601 0.929064 2.155516 4.281497 -7.145474 3.597182 19.170539 -1.507589 4.446535
Car -1 -1 -2.658981 263.773193 323.281769 463.790863 398.887634 1.269910 1.871768 3.846685 -14.641651 -3.886682 52.551109 -2.930707 1.625128
Car -1 -1 -1.454749 684.833252 874.848022 1009.012695 1078.721680 0.949248 1.810900 4.249680 -0.814374 4.114414 17.305097 -1.501774 2.548850
Car -1 -1 2.790865 1718.299072 384.758759 1920.808594 479.755371 1.405912 1.840942 4.170527 17.859252 -1.761792 44.576520 -3.111260 1.020462
Car -1 -1 2.873806 1598.972900 353.531647 1828.529541 436.916351 1.335462 1.840418 4.317117 16.579354 -2.784231 48.308767 -3.078780 1.694055
Car -1 -1 -2.672164 57.756767 304.286011 247.185333 376.394226 1.287590 1.882834 4.014607 -21.378912 -4.749957 56.951927 -3.031272 2.337516
Car -1 -1 2.840457 1627.409912 303.179260 1843.775269 378.700989 1.464417 1.892534 4.380274 20.046750 -4.680394 57.125882 -3.105232 0.816625
Car -1 -1 2.744241 1734.993774 321.776825 1919.509766 399.769379 1.415199 1.872068 4.212422 20.524941 -3.723398 51.561363 3.123081 0.688759
