Car -1 -1 -1.525485 810.470093 450.487030 946.340515 589.762756 1.334011 1.923005 4.315879 -1.795347 -0.250699 44.298968 -1.565991 1.766006
Car -1 -1 -1.581293 942.926514 241.610184 1001.408997 303.433655 1.512722 1.760330 4.249010 -0.683475 -8.748455 90.375690 -1.588856 1.102869
Car -1 -1 1.653015 652.556885 281.726990 736.778687 366.800690 1.634017 1.694068 4.231991 -7.780898 -5.514278 72.480882 1.546073 1.122590
Car -1 -1 -1.578644 907.702637 214.246872 956.236389 259.486481 1.322750 1.698992 4.241924 -2.359442 -12.009748 108.052350 -1.600477 0.749828
Car -1 -1 1.660506 684.249695 187.495407 735.244873 233.889175 1.588105 1.732752 4.250572 -12.240559 -14.323961 119.588352 1.558506 0.565172
Car -1 -1 -1.575099 1016.509827 298.790314 1091.849731 362.363434 1.197793 1.846152 4.256100 1.665448 -5.727516 74.301375 -1.552688 1.601840
Car -1 -1 1.695694 541.268677 218.779556 610.586182 282.290802 1.709953 1.735052 4.461675 -14.283374 -9.811633 94.814128 1.546173 0.489683
Car -1 -1 -1.550589 882.045654 134.655518 913.596130 164.189911 1.655569 1.933767 4.240565 -6.355145 -26.391798 184.748525 -1.584974 0.366533
Car -1 -1 1.736380 533.272827 199.393646 592.118286 242.963211 1.401492 1.674003 4.257622 -17.759058 -13.318788 114.375899 1.582341 0.800820
Car -1 -1 -1.575641 947.908203 150.207352 979.584229 177.068954 1.344663 1.775975 4.245546 -1.778497 -23.233059 167.782745 -1.586241 0.407603
Car -1 -1 -1.563593 908.703125 162.573532 945.478516 197.267883 1.543631 1.746961 4.262931 -3.464570 -19.311617 146.768568 -1.587194 0.429999
Car -1 -1 1.667801 690.483459 263.490662 753.658875 328.020630 1.334054 1.388782 4.251615 -8.021945 -7.316271 82.280974 1.570613 0.895807
Car -1 -1 1.648307 732.099731 196.378281 785.452454 246.921585 1.550748 1.758972 4.246394 -9.337245 -12.816104 110.925898 1.564330 0.575517
Car -1 -1 1.660880 709.560974 248.057724 771.146362 304.121338 1.273227 1.494625 4.240775 -8.092155 -8.607179 89.042749 1.570249 0.838730
Car -1 -1 1.655146 696.011292 139.963928 727.898499 165.581924 1.390589 1.643634 4.257352 -18.826198 -26.411911 185.425284 1.553963 0.292068
Car -1 -1 1.680694 628.168396 160.185257 670.874451 194.979935 1.490856 1.670234 4.261222 -18.890215 -20.203295 152.176367 1.557192 0.296786
Car -1 -1 -1.597688 1097.008301 139.943024 1130.847656 168.180099 1.550303 1.926806 4.234886 8.162748 -26.362269 186.022493 -1.553836 0.110332
