Car -1 -1 -1.604033 1034.805298 463.367340 1161.620605 583.991272 1.064707 1.770922 4.259465 1.653707 -0.325210 44.458566 -1.566854 2.398552
Car -1 -1 0.810608 699.231567 291.300659 859.963257 365.842865 1.402186 1.883974 3.862085 -5.681203 -5.622150 73.694421 0.733669 1.273467
Car -1 -1 -1.389102 289.145233 780.665833 567.736755 1023.136963 0.753499 1.527649 4.234271 -4.972254 3.074824 24.944796 -1.585854 2.480293
Car -1 -1 1.787321 259.988861 313.414673 371.240234 389.071503 1.293449 1.605815 4.253622 -16.896620 -4.761067 69.199377 1.547834 1.286224
Car -1 -1 -1.607582 1042.282593 268.224274 1109.175049 329.467682 1.243203 1.798711 4.240015 2.449593 -7.269011 82.132518 -1.577766 1.058897
Car -1 -1 1.698645 551.184265 284.804749 638.102478 354.481201 1.325424 1.680153 4.241301 -10.772590 -6.027837 75.129477 1.556229 1.107618
Car -1 -1 1.829532 171.524567 251.537064 264.165680 316.074066 1.451794 1.559403 4.249908 -24.360799 -8.088315 87.087996 1.556777 0.934969
Car -1 -1 -1.595098 1022.953552 195.234055 1071.311035 240.557877 1.461326 1.755508 4.244053 2.317894 -13.887883 117.967902 -1.575452 0.750124
Car -1 -1 -1.567468 946.240417 220.270569 999.127502 268.380920 1.333528 1.816745 4.257288 -0.740579 -11.252062 103.858994 -1.574598 0.903815
Car -1 -1 2.013376 0.716830 307.306793 73.382729 381.798157 1.320689 1.371986 4.270849 -26.120409 -5.250548 73.265363 1.670906 1.026248
Car -1 -1 1.694839 598.038086 207.339218 659.190796 254.989243 1.363330 1.719425 4.257344 -14.292026 -12.278382 108.710340 1.564120 0.720057
Car -1 -1 -1.567375 945.539673 165.429199 981.721558 200.060623 1.467180 1.660483 4.266511 -1.574382 -19.612263 149.692431 -1.577892 0.473723
Car -1 -1 -1.500042 1045.450439 175.675568 1091.128540 214.178177 1.589762 1.741828 4.270961 3.775534 -17.137914 136.176840 -1.472324 0.447766
Car -1 -1 -1.585152 989.502930 136.809052 1018.344788 163.279007 1.473117 1.725079 4.242292 0.807084 -27.357143 191.018166 -1.580927 0.286059
Car -1 -1 -1.556258 886.367615 143.052521 917.794373 174.792725 1.611421 1.828622 4.254907 -5.690330 -24.270182 174.102513 -1.588931 0.395705
Car -1 -1 1.675193 632.602966 178.239716 678.793823 213.655823 1.299976 1.675219 4.254497 -16.625040 -17.280484 136.557066 1.554045 0.504787
Car -1 -1 1.631722 780.345947 156.672592 818.539612 192.935715 1.630810 1.665868 4.261116 -10.539005 -20.086338 150.833761 1.561963 0.331599
Car -1 -1 -1.576451 939.238586 139.986481 969.609863 169.465271 1.516070 1.793532 4.264200 -2.458053 -24.944349 177.663158 -1.590285 0.274832
