Car -1 -1 -1.616285 884.832458 675.980408 1105.726562 893.714417 0.787021 1.732280 4.212206 0.085288 2.216334 26.212415 -1.613031 2.484101
Car -1 -1 -1.482070 499.155975 769.877075 762.840210 1026.090210 0.664634 1.674599 4.249568 -2.725622 2.738039 22.606356 -1.602060 3.002279
Car -1 -1 -1.732971 1204.961426 745.059021 1488.316528 979.241394 0.643040 1.565072 4.222904 3.104836 2.591591 23.906320 -1.603819 3.396366
Car -1 -1 1.837657 162.680237 278.589844 271.291962 353.614349 1.306581 1.422662 4.220052 -19.623093 -5.600213 71.295385 1.569071 1.313831
Car -1 -1 1.879823 43.539242 277.961029 155.830048 347.830658 1.277080 1.404618 4.239738 -23.249075 -5.861321 73.234341 1.572425 1.295005
Car -1 -1 1.770513 334.251312 219.495819 404.610199 272.412323 1.331320 1.382833 4.233809 -20.754967 -9.868686 94.350323 1.553984 0.766104
Car -1 -1 1.716112 452.757935 203.646484 520.058838 258.566498 1.534265 1.607131 4.254755 -17.726433 -10.863012 99.727938 1.540201 0.678200
Car -1 -1 1.826136 190.190720 218.424057 278.331329 287.404999 1.669273 1.419452 4.500643 -24.435187 -9.084699 90.769924 1.563171 0.528911
Car -1 -1 1.784657 281.612122 189.915771 345.050507 234.834076 1.426379 1.592665 4.243176 -28.078163 -13.615835 116.606336 1.548361 0.599119
Car -1 -1 -1.603178 932.694641 205.761002 982.991638 251.005188 1.312876 1.733484 4.261563 -0.756728 -12.013084 108.065081 -1.610180 0.727271
Car -1 -1 1.737465 475.978241 166.244354 530.446777 209.107315 1.526727 1.760767 4.242527 -23.295341 -17.068805 135.626046 1.567363 0.487685
Car -1 -1 1.755015 435.571503 166.485596 478.163635 199.353882 1.334587 1.394381 4.247739 -27.193316 -18.508758 144.268421 1.568710 0.471356
Car -1 -1 1.735156 506.125977 135.811081 541.365601 163.225845 1.575277 1.576970 4.246448 -31.502461 -26.843751 191.374399 1.572008 0.239250
