Car -1 -1 -1.496605 1310.840210 350.171265 1423.863281 461.845703 1.378680 1.846474 4.231010 8.941420 -2.518851 45.521898 -1.302654 2.154495
Car -1 -1 1.893842 103.559258 317.544098 239.589584 411.890869 1.245191 1.261069 4.475200 -17.187684 -3.711069 49.173548 1.557585 1.428404
Car -1 -1 -2.023803 1678.258911 511.501892 1919.461548 757.369873 1.827969 1.920724 4.471217 11.420782 1.630616 28.088953 -1.637625 3.314009
Car -1 -1 -1.813811 1197.057617 289.595612 1301.076416 359.782135 1.196469 1.593597 4.226981 8.479957 -5.743402 60.447659 -1.674435 1.096158
Car -1 -1 1.928948 72.601196 278.954987 195.444962 360.057922 1.454651 1.288932 4.378230 -21.243046 -5.479630 57.799385 1.576742 1.045270
Car -1 -1 1.724131 352.169556 257.591217 445.483582 379.434509 2.145834 1.397970 5.004600 -13.863029 -4.968349 56.191356 1.482251 0.529931
Car -1 -1 1.719434 533.962341 168.237289 587.404114 213.896271 1.627657 1.681137 4.256789 -17.994611 -15.946409 103.633704 1.547512 0.621004
Car -1 -1 1.757789 403.388428 236.401596 495.658783 324.390381 1.833834 1.770737 4.368509 -14.594607 -7.153642 65.202225 1.537583 1.076831
Car -1 -1 1.777242 424.167847 178.843918 487.166168 226.550156 1.621953 1.655496 4.260743 -21.867935 -14.695062 98.926867 1.559689 0.572615
Car -1 -1 -1.600101 933.924011 167.516739 977.025085 206.636169 1.455566 1.886632 4.246815 0.756446 -17.408450 110.917129 -1.593281 0.741421
Car -1 -1 1.777785 450.527557 202.556839 519.117004 249.652298 1.282510 1.606937 4.246217 -18.165981 -12.187994 87.405133 1.572865 1.031981
Car -1 -1 1.883849 165.984146 228.966949 257.578064 285.071838 1.288380 1.536461 4.250968 -25.071346 -9.432679 75.416876 1.562905 0.755179
Car -1 -1 1.802892 311.094910 220.235992 388.866333 270.532776 1.327223 1.599368 4.233589 -21.692420 -10.524870 80.776884 1.540535 0.888693
Car -1 -1 -1.659476 1019.205383 166.196884 1061.264038 202.214462 1.335851 1.742560 4.270270 5.144409 -18.001324 113.372773 -1.614131 0.626322
Car -1 -1 1.803545 322.842194 240.001205 410.145721 310.300079 1.551755 1.488427 4.228632 -17.864028 -7.816685 68.181469 1.547298 1.318510
Car -1 -1 1.819315 330.299347 189.611481 394.836578 231.233719 1.286834 1.616640 4.247615 -25.448261 -14.168637 96.370905 1.561142 0.699934
Car -1 -1 1.780909 414.871521 165.256516 471.121490 203.037491 1.452311 1.698325 4.236353 -25.963476 -18.102117 114.294024 1.557536 0.555719
Car -1 -1 -1.613136 980.237488 141.892242 1014.648987 175.500778 1.646236 1.742232 4.275772 3.512485 -22.945916 135.396300 -1.587200 0.403977
Car -1 -1 1.681312 605.711609 148.428131 647.413330 180.453156 1.398698 1.807927 4.242267 -18.636294 -21.787985 129.917444 1.538837 0.513273
Car -1 -1 1.677518 618.295227 119.696938 653.770813 149.110458 1.830436 2.042197 4.296877 -23.656248 -30.653517 169.792719 1.539085 0.091614
