Car -1 -1 -1.536819 798.926575 377.789337 908.182800 484.218933 1.088844 1.752331 4.232194 -3.034971 -1.713845 51.153137 -1.596080 2.448689
Car -1 -1 -1.374093 142.069427 718.355713 442.947906 982.304504 0.859732 1.512022 4.248077 -6.163180 2.700024 24.066176 -1.624798 3.505893
Car -1 -1 -3.088272 1678.424072 313.492981 1887.852661 391.139648 1.327198 1.828956 4.661240 19.801582 -4.403241 71.949127 -2.819704 1.939436
Car -1 -1 1.783966 182.730072 210.220322 272.878174 277.968140 1.521007 1.692393 4.267354 -25.007685 -8.633241 88.003077 1.507096 0.785125
Car -1 -1 1.737588 309.538788 220.362350 391.888733 278.253754 1.316330 1.674689 4.265692 -21.228749 -8.618324 88.398010 1.501901 0.734847
Car -1 -1 -1.588662 910.223572 185.078232 957.127686 226.946869 1.315170 1.711048 4.264988 -3.635841 -13.601749 119.146832 -1.619168 0.724269
Car -1 -1 1.708229 408.354218 185.347656 470.792389 232.730637 1.359302 1.704843 4.257999 -22.724463 -12.249459 109.194844 1.503048 0.595444
Car -1 -1 1.733468 329.408722 175.554688 394.934021 226.160919 1.481004 1.728333 4.243268 -26.377441 -12.836642 111.881313 1.501933 0.524512
Car -1 -1 1.763417 272.697266 169.765533 336.206787 212.859146 1.375476 1.601677 4.266843 -30.204504 -13.931740 117.333302 1.511463 0.580825
Car -1 -1 1.796746 228.545700 158.463562 289.154419 197.212234 1.332543 1.547607 4.239291 -34.266685 -15.479987 125.725365 1.530657 0.515941
Car -1 -1 1.737097 390.216980 144.212158 436.805664 179.750015 1.374248 1.511514 4.253101 -31.132575 -18.498716 142.734323 1.522345 0.204975
