Car -1 -1 -1.353226 98.280846 698.088989 356.021149 913.067078 0.583317 1.481979 4.201923 -7.597794 2.757999 22.906389 -1.673496 2.687823
Car -1 -1 -1.765720 1099.441406 719.610168 1354.651367 953.775024 0.722473 1.553803 4.213177 2.506809 3.061030 22.424935 -1.654395 2.817530
Car -1 -1 -1.754609 1123.878784 428.819458 1282.843506 549.899475 0.968829 1.723817 4.339386 3.977266 -0.452641 37.850672 -1.649916 1.934693
Car -1 -1 1.821158 225.579468 248.984787 307.088989 311.228333 1.402018 1.394574 4.258808 -23.597788 -7.611310 73.728955 1.511399 0.763980
Car -1 -1 -1.513299 630.325867 355.728790 732.137329 448.675262 1.170182 1.837747 4.255059 -6.456421 -2.444396 49.623050 -1.642681 1.403520
Car -1 -1 1.894468 0.930946 299.272217 81.397476 392.007996 1.566860 1.808572 4.480899 -25.065625 -4.098387 57.412598 1.482824 1.015959
Car -1 -1 -1.673266 908.038513 308.285034 999.388855 395.892761 1.416944 1.874619 4.259656 -0.428137 -3.893880 55.924595 -1.680922 1.511166
Car -1 -1 -1.576256 796.604004 252.700165 865.353577 321.180634 1.475410 1.917823 4.233846 -4.448788 -7.041967 70.818998 -1.638993 1.300311
Car -1 -1 -1.597319 829.228821 190.535248 878.456665 246.887039 1.745013 1.745227 4.570321 -5.030980 -12.416177 95.561477 -1.649917 0.387687
Car -1 -1 1.749927 433.406616 203.198227 488.574493 249.415634 1.376610 1.491106 4.244970 -22.605734 -12.557806 97.416113 1.521910 0.703667
Car -1 -1 -1.572880 803.126099 182.714310 846.937561 222.543060 1.413565 1.795197 4.230601 -7.245879 -15.306923 109.798622 -1.638777 0.537547
Car -1 -1 -1.508420 603.619690 260.184753 675.854065 354.155609 1.781159 1.615375 4.689531 -9.898638 -5.858207 66.445389 -1.656306 0.454260
Car -1 -1 -1.561323 772.147888 130.752899 798.759705 158.060486 1.580441 1.718208 4.265237 -14.528561 -28.888933 174.191462 -1.644537 0.320124
Car -1 -1 -1.616637 865.316223 144.925247 899.843933 176.171783 1.510652 1.901593 4.242657 -5.630181 -22.640802 142.843639 -1.656032 0.408628
Car -1 -1 -1.576532 816.439026 156.136230 849.866028 186.234695 1.393976 1.833748 4.256634 -8.347545 -20.746372 135.005016 -1.638285 0.448203
Car -1 -1 1.750609 424.839966 164.312088 466.653961 196.562180 1.520980 1.607871 4.256776 -32.440552 -20.279855 136.012310 1.516471 0.412450
Car -1 -1 1.747665 494.563995 141.975555 529.654236 169.829865 1.402564 1.573020 4.231769 -34.062298 -26.466731 163.922766 1.542786 0.141615
