Car -1 -1 2.747933 1641.181030 372.518036 1892.200806 458.909698 1.326257 1.851110 4.197487 17.356963 -2.373318 46.142510 3.107721 3.855323
Car -1 -1 -1.815321 1325.572266 728.048340 1627.578735 996.641785 0.889516 1.712410 4.239163 5.095521 3.018173 21.496969 -1.582582 4.640830
Car -1 -1 1.822642 288.793091 257.121735 384.775269 322.069458 1.309833 1.570601 4.270186 -18.195381 -7.271448 66.214369 1.554466 1.528865
Car -1 -1 1.915760 63.671078 257.874542 171.869339 326.536987 1.327666 1.484204 4.299435 -24.972254 -7.235502 66.605983 1.557055 1.189596
Car -1 -1 2.758756 1514.922852 338.025696 1749.833618 428.796356 1.504947 1.866684 4.222522 15.344128 -3.116150 48.739623 3.063751 2.571626
Car -1 -1 1.769193 473.266052 228.881439 547.434204 286.270203 1.371320 1.591922 4.248724 -14.655416 -9.285594 74.726069 1.575530 1.137105
Car -1 -1 1.872691 165.602188 256.088715 268.116638 327.450073 1.418571 1.433830 4.262012 -21.528613 -7.059435 65.309890 1.554270 1.539012
Car -1 -1 1.891055 148.069824 226.883774 249.749283 289.659424 1.461054 1.745150 4.292273 -25.108205 -9.134972 74.273082 1.565063 1.169701
Car -1 -1 1.786281 370.753143 232.227829 453.434052 289.252808 1.313289 1.612054 4.246138 -17.898664 -9.150900 74.263380 1.549776 1.239148
Car -1 -1 1.842852 254.289719 230.879181 341.197205 291.645294 1.396643 1.487089 4.238799 -21.785808 -9.114281 74.358394 1.557845 1.225496
Car -1 -1 -1.800357 1421.504150 262.878723 1509.951904 325.112335 1.197818 1.537702 4.249783 16.279764 -7.411232 67.959608 -1.565237 1.149630
Car -1 -1 1.849496 226.354645 206.807175 310.708801 262.307404 1.537382 1.659584 4.238935 -25.424601 -11.104779 82.965486 1.552134 0.693974
Car -1 -1 1.705519 567.460144 161.840973 609.723083 197.840134 1.413594 1.529635 4.243238 -18.760503 -18.737642 116.722361 1.546154 0.693165
Car -1 -1 1.776123 433.058990 181.450668 487.191528 222.719666 1.429618 1.524885 4.253236 -21.865850 -14.906483 99.459807 1.559719 0.762726
Car -1 -1 1.822527 309.682098 193.021255 372.800934 236.185516 1.363265 1.497517 4.229339 -25.940896 -13.679889 94.801719 1.555432 0.830803
Car -1 -1 1.809452 367.978088 199.614471 432.371460 244.465408 1.191134 1.348162 4.227682 -21.995076 -12.611551 89.011282 1.567201 0.787846
Car -1 -1 1.817738 330.810730 216.579254 400.120636 265.238770 1.207530 1.400756 4.235032 -21.725387 -11.009651 82.545841 1.560382 0.793731
Car -1 -1 1.751401 478.369568 181.598038 543.261414 239.510056 1.803884 1.761792 4.600671 -18.120214 -13.322114 92.477751 1.557911 0.378934
Car -1 -1 1.898437 65.391029 184.954529 156.459198 256.273132 2.042765 1.442598 4.831501 -31.268085 -11.297769 82.559093 1.536395 0.466182
Car -1 -1 1.772331 429.859711 215.803802 495.781281 265.162354 1.328925 1.478602 4.243905 -17.800017 -10.798223 81.380280 1.556996 0.927964
Car -1 -1 1.797300 390.674255 175.152237 444.061890 212.671799 1.280686 1.526655 4.245454 -25.378666 -16.402456 106.194043 1.562716 0.737774
Car -1 -1 1.746049 471.888214 164.906555 524.956848 206.582321 1.502899 1.644026 4.237741 -21.937656 -17.037470 108.357120 1.546292 0.380991
Car -1 -1 1.662247 668.973816 128.649567 700.998596 155.601959 1.580912 1.708170 4.361295 -18.088748 -27.514332 154.912765 1.546006 0.138109
Car -1 -1 1.699773 605.501160 129.592468 641.482727 157.428497 1.505857 1.813731 4.227103 -22.511427 -27.501928 155.210446 1.555740 0.242134
Car -1 -1 1.662994 701.170105 116.049164 728.110474 138.395905 1.599487 1.781356 4.261164 -18.690583 -33.418800 180.949792 1.560067 0.107579
