Car -1 -1 0.008813 812.278992 297.424347 996.498901 364.858124 1.370720 1.855093 4.451989 -2.314515 -5.480371 72.766737 -0.022983 1.696683
Car -1 -1 -1.522864 706.255859 797.310181 930.082520 1044.312134 0.724108 1.652021 4.233039 -1.456172 3.158250 24.400153 -1.582472 3.173699
Car -1 -1 -1.779765 1370.817627 802.826111 1695.754883 1062.647949 0.669311 1.678556 4.619434 4.598103 3.201511 24.260884 -1.592459 3.723916
Car -1 -1 -1.397063 245.413513 824.030457 564.415710 1079.369751 1.139716 1.775761 4.236228 -4.903056 3.761062 23.711171 -1.600972 3.841482
Car -1 -1 1.622319 657.441162 278.600555 727.078003 348.738434 1.382205 1.538247 4.242421 -8.332050 -6.335174 77.206069 1.514816 0.941957
Car -1 -1 -1.593575 1036.522217 222.628311 1097.345093 277.986572 1.392013 1.863333 4.230283 2.700808 -10.587268 99.997072 -1.566573 0.738185
Car -1 -1 -1.557400 1032.687500 265.885101 1098.843384 323.530029 1.201587 1.749905 4.245578 2.232228 -7.669438 84.825315 -1.531090 0.884925
Car -1 -1 1.762925 381.491486 195.344910 439.386993 234.577362 1.297655 1.514765 4.252797 -26.049708 -14.802594 123.703669 1.555376 0.620917
Car -1 -1 1.638303 686.120972 258.208344 750.883423 319.841522 1.350098 1.616466 4.243917 -8.460241 -7.810726 85.364021 1.539518 0.749464
Car -1 -1 1.635201 699.120728 228.281494 763.470276 283.960052 1.408470 1.737817 4.263595 -9.139572 -9.994487 96.629479 1.540898 0.966323
Car -1 -1 1.638694 733.489807 211.046707 789.015259 265.995209 1.505119 1.647639 4.236111 -8.614779 -11.308787 103.307999 1.555497 0.646189
Car -1 -1 1.649238 727.793457 144.185547 760.296570 172.369476 1.380168 1.590329 4.246177 -15.940888 -24.897781 177.459255 1.559650 0.320335
Car -1 -1 1.645260 671.568787 268.436371 740.550903 333.325043 1.395723 1.590037 4.239634 -8.284205 -6.994545 80.057162 1.542148 0.518376
Car -1 -1 -1.664158 1152.202759 164.322037 1202.660156 211.677155 1.839135 2.086051 4.330033 9.249935 -17.551954 137.718940 -1.597094 0.132025
