Car -1 -1 -1.642563 1056.455688 749.822815 1297.095703 998.052673 0.920002 1.784732 4.244052 1.615899 2.994137 25.775583 -1.579954 2.881647
Car -1 -1 0.047392 1710.433960 425.005585 1919.432739 544.577881 1.412726 1.798678 4.843305 14.959128 -0.833505 47.372229 0.353261 0.903469
Car -1 -1 -1.502828 648.168945 808.896301 888.726807 1055.375000 0.694969 1.662239 4.248349 -1.865912 3.217885 24.235776 -1.579666 3.922966
Car -1 -1 -1.767442 1351.852905 668.840820 1688.821167 1022.590210 1.580983 1.817402 5.125201 4.666327 2.968415 25.464199 -1.586202 2.192290
Car -1 -1 1.284043 663.875122 285.508331 772.680359 365.184570 1.496321 1.638751 4.244906 -7.229765 -5.563259 72.533646 1.184697 0.701043
Car -1 -1 -1.417855 222.007584 825.711365 523.085876 1078.544678 1.020091 1.746701 4.244716 -5.161798 3.666379 23.678568 -1.632492 2.417787
Car -1 -1 -1.620727 1037.538818 240.079224 1105.556152 302.934845 1.543150 1.972907 4.247007 2.564425 -8.761205 90.496727 -1.592398 0.926873
Car -1 -1 -1.570872 962.023438 192.491287 1009.781433 232.970932 1.383313 1.926963 4.253592 -0.298182 -14.612729 121.836537 -1.573320 0.767371
Car -1 -1 1.654192 704.960876 231.617142 775.236755 294.187286 1.572869 1.843217 4.253407 -8.295484 -9.111877 91.465307 1.563744 0.860941
Car -1 -1 -1.576349 989.697083 136.752975 1019.066650 164.969025 1.581077 1.749903 4.256392 0.847148 -26.869118 188.454327 -1.571854 0.273476
Car -1 -1 1.652740 749.819885 135.466278 778.611572 162.204224 1.538002 1.599735 4.259950 -16.173941 -28.057796 195.599584 1.570239 0.214439
Car -1 -1 1.663109 741.828308 211.941772 798.538208 264.416992 1.428728 1.741377 4.238780 -8.239372 -11.330111 102.950872 1.583247 0.499986
