Car -1 -1 -1.512555 661.635864 811.790344 897.160889 1065.972534 0.731669 1.702949 4.253461 -1.769906 3.278968 24.173122 -1.585643 3.876475
Car -1 -1 -1.645079 1026.309692 804.087830 1288.799316 1078.392700 1.054662 1.786885 4.294263 1.304927 3.521785 23.739991 -1.590167 2.049843
Car -1 -1 -1.746994 1332.663940 769.679871 1635.151733 1038.330688 0.891824 1.751078 4.441657 4.245043 3.111391 24.657702 -1.576506 3.485647
Car -1 -1 1.753810 394.315399 310.252960 492.932861 378.584076 1.168829 1.602255 4.253907 -14.010936 -5.103618 70.686451 1.558134 1.238027
Car -1 -1 1.782330 266.825287 307.243744 377.939056 385.725677 1.331948 1.667925 4.248389 -16.849301 -4.895795 69.712242 1.545180 1.201588
Car -1 -1 1.660657 641.420349 296.202667 727.354980 371.039825 1.321282 1.719362 4.252563 -7.983532 -5.393308 71.913259 1.550094 1.101642
Car -1 -1 1.728889 507.901947 295.631226 601.065674 380.913879 1.527032 1.553856 4.243932 -11.075037 -5.033535 70.129355 1.572260 1.022197
Car -1 -1 -1.374196 186.327682 835.608521 533.674194 1079.492188 1.239748 1.832830 4.242917 -5.057868 3.864123 22.811354 -1.592391 3.873771
Car -1 -1 1.765993 344.140381 263.595062 438.686127 338.947784 1.615898 1.725636 4.252404 -17.130247 -6.727369 79.068432 1.552639 1.180258
Car -1 -1 -1.574052 953.924072 242.732162 1011.938416 295.709869 1.312901 1.873218 4.272554 -0.331210 -9.387114 94.485361 -1.577557 1.269362
Car -1 -1 -1.548363 862.264954 258.090515 923.605774 316.346436 1.273367 1.684803 4.235806 -3.116570 -8.079195 87.057988 -1.584147 0.906585
Car -1 -1 -1.580003 967.548279 183.968842 1013.010437 226.578918 1.550397 1.896288 4.246926 -0.096999 -15.269783 125.213884 -1.580778 0.582942
Car -1 -1 1.734233 452.322357 266.421570 545.639771 343.080505 1.553622 1.783042 4.255528 -13.822158 -6.533136 77.739454 1.558271 1.253585
Car -1 -1 1.731026 530.535156 231.043777 596.973145 288.937347 1.516574 1.514030 4.249558 -14.707241 -9.630459 94.963213 1.577374 0.807981
Car -1 -1 1.690511 565.922485 277.573242 643.334045 345.967621 1.320585 1.523549 4.256229 -10.873570 -6.467475 77.725436 1.551516 1.076694
Car -1 -1 1.694423 591.813049 250.105179 665.687317 315.885254 1.528649 1.657235 4.240136 -11.233958 -7.929421 85.622777 1.563966 1.010442
Car -1 -1 1.757150 400.111206 251.747742 471.179962 310.995056 1.282166 1.299970 4.242739 -17.661445 -8.320421 87.847966 1.558750 1.031575
Car -1 -1 1.745785 442.661957 225.453705 514.145203 283.398224 1.481795 1.536362 4.278156 -17.605234 -9.817458 94.857492 1.562276 0.645777
Car -1 -1 1.655464 682.490234 261.703033 757.404114 337.137543 1.545517 1.664728 4.240377 -7.924408 -6.995018 80.815160 1.557721 0.975275
Car -1 -1 1.739490 404.338348 181.170929 466.816162 232.421494 1.862866 1.850133 4.567920 -25.342752 -15.163565 126.017306 1.541032 0.211020
Car -1 -1 -1.568276 944.212524 137.427719 973.814453 163.098938 1.530271 1.752209 4.239969 -2.264209 -26.961233 187.931400 -1.580324 0.282181
Car -1 -1 -1.559096 935.692078 155.249527 968.668945 184.519455 1.318452 1.764754 4.242130 -2.417726 -22.271752 163.783773 -1.573856 0.411344
Car -1 -1 1.703531 569.085693 222.079865 627.835693 267.338715 1.236018 1.400775 4.250489 -14.793419 -11.240422 103.614778 1.561716 0.554569
Car -1 -1 1.713598 525.342163 204.669144 580.369202 246.624588 1.262902 1.384799 4.240967 -17.725958 -12.867577 111.407880 1.555812 0.509377
Car -1 -1 1.737544 480.141022 213.979019 540.865540 264.171906 1.361585 1.492148 4.228551 -18.044697 -11.442278 103.894483 1.565576 0.452768
Car -1 -1 1.703192 634.725403 235.331482 692.143982 290.713043 1.391999 1.335929 4.235901 -11.257026 -9.555393 94.631259 1.584792 0.484975
Car -1 -1 1.642606 703.009338 134.059280 733.724548 161.370132 1.519352 1.703976 4.260745 -19.162555 -27.798307 193.084796 1.543685 0.198968
