Car -1 -1 -1.675059 1000.048035 787.626587 1240.419434 1064.176270 0.502566 1.504178 4.286569 1.006033 3.275694 19.195165 -1.622696 3.061623
Car -1 -1 1.641588 744.435730 171.805527 798.070007 223.817673 1.519194 1.701308 4.260892 -9.108021 -12.740059 91.284414 1.542141 0.706099
Car -1 -1 -2.309465 994.808838 187.817230 1103.599609 236.907089 1.285075 1.827123 3.664559 2.186028 -11.118127 82.975536 -2.283126 0.948043
Car -1 -1 3.137598 1444.023193 170.912766 1608.751465 238.601471 1.826702 1.987259 5.001153 18.782492 -10.177514 76.668767 -2.905337 1.633395
Car -1 -1 1.684167 657.250977 178.250916 713.238770 226.146881 1.436102 1.642099 4.253641 -12.828899 -12.698299 92.043971 1.545681 0.804877
Car -1 -1 -1.862769 1370.581909 813.465942 1838.161499 1078.497070 1.189769 2.083412 4.438519 4.660636 4.053138 17.582659 -1.603658 3.644025
Car -1 -1 -3.105861 489.903748 245.960358 655.709351 319.159546 1.546156 1.873727 4.164240 -12.050118 -6.300221 63.479748 2.989730 2.224729
Car -1 -1 1.719340 557.322021 182.700409 619.134521 233.646957 1.498657 1.685594 4.277701 -16.493119 -12.140814 89.867508 1.537833 0.713443
Car -1 -1 1.641703 770.149719 163.749039 814.349792 207.532257 1.455553 1.520665 4.255378 -9.017832 -14.694614 100.541893 1.552250 0.708021
Car -1 -1 1.692668 683.188599 162.833969 733.497620 206.283112 1.377481 1.624193 4.239017 -13.217566 -15.068991 102.733630 1.564712 0.583120
Car -1 -1 -1.568398 914.398560 73.370895 939.666504 96.836594 1.616569 1.819860 4.266192 -5.519450 -36.570978 190.583057 -1.597351 0.337407
Car -1 -1 1.652159 716.514771 150.494659 756.956482 190.416061 1.432261 1.583232 4.238323 -12.948498 -17.065206 111.430965 1.536476 0.510727
Car -1 -1 1.694700 638.765381 126.161125 680.077332 159.263306 1.486210 1.723628 4.233847 -20.305115 -22.343944 134.572552 1.544944 0.342056
