Car -1 -1 -1.715499 1201.766357 543.474182 1386.309082 691.746582 0.930560 1.731620 4.479274 4.001035 0.931016 37.301274 -1.608645 1.593477
Car -1 -1 -1.534304 771.976379 544.747498 921.328064 693.501343 1.017186 1.768036 4.248662 -1.931402 0.998251 37.423254 -1.585867 2.496602
Car -1 -1 -1.616769 972.927734 468.785553 1098.229126 588.705750 1.044726 1.712181 4.248659 0.663502 -0.263746 44.744928 -1.601941 2.478530
Car -1 -1 -1.653157 1042.088379 892.070740 1336.081787 1078.782349 0.997458 1.766306 4.288436 1.430805 4.066912 21.972850 -1.588131 3.109448
Car -1 -1 -1.791413 1332.736938 822.430481 1698.528442 1078.785034 1.050398 1.972408 4.609699 4.341687 3.680376 23.826713 -1.611171 2.548238
Car -1 -1 1.703515 585.602478 251.282242 658.203674 314.854492 1.481220 1.631584 4.236484 -11.498415 -8.006653 86.032568 1.570650 0.864967
Car -1 -1 -1.565623 933.280518 136.202271 962.507019 163.746704 1.570889 1.764395 4.258143 -3.043620 -27.262001 190.828606 -1.581571 0.343425
Car -1 -1 -1.615545 995.137207 151.734360 1027.327148 180.818100 1.423352 1.767910 4.246490 1.120819 -22.879503 166.627952 -1.608819 0.433534
Car -1 -1 1.653105 690.025085 178.840225 735.094543 216.234741 1.346203 1.711553 4.243723 -13.173967 -16.407440 130.591613 1.552566 0.458378
Car -1 -1 -1.578684 941.311890 164.669434 977.988403 197.463715 1.384192 1.795887 4.252753 -1.751857 -19.823477 150.371661 -1.590334 0.531988
Car -1 -1 1.658324 723.221985 152.544083 757.771484 180.606781 1.420295 1.675256 4.250409 -15.299080 -23.041469 167.811229 1.567407 0.213306
Car -1 -1 1.607957 771.094910 185.331207 813.462280 223.810822 1.373659 1.680129 4.251128 -9.255502 -15.712855 127.830676 1.535679 0.271155
Car -1 -1 1.625791 746.736450 204.648743 796.260071 248.019257 1.363494 1.605658 4.251631 -8.872390 -12.745786 111.175733 1.546155 0.253257
