Car -1 -1 -0.286760 1367.685669 364.612976 1652.493774 485.132599 1.587238 1.884093 4.435489 10.053641 -1.803491 40.483820 -0.043347 4.779945
Car -1 -1 -1.319456 370.109314 659.561890 643.846924 881.102905 0.599462 1.501397 4.540667 -4.575680 2.100235 22.552078 -1.519633 2.655266
Car -1 -1 -3.055346 525.193848 316.784027 707.933105 404.226532 1.430743 1.829966 3.635786 -7.679283 -3.731342 48.527576 3.070895 3.077703
Car -1 -1 2.717181 1534.152710 332.596893 1762.693115 433.071869 1.526625 1.847327 3.765870 14.339591 -2.992319 45.741820 3.020968 2.494310
Car -1 -1 -1.612010 1035.837402 699.944580 1245.317993 924.472351 0.540088 1.668272 4.246436 1.642658 2.385666 21.474725 -1.535666 4.897404
Car -1 -1 1.787591 552.291199 240.855072 639.821777 303.818817 1.236265 1.552442 4.267255 -11.084430 -7.940302 65.929567 1.621024 1.144202
Car -1 -1 1.795054 524.534241 207.534775 602.743042 272.208801 1.500469 1.568429 4.234796 -13.782017 -10.064260 75.264621 1.613946 0.890149
Car -1 -1 1.893227 233.234680 248.004639 336.516998 313.651611 1.226866 1.381010 4.272323 -20.480566 -7.718036 66.000635 1.592340 1.146144
Car -1 -1 1.750559 618.667114 184.065369 676.926758 226.754471 1.223031 1.562154 4.244161 -13.080845 -13.731783 90.592489 1.607158 0.818670
Car -1 -1 1.841914 435.762085 215.921631 516.066467 269.140686 1.225030 1.419284 4.240336 -17.340016 -10.477700 77.818376 1.622669 1.210734
Car -1 -1 1.913994 312.601044 197.712158 399.298950 255.502884 1.444994 1.599025 4.308256 -22.495687 -11.351575 80.864488 1.642664 0.766673
Car -1 -1 1.725190 685.027893 130.588150 724.238953 159.686218 1.411611 1.630782 4.230751 -16.284357 -24.630904 137.550131 1.607350 0.408249
Car -1 -1 1.685730 764.103943 129.526337 792.504639 158.893585 1.207876 1.455423 4.257850 -11.390858 -24.295626 135.149703 1.601645 0.329830
