Car -1 -1 -0.873794 520.375427 373.913452 718.432190 464.545319 1.145336 1.796140 3.827840 -7.488239 -2.504498 55.812583 -1.007165 1.620153
Car -1 -1 -0.015451 866.227905 454.292114 1161.586304 571.310425 1.378089 1.857684 4.374686 0.341597 -0.320049 44.433349 -0.007763 4.671836
Car -1 -1 -1.393579 881.734680 328.523254 976.390564 406.385376 1.177173 1.557013 4.235789 -1.457260 -4.152030 65.345639 -1.415876 1.159853
Car -1 -1 -0.298405 115.003151 371.189148 423.769257 510.365356 1.701733 1.964575 4.878201 -13.330934 -1.600079 51.058835 -0.553793 3.131869
Car -1 -1 -1.770679 1344.026489 787.260864 1626.901123 1016.628113 0.651012 1.570049 4.263336 4.378352 3.058654 25.253206 -1.599008 2.927752
Car -1 -1 1.748824 396.793182 294.953217 498.150879 378.515381 1.538426 1.698539 4.248711 -13.897760 -5.112412 70.747960 1.554853 1.166005
Car -1 -1 -1.513086 630.638977 834.845764 898.446411 1078.280396 1.396281 1.745158 4.510743 -1.744812 4.000394 22.404328 -1.590807 1.832606
Car -1 -1 -1.649155 1032.129395 826.546875 1292.401611 1080.000000 1.085728 1.750497 4.301577 1.345313 3.726702 23.655571 -1.592346 2.153141
Car -1 -1 1.653528 637.090149 289.246979 727.107605 384.515656 1.675807 1.700967 4.537514 -7.693798 -4.905697 68.986053 1.542460 0.639851
Car -1 -1 1.706918 516.011780 300.671051 607.428528 378.068665 1.315209 1.609739 4.241430 -10.998084 -5.160958 70.797794 1.552805 1.113705
Car -1 -1 1.779760 279.154327 304.397522 380.805237 377.766418 1.288980 1.534282 4.239575 -17.026255 -5.167309 71.217959 1.545092 1.230645
Car -1 -1 1.717843 489.172485 235.407227 570.322388 314.499390 1.949271 1.767140 4.263837 -14.409778 -8.055735 86.271645 1.552343 0.874745
Car -1 -1 1.777429 338.983276 281.446228 420.453339 348.372162 1.289863 1.244188 4.241263 -17.223938 -6.401459 77.844554 1.559676 1.015600
Car -1 -1 1.712656 610.230042 244.660828 675.542908 304.670135 1.418328 1.574848 4.242187 -11.118224 -8.520363 88.287639 1.587384 0.950451
Car -1 -1 1.687924 559.391785 274.759308 638.607422 343.728149 1.393275 1.606129 4.249847 -11.096511 -6.526999 78.143591 1.546866 1.035189
Car -1 -1 -1.574579 976.688110 133.036057 1003.628601 156.653656 1.403446 1.737191 4.257013 -0.177913 -29.097656 200.066656 -1.575468 0.381565
Car -1 -1 1.640304 679.001526 173.818207 719.448853 208.017365 1.323559 1.601509 4.243933 -14.795582 -17.902788 139.609059 1.534720 0.492077
