Car -1 -1 -0.021338 539.829651 423.696014 828.347351 530.460327 1.306612 1.868546 4.625056 -5.362573 -1.033962 48.365150 -0.131764 4.418401
Car -1 -1 -1.529360 707.946045 754.130371 922.213684 975.715393 0.719437 1.708591 4.264539 -1.596583 2.876682 26.213127 -1.590193 3.697956
Car -1 -1 -2.239192 1439.227051 303.649841 1614.314453 386.037903 1.357294 1.656621 4.399889 13.378165 -4.906105 69.511414 -2.049057 0.834719
Car -1 -1 -1.406705 318.613220 723.629333 586.273071 985.459351 1.013808 1.601883 4.493330 -4.953805 2.876157 26.008933 -1.594916 2.326332
Car -1 -1 -1.675603 1079.829102 874.874451 1360.713989 1078.988281 1.131201 1.631023 4.237863 1.706669 4.001623 22.212809 -1.598921 3.957722
Car -1 -1 -1.819326 1403.633179 797.957458 1797.736938 1079.499146 1.631271 1.740255 4.654341 4.651107 3.942236 22.061667 -1.611545 3.195010
Car -1 -1 1.663670 634.888489 299.449554 727.623352 388.621704 1.510671 1.753997 4.259192 -7.676717 -4.733732 68.128637 1.551464 0.882350
Car -1 -1 -1.601452 1047.405151 244.704559 1105.907104 295.840942 1.246089 1.730284 4.268514 2.808299 -9.248145 93.236501 -1.571341 0.932279
Car -1 -1 -1.562540 1024.166138 195.517685 1070.323486 234.817322 1.365184 1.772876 4.251419 2.388214 -14.473643 121.533982 -1.542892 0.664864
Car -1 -1 -1.570356 948.525757 202.661484 994.912170 244.809235 1.320417 1.743056 4.246355 -0.870672 -13.273328 114.437399 -1.577964 0.869998
Car -1 -1 1.706531 555.825378 287.743195 632.878723 357.110870 1.252375 1.560015 4.241847 -10.804077 -5.996786 75.105293 1.563658 1.124261
Car -1 -1 -1.561729 905.185242 158.338699 942.432373 194.665512 1.657005 1.803915 4.323208 -3.716970 -19.908248 150.493468 -1.586422 0.341072
Car -1 -1 -1.559373 941.348389 149.490417 972.613464 176.292831 1.332666 1.734092 4.257310 -2.162446 -23.512545 169.671828 -1.572117 0.348610
Car -1 -1 1.703482 466.000580 275.626068 539.605408 338.067780 1.195189 1.326950 4.246771 -13.872618 -6.732187 78.295186 1.528119 0.608949
Car -1 -1 1.670339 585.930847 259.218903 659.045837 321.502625 1.320574 1.602065 4.247127 -11.088536 -7.580636 83.077193 1.537651 0.577114
