Car -1 -1 -1.654011 1105.882080 384.278534 1226.514282 503.232391 1.387527 1.728230 4.402661 3.165767 -1.708129 51.367048 -1.592459 1.306851
Car -1 -1 -1.550920 778.553040 365.795349 878.355652 471.787323 1.411991 1.806658 4.254980 -3.247266 -2.335444 55.257947 -1.609618 1.626220
Car -1 -1 -1.660259 1055.969360 811.052490 1289.071533 1053.709473 0.690021 1.608522 4.230225 1.502981 3.259021 24.606245 -1.599254 3.137582
Car -1 -1 -1.623468 1049.807129 287.250244 1127.045288 353.320251 1.231876 1.800480 4.244300 2.631759 -6.130420 76.118328 -1.588907 1.281593
Car -1 -1 1.859521 103.487556 270.298096 204.210022 334.537659 1.375616 1.483900 4.249938 -24.774830 -7.064680 81.808192 1.565460 1.169116
Car -1 -1 1.358621 662.868774 270.466644 772.022644 360.777863 1.730032 1.840299 4.305963 -7.398836 -5.827920 73.966332 1.258923 0.677502
Car -1 -1 -1.530725 819.555542 278.649048 900.170898 363.337158 1.623015 1.905113 4.334230 -3.508026 -5.752067 74.235128 -1.577945 0.720222
Car -1 -1 -1.575311 934.319275 340.941772 1029.516113 438.186554 1.419505 1.819598 4.227396 -0.258644 -3.233547 60.450001 -1.579589 1.481817
Car -1 -1 -1.603490 1050.769653 243.268555 1112.911743 298.490906 1.295720 1.795753 4.250037 2.973523 -9.177550 93.000613 -1.571528 0.918317
Car -1 -1 -1.542712 855.426453 223.926788 910.990662 274.554016 1.364869 1.781808 4.254601 -3.952937 -10.702099 100.797792 -1.581908 1.086334
Car -1 -1 -1.546323 984.002808 209.012573 1033.875610 250.585831 1.272785 1.811753 4.240976 0.678637 -12.743887 111.878349 -1.540257 0.753270
Car -1 -1 -1.569227 1037.280640 193.676666 1082.697266 236.360611 1.370042 1.721860 4.232184 2.981322 -14.335082 120.500536 -1.544491 0.537355
Car -1 -1 -1.538425 947.793274 313.842072 1024.912354 389.799805 1.209094 1.642992 4.254372 -0.140193 -4.559125 66.304068 -1.540540 1.321680
Car -1 -1 -1.583817 985.162903 135.017807 1015.023621 161.849792 1.430043 1.741105 4.229124 0.530750 -27.527455 191.623239 -1.581047 0.320268
Car -1 -1 -1.553919 900.557678 172.951981 938.871033 206.471436 1.345160 1.722279 4.244946 -3.749216 -18.386238 142.723747 -1.580182 0.519120
Car -1 -1 1.738931 383.983734 198.034515 442.571014 238.973343 1.299958 1.573623 4.237780 -24.932178 -14.044044 118.928414 1.532284 0.710725
Car -1 -1 -1.561859 936.500549 158.767654 971.358276 190.784271 1.429335 1.804440 4.244788 -2.198784 -21.290409 158.619234 -1.575720 0.379437
Car -1 -1 -1.432137 1083.682617 164.235229 1127.645874 197.527954 1.501317 1.724877 4.237710 6.233596 -19.915244 151.373257 -1.390980 0.169643
Car -1 -1 -1.551686 911.215515 133.118530 937.739929 156.672745 1.383418 1.714745 4.261330 -5.090225 -29.797609 204.930110 -1.576519 0.235578
