Car -1 -1 2.825204 1341.205933 355.153229 1578.902466 453.262817 1.546719 1.890570 4.124076 10.907463 -2.498832 46.212671 3.056990 4.468409
Car -1 -1 -1.643983 965.846985 689.033447 1199.779297 967.466187 0.944677 1.826819 4.568783 1.291346 2.769432 21.978028 -1.585294 2.093502
Car -1 -1 2.850839 152.248306 381.503998 443.926361 511.966125 1.404184 1.922996 4.305751 -11.623308 -1.415871 39.687518 2.565936 5.138167
Car -1 -1 -1.492988 568.133728 768.697021 811.025635 1032.098633 0.613000 1.713235 4.250682 -2.217047 3.080819 20.439852 -1.601032 3.243232
Car -1 -1 2.927895 699.000488 365.041168 939.883911 467.028381 1.379875 1.874195 4.236485 -2.460853 -2.200242 44.103684 2.872156 4.606439
Car -1 -1 -1.825912 1315.608154 723.724915 1625.571899 991.447510 0.902289 1.759582 4.266458 5.060025 2.991422 21.601970 -1.595822 4.215303
Car -1 -1 1.917465 76.585419 244.238892 177.887253 313.694672 1.492133 1.373071 4.244160 -25.491339 -7.796145 68.710514 1.562209 1.073616
Car -1 -1 -1.616120 1004.908386 184.300171 1064.985596 257.822754 2.215084 2.015591 4.812762 3.648318 -11.785037 86.348877 -1.573895 0.426278
Car -1 -1 1.820293 308.213013 253.796265 400.550262 317.035889 1.279717 1.498303 4.244245 -17.998552 -7.541695 67.302514 1.558981 1.220918
Car -1 -1 1.783377 378.457367 215.124298 461.299896 281.375366 1.700140 1.721607 4.298770 -18.158221 -9.672403 76.524758 1.550400 1.020086
Car -1 -1 2.695102 1794.413208 356.627899 1919.058960 458.673218 1.550166 1.857919 3.989842 21.960108 -2.630324 49.173515 3.115112 0.793061
Car -1 -1 1.714981 558.006470 170.667480 607.830444 207.599274 1.339959 1.659561 4.257327 -17.533489 -16.809253 107.538627 1.553360 0.727207
Car -1 -1 1.860724 173.579956 256.706055 273.273315 320.031128 1.284961 1.440991 4.232842 -21.887061 -7.422145 67.017848 1.545059 1.391853
Car -1 -1 1.762122 426.997742 251.080368 515.437500 315.158203 1.259820 1.712639 4.284181 -14.383599 -7.607249 67.252008 1.551420 1.298319
Car -1 -1 1.814338 321.761292 207.209824 394.580811 257.095886 1.335289 1.495497 4.238290 -22.341427 -11.488095 84.152681 1.554837 0.976305
Car -1 -1 1.839910 266.017303 232.797104 350.103790 291.638123 1.334697 1.539184 4.245644 -21.729869 -9.249944 75.353489 1.559154 0.916303
Car -1 -1 1.749826 480.956116 193.964142 540.292175 239.599594 1.394521 1.494553 4.245826 -17.879408 -13.028472 91.064614 1.555954 0.870723
Car -1 -1 1.841888 261.232330 208.785477 331.602600 256.589417 1.293921 1.455512 4.238497 -25.056267 -11.599955 85.097293 1.555537 0.711100
Car -1 -1 1.730126 513.536926 179.654434 568.591919 223.367554 1.492979 1.658546 4.215922 -17.937844 -14.738900 98.494133 1.549979 0.572926
Car -1 -1 1.749072 453.499054 167.512650 507.263000 208.095688 1.598557 1.821244 4.238279 -22.691297 -16.822403 108.124032 1.542211 0.578509
Car -1 -1 1.876533 180.134445 227.394501 267.463318 283.178650 1.314363 1.579709 4.215940 -24.987326 -9.602693 76.548346 1.561012 1.054564
Car -1 -1 1.767049 435.705597 209.594193 500.104675 256.871582 1.276210 1.535648 4.224291 -18.421072 -11.632513 85.447942 1.554717 0.960817
Car -1 -1 1.777852 349.322235 176.126617 410.231354 218.033875 1.360063 1.566914 4.276261 -25.518968 -15.177862 99.777219 1.527460 0.556311
Car -1 -1 1.720455 510.881439 157.532425 557.646484 190.463409 1.281459 1.637255 4.259204 -22.045209 -19.338838 118.757752 1.536913 0.431971
Car -1 -1 1.770984 409.188446 164.769897 460.989471 200.258484 1.361290 1.582247 4.241349 -25.908518 -17.877769 112.402134 1.544442 0.521972
Car -1 -1 1.779760 384.498230 195.720947 449.411133 238.896927 1.170748 1.489146 4.228465 -21.782805 -13.119729 91.221572 1.545360 0.816305
Car -1 -1 1.839279 285.321289 156.263077 338.183319 190.799576 1.395115 1.512235 4.243898 -35.276097 -20.106042 123.062739 1.560113 0.400646
Car -1 -1 1.705287 576.673523 157.632416 622.199646 195.429672 1.449386 1.652922 4.242663 -18.549258 -19.305509 119.013605 1.550672 0.302105
Car -1 -1 1.677101 611.966187 142.006332 653.648010 179.107529 1.597826 1.640508 4.319553 -18.438586 -22.125734 131.097700 1.537370 0.221035
Car -1 -1 2.013311 0.192940 222.967300 52.288353 276.176178 1.263044 1.494261 4.254405 -34.836528 -10.500038 81.221394 1.608135 0.223868
Car -1 -1 1.827833 304.114960 193.294601 366.920959 231.342148 1.231714 1.374321 4.237961 -25.784691 -13.602018 93.149762 1.557786 0.302378
Car -1 -1 -1.731370 1126.093140 130.964157 1161.980103 161.182037 1.520778 1.643229 4.225503 14.151140 -26.614573 151.428947 -1.638190 0.110755
