Car -1 -1 -1.712409 1141.890381 446.508026 1291.728394 565.157471 1.074546 1.703509 4.492868 3.724391 -0.652570 46.763536 -1.632934 1.278829
Car -1 -1 -1.544812 826.215454 356.643494 918.952881 445.179871 1.184796 1.747386 4.243736 -2.545841 -3.032087 59.290178 -1.587724 1.608801
Car -1 -1 -1.720534 1245.978516 623.625244 1462.182007 822.817383 1.081149 1.715823 4.234180 4.042092 2.052227 31.609791 -1.593349 3.053224
Car -1 -1 1.702566 524.064026 272.725922 620.655090 376.467224 2.003000 1.759899 4.295446 -10.826051 -5.268889 71.457584 1.552206 1.074780
Car -1 -1 -1.623119 981.521301 694.108765 1189.449219 896.831604 0.850326 1.762397 4.254459 0.887568 2.555136 29.310218 -1.592846 3.009551
Car -1 -1 -1.586374 961.573608 330.307892 1059.604980 446.210022 1.755792 1.828313 4.544758 0.355347 -3.019174 59.266161 -1.580378 0.926948
Car -1 -1 -1.610722 1042.796021 287.300232 1131.177612 373.466797 1.544990 1.947937 4.302986 2.454986 -5.401266 72.334953 -1.576796 0.834978
Car -1 -1 1.785496 271.423218 306.627747 381.627502 383.420105 1.320356 1.667966 4.246033 -16.798110 -4.944695 69.886399 1.549607 1.155649
Car -1 -1 1.750115 408.108643 294.855286 496.567596 370.450592 1.360052 1.396232 4.245889 -14.129288 -5.460352 72.513113 1.557674 1.111102
Car -1 -1 1.494332 661.793457 300.867340 756.072510 374.911835 1.280316 1.928107 4.257122 -7.347219 -5.257501 71.229814 1.391547 0.985256
Car -1 -1 -1.560158 875.255249 217.402939 930.889282 274.057068 1.536814 1.786603 4.262627 -3.266017 -10.833109 101.472847 -1.592333 0.796108
Car -1 -1 1.777529 328.833862 283.962891 415.368256 348.969849 1.234852 1.419259 4.251763 -17.382155 -6.354871 77.581267 1.557118 1.240470
Car -1 -1 -1.553129 877.097229 185.436844 918.440002 225.289825 1.469184 1.685653 4.254075 -4.334291 -15.543165 127.238728 -1.587180 0.571211
Car -1 -1 -1.605076 1023.553406 232.899384 1077.051758 281.739777 1.251087 1.663267 4.243582 2.054331 -10.221073 98.358522 -1.584193 0.927716
Car -1 -1 -1.567260 942.129639 182.061279 983.808167 215.993271 1.353613 1.843749 4.258785 -1.419987 -16.754513 133.797359 -1.577873 0.614039
Car -1 -1 1.657662 675.869141 262.817535 755.796692 329.516602 1.391512 1.802425 4.248225 -8.054944 -7.116798 80.593554 1.558048 1.383594
Car -1 -1 -1.574878 983.411072 171.723923 1020.822876 203.602188 1.319839 1.719445 4.236909 0.476213 -18.376496 142.003718 -1.571524 0.557250
Car -1 -1 -1.546340 886.116333 153.524002 918.311218 181.537460 1.437967 1.765952 4.239103 -5.480568 -22.846261 166.904971 -1.579164 0.320899
Car -1 -1 -1.400752 1070.662354 170.165939 1117.220459 203.928040 1.410374 1.732705 4.249943 5.349608 -18.805159 145.261853 -1.363941 0.266751
Car -1 -1 -1.561117 934.199097 163.648209 969.714478 195.361420 1.435704 1.749713 4.260526 -2.309870 -20.738875 156.304814 -1.575894 0.497786
Car -1 -1 1.657434 714.330383 252.284241 775.020752 309.055725 1.280988 1.520511 4.260322 -7.747028 -8.279269 87.158706 1.568783 0.811858
Car -1 -1 -1.545751 891.436646 134.621170 921.516602 161.581589 1.472731 1.763536 4.240058 -6.073936 -28.419813 197.253875 -1.576534 0.229103
Car -1 -1 1.695814 560.020691 275.240265 638.360168 342.813202 1.464965 1.518813 4.232919 -11.259893 -6.634024 79.098971 1.554412 0.593804
Car -1 -1 -1.603718 1086.819092 135.291092 1120.388794 163.630539 1.552907 1.930615 4.240206 7.833344 -27.979461 195.011492 -1.563571 0.092863
Car -1 -1 -1.617254 1131.528442 143.341049 1168.448975 172.759232 1.563248 2.050867 4.253854 10.418081 -25.322634 180.935149 -1.559738 0.090806
