Car -1 -1 -1.403969 484.465302 673.409119 717.535522 879.142151 0.571798 1.485004 4.243504 -3.691045 2.149240 22.470277 -1.566779 4.531908
Car -1 -1 -3.027675 633.262085 262.370605 794.688232 322.421234 1.390236 1.872740 4.494623 -7.852357 -7.458394 67.530471 3.139751 2.327384
Car -1 -1 -2.808232 245.377197 265.168060 410.760742 332.937744 1.537392 1.835186 4.013483 -18.834344 -6.813526 64.139611 -3.093849 2.718348
Car -1 -1 3.004609 1256.981201 278.420441 1433.706177 340.545380 1.286842 1.852838 4.437025 10.864243 -6.549437 63.264272 -3.108508 2.572782
Car -1 -1 -2.775192 118.178490 243.420532 273.342407 317.058136 1.808919 1.906986 3.668821 -24.137108 -7.661965 67.946871 -3.116523 1.734772
Car -1 -1 1.694423 619.495422 209.417908 675.183594 258.741547 1.455517 1.700941 4.253789 -13.208172 -12.413394 89.928223 1.548591 0.703264
Car -1 -1 1.646034 695.694458 210.213608 748.813782 260.080902 1.447529 1.692421 4.258791 -10.095766 -12.280851 89.320226 1.533483 0.700987
Car -1 -1 1.672166 635.854370 201.949829 687.517212 244.739700 1.392117 1.668760 4.262017 -13.677063 -13.853083 96.879410 1.531917 0.761116
Car -1 -1 1.622863 732.511169 173.720230 776.327332 224.132095 1.977435 1.852104 4.584546 -11.004029 -17.059534 111.814637 1.524766 0.239539
Car -1 -1 0.184787 1294.806885 156.545700 1364.241455 187.806717 1.573942 1.852582 3.819042 23.083406 -23.245706 139.302166 0.349002 0.154470
