Car -1 -1 -0.657079 542.167542 373.247559 757.008850 467.073029 1.173514 1.826782 3.848583 -6.808935 -2.438710 55.498882 -0.779155 2.406629
Car -1 -1 -1.738995 1287.909180 699.161194 1518.624878 897.001099 0.779776 1.531494 4.232688 4.177608 2.486470 28.725323 -1.594574 4.518589
Car -1 -1 -1.612072 1004.835876 716.756348 1237.807739 962.067627 1.016857 1.908928 4.254060 1.129565 2.787769 26.324595 -1.569189 2.588081
Car -1 -1 1.795093 271.246094 293.824646 377.162506 381.491241 1.603826 1.559003 4.245394 -16.908536 -5.013473 70.172315 1.558643 1.153282
Car -1 -1 -1.534525 745.867310 748.103638 947.969238 966.499023 0.722214 1.662364 4.268359 -1.311836 2.810837 26.207974 -1.584538 2.926146
Car -1 -1 1.749887 391.617981 306.449615 496.487427 380.003204 1.260878 1.773402 4.259800 -13.978758 -5.084407 70.607871 1.554437 1.109603
Car -1 -1 1.727954 506.598755 314.751099 600.937378 394.111572 1.286706 1.484926 4.242346 -10.688131 -4.563588 67.584850 1.571109 1.516861
Car -1 -1 -1.546387 858.547180 184.954819 905.017151 231.667801 1.604081 1.817173 4.243654 -4.872275 -14.735864 122.321426 -1.586197 0.584934
Car -1 -1 -1.825176 1416.021484 914.745789 1852.174683 1079.170532 0.966440 1.951450 4.621525 4.729835 4.125264 21.168772 -1.605352 2.835786
Car -1 -1 1.726585 446.976685 280.873688 531.192932 347.130280 1.277682 1.543277 4.252668 -14.065115 -6.391117 77.383315 1.546789 1.119108
Car -1 -1 1.724135 503.152557 233.864182 577.983521 302.718231 1.736879 1.681609 4.243857 -14.565437 -8.655888 89.336946 1.562518 0.798698
Car -1 -1 1.660051 647.270752 310.872345 731.026978 390.981720 1.293192 1.625305 4.229220 -7.412440 -4.668073 67.818618 1.551185 1.272787
Car -1 -1 -1.563192 939.035400 189.931671 980.853821 229.347137 1.342616 1.702317 4.245918 -1.462864 -14.847606 122.557728 -1.575127 0.742890
Car -1 -1 1.656912 664.054565 286.333374 738.588196 355.248291 1.305107 1.572982 4.254795 -7.928862 -6.025103 75.543445 1.552338 1.145388
Car -1 -1 -1.583238 994.384216 162.502975 1033.645508 199.502747 1.511698 1.859942 4.256064 1.129589 -19.217384 146.329071 -1.575519 0.569738
Car -1 -1 1.626425 809.735962 130.686310 839.044739 156.865540 1.501765 1.726992 4.245657 -11.973491 -28.643304 196.878324 1.565683 0.223176
Car -1 -1 -1.615693 1160.646851 168.814499 1202.968750 202.936264 1.490894 1.813475 4.249718 9.914008 -18.722181 144.199826 -1.547049 0.276308
Car -1 -1 -1.612724 1102.813599 151.294479 1143.461060 182.661301 1.712246 2.023015 4.272386 8.363477 -24.070912 176.759564 -1.565444 0.080559
