Car -1 -1 -1.546008 844.421326 380.305939 953.819519 504.830780 1.481749 1.820387 4.241483 -1.729821 -1.702638 51.589481 -1.579526 2.078990
Car -1 -1 1.743006 400.273987 293.382751 498.022949 375.167023 1.486876 1.627544 4.238797 -13.921908 -5.219632 71.043928 1.549496 1.106442
Car -1 -1 1.679734 531.189636 286.467255 622.655090 372.879791 1.625282 1.736582 4.244931 -10.757462 -5.326510 71.728301 1.530868 1.070578
Car -1 -1 1.791357 261.314270 308.144257 370.694763 380.539001 1.254205 1.605209 4.234407 -17.258785 -5.058212 70.694875 1.551910 1.105866
Car -1 -1 -1.600153 1044.890991 249.925079 1107.849976 309.293823 1.441085 1.744705 4.247777 2.670997 -8.368517 88.293064 -1.569911 1.308475
Car -1 -1 -1.546329 850.025330 259.874969 914.965393 320.685333 1.328222 1.698460 4.246169 -3.348818 -7.756343 84.913242 -1.585746 1.058244
Car -1 -1 -1.545081 871.860413 304.145508 953.532166 391.662750 1.518423 1.811946 4.410286 -1.962370 -4.656662 68.243192 -1.573829 0.930664
Car -1 -1 -1.588838 960.222412 264.692810 1026.107544 329.881866 1.371967 1.780702 4.240949 0.020948 -7.231815 82.055509 -1.588582 1.029990
Car -1 -1 -1.578025 952.691223 203.305161 999.230103 244.278915 1.307986 1.817017 4.257380 -0.679903 -13.548188 116.491512 -1.583861 0.843053
Car -1 -1 -1.610315 1027.277222 213.422928 1079.101440 259.694366 1.293202 1.724834 4.240201 2.364007 -12.068493 108.156301 -1.588461 0.731931
Car -1 -1 -1.544308 872.541870 221.891647 923.228699 268.230438 1.285447 1.705906 4.239126 -3.594070 -11.476806 105.855962 -1.578248 0.883260
Car -1 -1 -1.576546 983.919617 133.243561 1011.986023 158.616730 1.440144 1.819626 4.249281 0.381364 -29.076728 200.539066 -1.574644 0.324644
Car -1 -1 -1.554137 911.831055 135.779144 941.669861 161.409637 1.461505 1.849402 4.230032 -4.544861 -27.656927 192.145660 -1.577786 0.353994
Car -1 -1 -1.561357 966.937012 164.528473 1003.411133 197.561127 1.376991 1.776829 4.242837 -0.393392 -19.909378 150.814745 -1.563965 0.473945
Car -1 -1 1.641873 760.512329 194.544342 808.741150 238.951508 1.460735 1.698524 4.239810 -8.732609 -13.670116 115.889723 1.566662 0.589169
Car -1 -1 1.619825 784.046570 156.967697 821.247986 190.791855 1.464127 1.672372 4.242909 -10.472725 -20.427490 152.602132 1.551304 0.277775
Car -1 -1 1.836078 163.200012 228.477753 264.778107 318.085388 2.284146 1.510465 5.045607 -25.258606 -8.338676 89.996960 1.562457 0.179448
