Car -1 -1 1.820893 261.212830 424.696014 422.506561 579.077454 1.532774 1.333431 4.334199 -10.355637 -0.446692 44.316625 1.591338 2.011635
Car -1 -1 -1.526448 701.765015 753.626038 911.098511 975.679993 0.724824 1.658055 4.246716 -1.691460 2.875983 26.294256 -1.590688 2.596438
Car -1 -1 -1.767529 1354.171875 781.080261 1632.587036 1014.053772 0.714655 1.556866 4.252426 4.472289 3.057226 25.315508 -1.592672 2.565364
Car -1 -1 -1.390255 297.963776 779.243225 563.267395 1003.722656 0.675339 1.513855 4.246438 -5.063634 3.004733 25.469702 -1.586506 2.384590
Car -1 -1 -1.019137 979.094360 272.089752 1120.550171 350.520416 1.561645 1.660318 4.449359 1.651113 -6.418030 78.337008 -0.998063 0.763093
Car -1 -1 1.841739 119.057899 341.423859 271.021637 460.666565 1.691252 1.431385 4.682787 -16.367009 -2.671000 57.107292 1.562620 1.210986
Car -1 -1 -1.644185 1037.335327 731.563477 1287.425049 991.393188 0.954973 1.851361 4.588169 1.475932 2.900173 25.806391 -1.587055 1.475646
Car -1 -1 1.744153 464.042694 320.019135 583.604919 426.794403 1.639711 1.670046 4.254748 -10.224875 -3.486306 60.754197 1.577417 1.397661
Car -1 -1 1.788097 299.948792 291.417084 401.646301 363.431885 1.337711 1.596998 4.249748 -17.113670 -5.711166 73.857613 1.560404 0.961299
Car -1 -1 1.734288 426.812653 277.316101 520.300049 353.479156 1.478595 1.682110 4.248850 -14.217596 -6.129241 75.929120 1.549183 1.290033
Car -1 -1 1.732204 398.733124 385.577850 519.441589 487.985626 1.221000 1.414292 4.261209 -10.026020 -1.952048 52.208820 1.542477 1.501792
Car -1 -1 1.727546 503.833588 250.466949 576.069763 303.872467 1.233091 1.566560 4.241413 -14.609875 -8.622301 89.302840 1.565384 0.976467
Car -1 -1 -1.617547 1025.092163 231.916641 1083.277466 278.918304 1.232810 1.771592 4.242620 2.204554 -10.570142 100.682724 -1.595654 0.861277
Car -1 -1 1.709105 595.580505 240.332581 672.244934 312.986847 1.668667 1.715441 4.538699 -11.203168 -8.154645 86.478223 1.580274 0.478045
Car -1 -1 1.690342 515.004333 197.352402 576.843933 248.410400 1.550186 1.783769 4.241056 -18.462486 -13.196296 114.270238 1.530157 0.478682
Car -1 -1 1.698768 562.518188 217.570618 624.897461 269.668091 1.429162 1.607932 4.261833 -14.852735 -11.128141 103.018215 1.555579 0.674592
Car -1 -1 1.660555 657.844238 168.579819 706.364746 214.118637 1.770153 1.807153 4.318478 -15.307901 -17.301421 136.712719 1.549048 0.302484
Car -1 -1 -1.368429 1078.932617 165.004852 1126.358765 198.673416 1.396589 1.611292 4.210466 5.841586 -19.234368 146.390101 -1.328546 0.157925
Car -1 -1 1.702938 602.767639 200.350006 654.945190 242.246475 1.270474 1.493680 4.242958 -15.184704 -13.571371 115.600089 1.572330 0.465906
Car -1 -1 1.656868 758.787170 156.923187 797.102356 189.412399 1.410486 1.692804 4.247786 -12.288302 -21.246780 157.785420 1.579145 0.249012
Car -1 -1 1.595395 755.409363 214.560303 808.888184 267.668701 1.449510 1.635802 4.257385 -7.899355 -11.323814 103.915873 1.519524 0.468423
Car -1 -1 1.625882 794.759521 148.152908 827.539429 178.578293 1.541591 1.798099 4.260020 -10.826312 -22.819873 165.478325 1.560551 0.188524
