Car -1 -1 0.321597 1115.522949 273.440216 1333.266235 357.968384 1.309226 1.934938 4.517436 6.381810 -5.583597 52.796873 0.441888 2.972339
Car -1 -1 0.401942 0.772098 246.940338 129.506088 333.012207 1.577380 2.023605 4.620829 -23.154546 -6.028415 52.998068 -0.009959 1.830199
Car -1 -1 2.762406 1679.724121 234.742615 1860.416870 299.328339 1.400249 1.884724 4.242525 24.140361 -8.330623 65.169236 3.117160 2.571987
Car -1 -1 2.844876 1504.016968 206.485626 1664.820557 267.490479 1.515190 1.891781 4.244853 20.696243 -10.285683 72.736375 3.122087 0.845290
Car -1 -1 1.250134 830.950745 223.061966 932.147400 292.303650 1.301181 1.499011 4.338185 -2.437165 -8.529712 64.181269 1.212179 0.878123
Car -1 -1 2.821923 1541.148438 227.678116 1712.420166 282.874237 1.268763 1.911455 4.383627 20.777350 -9.162628 68.219757 3.117562 1.397406
Car -1 -1 -1.937927 1729.864136 158.426834 1804.178711 195.264069 1.100327 1.403404 4.268608 36.493838 -16.962196 98.755362 -1.583954 0.616387
Car -1 -1 -1.526401 704.582886 817.299011 986.279114 1080.000000 1.205517 1.794525 4.435823 -0.834526 3.737102 17.410469 -1.574297 2.647691
Car -1 -1 -1.958186 1795.405029 151.716248 1871.594360 192.818024 1.281795 1.338451 4.267860 39.407780 -17.031749 98.614486 -1.578012 0.564971
Car -1 -1 -1.921555 1671.952393 159.448761 1741.783447 194.428345 1.045385 1.243347 4.265468 33.565259 -16.850741 98.053905 -1.591743 0.684189
Car -1 -1 -2.797369 155.914993 163.908691 286.135284 209.781540 1.329558 1.828344 4.002100 -29.900598 -14.541263 87.869125 -3.125363 0.597941
Car -1 -1 2.693196 1882.973022 137.688248 1918.781738 165.320557 1.067882 1.841786 2.499851 50.535274 -21.046860 114.897236 3.107561 0.089198
