Car -1 -1 -1.552218 1535.608276 536.860718 1712.000854 709.713196 0.704441 1.632732 4.237606 8.117765 0.656114 26.475626 -1.254705 3.409124
Car -1 -1 -1.701757 1068.874756 500.441803 1264.196167 691.996155 0.952476 1.653306 4.290018 2.473769 0.486467 26.453207 -1.608513 3.484088
Car -1 -1 0.281567 145.168488 242.052444 366.698059 336.082306 1.737211 1.937606 4.228416 -16.619076 -5.855281 52.215117 -0.026575 3.334813
Car -1 -1 -1.592421 820.447021 601.970276 1028.083252 831.658875 0.866983 1.811584 4.244157 -0.347386 1.558837 22.309360 -1.607991 3.801808
Car -1 -1 -1.458323 543.896240 575.246826 758.517029 795.303772 0.881889 1.618586 4.228300 -3.144304 1.310953 23.488064 -1.591400 4.125014
Car -1 -1 0.001771 713.184814 258.397308 934.369446 333.772827 1.331287 1.895026 4.893196 -3.194577 -5.963095 52.689788 -0.058785 2.511419
Car -1 -1 0.086525 515.040283 265.547546 745.687012 362.352661 1.624812 1.903180 4.530554 -7.120446 -4.862750 47.975709 -0.060818 3.370921
Car -1 -1 2.749636 1598.912842 164.391769 1753.487183 231.659317 1.827216 1.903829 4.096529 24.849161 -11.760126 75.488385 3.067642 1.020338
Car -1 -1 2.727354 1653.299438 184.609253 1806.901367 241.555969 1.468949 1.842063 4.000834 25.603446 -10.942830 72.395176 3.067288 1.753512
Car -1 -1 1.677296 654.537903 134.834778 704.351807 176.394684 1.390200 1.725556 4.257023 -12.718463 -18.038617 100.680928 1.551637 0.711812
Car -1 -1 1.657839 723.678894 130.953293 770.938477 170.917801 1.360155 1.727102 4.258444 -9.876471 -18.968068 104.535194 1.563639 0.648460
Car -1 -1 2.811423 1506.714478 163.696457 1630.361694 210.248718 1.360608 1.834573 3.830436 24.204576 -14.189203 86.220758 3.085107 0.757459
Car -1 -1 -2.848310 1390.194824 149.237534 1501.863403 190.581421 1.316556 1.832872 4.022746 21.831757 -16.742220 96.659089 -2.626174 0.757168
Car -1 -1 2.695850 1857.731812 183.797501 1918.593140 230.790741 1.296009 1.817444 2.762865 34.807987 -12.312432 79.266277 3.109625 0.268870
Car -1 -1 -1.862989 1131.762085 124.214188 1193.406738 163.411240 1.446034 1.749044 4.328419 10.385252 -20.299564 109.948623 -1.768813 0.310039
Car -1 -1 1.696156 643.010742 113.229362 683.307495 145.936584 1.467791 1.581376 4.268729 -17.010271 -24.513942 127.550349 1.563577 0.387675
Car -1 -1 1.653185 680.141907 115.092628 721.538940 155.116333 1.631167 1.689695 4.270377 -13.276374 -21.420931 114.153279 1.537402 0.493310
Car -1 -1 -0.344312 1825.887817 253.048752 1919.556519 324.014984 1.291473 1.921524 3.885869 24.552492 -6.464765 54.993066 0.075598 0.448153
Car -1 -1 -1.623962 1060.299561 113.989685 1095.631470 144.942795 1.298575 1.670704 4.272680 7.082070 -24.118268 125.572291 -1.567623 0.420927
Car -1 -1 2.751331 1693.476074 179.277802 1822.962891 226.149643 1.266926 1.807305 3.730987 28.296951 -12.082012 76.779446 3.104434 0.376443
Car -1 -1 -1.624180 1016.901062 70.676292 1043.619751 93.850937 1.639134 1.952823 4.270236 6.800353 -42.260959 197.907033 -1.589832 0.166677
Car -1 -1 -1.650906 1042.528931 101.105507 1075.223267 128.255554 1.352715 1.735731 4.206637 6.938979 -28.520766 143.833346 -1.602700 0.161586
