Car -1 -1 1.029095 26.943085 315.770325 228.157394 438.014038 1.302052 1.290431 4.451644 -15.648308 -3.129518 41.007297 0.664552 1.159190
Car -1 -1 -1.685356 1101.682007 599.560486 1310.397339 793.970337 0.642557 1.612636 4.236854 2.638039 1.330086 23.643411 -1.574240 3.870628
Car -1 -1 -1.428258 486.702271 607.345703 729.436523 839.002808 0.828700 1.638643 4.223266 -3.427615 1.609222 22.285226 -1.580869 3.515218
Car -1 -1 -1.579283 851.862488 552.115967 1017.909851 739.043091 0.775877 1.608153 4.233539 -0.247975 0.927392 25.340398 -1.589068 2.183552
Car -1 -1 -3.087547 670.879395 187.792633 829.991028 244.895905 1.402756 1.842387 4.754697 -6.538338 -10.532840 70.285949 3.102880 2.162724
Car -1 -1 -2.826169 111.178276 191.306732 272.494537 249.494080 1.414497 1.839225 4.185355 -24.553222 -10.407341 70.278365 3.120901 1.514311
Car -1 -1 -2.986684 414.190338 177.324692 563.832886 227.769867 1.404881 1.857039 4.513960 -16.700657 -12.322058 78.570873 3.087063 1.653203
Car -1 -1 2.909136 1296.001953 172.710037 1462.159302 242.087479 1.819572 1.943981 4.533724 13.924096 -10.856173 71.875082 3.100492 2.200901
Car -1 -1 2.897516 963.065918 162.204697 1117.561279 224.154968 1.674313 1.971161 4.937157 2.984815 -12.234564 77.073198 2.936223 1.525841
Car -1 -1 -2.826854 12.525139 174.272385 180.936569 240.626221 1.688639 1.904869 4.477551 -29.657202 -11.546870 75.681865 3.082856 1.029497
Car -1 -1 1.688799 654.917419 131.451370 705.805481 173.701859 1.518521 1.758754 4.245636 -13.103471 -18.839896 104.441831 1.563990 0.616966
Car -1 -1 1.658963 730.184204 129.896072 775.839478 170.717682 1.339114 1.593829 4.278537 -9.588055 -18.850182 103.729612 1.566791 0.491877
Car -1 -1 1.730649 589.955139 136.265549 641.439758 174.038437 1.244523 1.634086 4.248830 -16.181431 -18.817281 104.364569 1.576826 0.589885
Car -1 -1 -1.605532 1024.143066 73.442146 1053.348145 101.220390 1.786992 1.972079 4.348636 7.047087 -38.622774 183.423927 -1.567131 0.197939
