Car -1 -1 1.868728 239.675980 269.789581 346.634857 346.213074 1.249479 1.277565 4.264722 -17.936557 -6.074604 58.492548 1.571184 1.727629
Car -1 -1 1.876382 299.636078 280.332001 411.802734 381.672821 1.550534 0.960611 4.568554 -14.186630 -4.589717 51.099421 1.605574 1.081003
Car -1 -1 1.797316 551.753235 241.713242 641.876221 304.012543 1.235582 1.530244 4.268801 -11.116004 -7.958548 66.209690 1.630977 1.214721
Car -1 -1 1.808906 510.433472 220.879471 583.950562 276.175537 1.233232 1.275407 4.238556 -14.186024 -9.830353 74.653518 1.621120 1.039737
Car -1 -1 1.781733 612.986633 210.646393 685.403198 271.070587 1.345054 1.483990 4.239915 -10.767320 -10.059407 74.940736 1.639032 1.225345
Car -1 -1 1.798015 592.916931 185.183548 661.450806 237.088150 1.464916 1.641085 4.258283 -13.542511 -12.953660 87.766609 1.644921 0.723461
Car -1 -1 1.940690 191.693634 231.389557 288.971466 293.416748 1.288015 1.234802 4.269869 -23.398932 -8.842770 70.635804 1.620805 1.005949
Car -1 -1 1.806542 565.405823 162.430084 625.470520 215.099762 1.772745 1.514641 4.446707 -16.175324 -15.000733 96.004335 1.639624 0.410281
Car -1 -1 1.865528 417.284882 158.831558 503.370850 240.004349 2.372583 1.495510 5.344957 -20.189744 -12.964974 87.779839 1.639455 0.262197
Car -1 -1 -1.570212 1031.069336 120.871193 1060.380615 146.883102 1.302386 1.815118 4.263242 5.554461 -27.374759 147.972448 -1.532692 0.443358
Car -1 -1 1.751917 679.667480 128.523392 719.748230 157.312088 1.383451 1.648849 4.252623 -16.740913 -24.909239 138.380362 1.631524 0.320232
Car -1 -1 1.701837 743.698608 102.346001 774.294983 126.290298 1.449247 1.730078 4.253346 -16.227139 -33.345164 172.708916 1.608156 0.273526
