Car -1 -1 2.109822 484.106110 413.145691 665.442017 541.304749 1.188003 0.978743 4.739647 -7.501761 -0.427084 41.008533 1.928891 1.510586
Car -1 -1 1.956288 791.513306 323.012268 915.491089 406.822784 1.140331 1.187605 4.422561 -3.045935 -3.272578 53.209185 1.899106 1.130270
Car -1 -1 -1.605286 1712.140503 319.159882 1822.064087 428.048950 1.139758 1.717372 4.260125 15.425220 -2.396342 43.095277 -1.261561 2.994840
Car -1 -1 -1.449370 1417.246826 303.234253 1519.238403 392.334290 1.143333 1.518945 4.221042 10.921375 -3.310583 48.968977 -1.229935 1.745603
Car -1 -1 1.921409 948.676575 254.581223 1049.775146 327.029907 1.397565 1.380903 4.336626 0.580294 -6.056089 65.120445 1.930320 0.998088
Car -1 -1 -1.424744 323.740356 778.747925 598.474548 1045.645630 0.709596 1.644214 4.244968 -4.748214 3.587825 20.733211 -1.649876 3.066416
Car -1 -1 0.662829 208.206589 323.445709 356.495270 381.351990 1.301570 1.893003 3.475861 -22.599212 -4.781831 70.983022 0.354601 0.683876
Car -1 -1 -1.529731 1553.116455 207.696838 1645.643188 317.627869 1.919909 1.977070 4.908600 16.793803 -5.918529 59.344735 -1.253955 0.684293
Car -1 -1 1.510483 1310.258057 276.673126 1389.210815 357.388611 1.237888 1.377372 4.244702 9.205596 -4.436045 54.875261 1.676690 0.768416
Car -1 -1 0.693494 68.921890 366.972321 249.319611 436.892609 1.307722 1.832583 4.103490 -23.807099 -2.868316 63.530786 0.334958 1.294076
Car -1 -1 -1.558140 1502.248413 188.519623 1563.070068 250.514023 1.384308 1.768351 4.240544 19.393274 -9.611467 76.884879 -1.311056 0.811625
Car -1 -1 -1.630432 1693.929565 228.984756 1773.577515 299.024628 1.184497 1.764709 4.273696 20.822655 -6.403537 60.743465 -1.300189 1.837916
Car -1 -1 -1.587209 1666.069824 180.498077 1725.780762 235.579147 1.191444 1.822515 4.263244 25.052728 -10.037836 76.826745 -1.271988 0.985223
Car -1 -1 1.934510 1084.787598 215.493088 1172.256104 271.105560 1.248270 1.458803 4.274829 5.550021 -9.389795 81.104544 2.002834 0.471022
Car -1 -1 0.676890 183.279800 342.501312 339.621460 409.581970 1.272996 1.868460 3.511904 -21.838236 -3.748880 66.410755 0.359193 0.837307
Car -1 -1 -1.517689 1613.589233 143.127029 1660.842163 185.784973 1.421826 1.840177 4.256272 30.697039 -15.390036 102.384465 -1.226397 0.561794
Car -1 -1 1.669591 1408.032715 156.201447 1457.271606 199.965088 1.423092 1.561975 4.266166 20.563817 -14.365295 99.580065 1.873234 0.483633
Car -1 -1 1.638375 1358.827026 225.975098 1437.845337 315.502594 1.662026 1.544699 4.642371 11.640926 -5.992536 60.601121 1.828154 0.394537
Car -1 -1 2.249116 0.000000 754.654846 353.894073 1077.497559 1.236164 2.035748 4.578176 -8.407871 3.829629 20.422305 1.858564 2.969900
Car -1 -1 -1.554897 1678.680420 148.885788 1728.904785 193.782074 1.325146 1.769748 4.269095 30.651949 -13.670974 93.029567 -1.236613 0.585415
Car -1 -1 0.704337 2.952521 341.084808 119.771614 393.826202 1.237180 1.832145 2.889001 -31.323414 -4.684371 74.494151 0.306300 0.273846
Car -1 -1 1.704990 1366.691895 153.480759 1415.550049 194.673691 1.524273 1.665292 4.231650 20.434128 -15.927894 109.090003 1.890158 0.360701
Car -1 -1 0.756842 1.461046 357.196747 134.812241 417.923462 1.277984 1.822576 3.647244 -28.615567 -3.533777 68.601065 0.361656 0.163615
Car -1 -1 1.752557 1307.322998 162.772125 1357.638794 201.829468 1.290846 1.480177 4.251173 17.471255 -15.566607 108.719570 1.911895 0.333946
Car -1 -1 -2.891861 604.665649 238.784988 719.921326 283.374451 1.206539 1.850114 4.429362 -14.311415 -10.761073 98.438762 -3.036233 0.506434
Car -1 -1 1.604113 1399.842163 206.082733 1465.098877 271.773926 1.423158 1.579458 4.260827 14.796459 -8.261057 71.602313 1.807892 0.752867
Car -1 -1 -1.532030 1539.881836 158.478455 1591.983887 206.280380 1.323606 1.714307 4.261794 23.654194 -12.567834 88.519923 -1.270912 0.586978
Car -1 -1 -1.507018 1553.661133 134.892029 1596.734253 176.105438 1.411223 1.623584 4.284673 29.667888 -16.926063 109.448781 -1.242312 0.487439
Car -1 -1 1.586773 1465.094727 149.515198 1515.177246 188.606522 1.235635 1.618465 4.272906 24.514114 -15.677015 105.340704 1.815416 0.417096
Car -1 -1 -1.573876 1677.009277 125.438019 1719.639648 161.994965 1.213623 1.685039 4.257397 37.142013 -18.260097 113.622297 -1.257936 0.349990
Car -1 -1 -1.623108 1834.409302 120.438133 1884.388550 156.579391 1.281304 1.868675 4.231761 43.838871 -17.844074 109.542823 -1.242430 0.290805
Car -1 -1 -1.614559 1811.116211 76.998108 1844.093994 105.771034 1.536947 1.937859 4.261677 59.891799 -28.483889 155.333199 -1.246554 0.189258
Car -1 -1 -1.545356 1622.134644 117.710602 1659.126709 152.598587 1.321900 1.706117 4.245709 36.508142 -19.917327 121.407897 -1.253252 0.259827
Car -1 -1 -1.553031 1639.345337 92.327660 1669.453613 120.254913 1.374707 1.605420 4.239798 48.313123 -27.876899 157.004987 -1.254509 0.046599
