Car -1 -1 -1.519698 672.421692 713.260620 884.761353 939.871277 0.922506 1.761880 4.230240 -2.021330 2.705831 27.127336 -1.594073 3.369699
Car -1 -1 -0.003524 1507.982666 433.357574 1824.707642 550.678650 1.342314 1.891286 4.745856 11.410984 -0.737966 46.998644 0.234661 4.199404
Car -1 -1 -1.638257 1043.552246 747.197815 1260.992432 971.375061 0.714589 1.639587 4.457477 1.451536 2.859372 26.697289 -1.583941 1.192145
Car -1 -1 1.865286 2.316978 647.028503 235.781174 895.777710 1.413675 1.619015 4.288023 -9.417252 2.559665 29.182638 1.553135 3.568450
Car -1 -1 0.816370 838.935669 380.750305 1058.518066 483.039093 1.273062 1.866499 4.026088 -0.865397 -2.077762 53.747464 0.800271 1.829600
Car -1 -1 -1.773108 1369.179688 823.214294 1670.101196 1069.667236 0.612546 1.574927 4.315763 4.446634 3.262828 23.997181 -1.589888 3.567776
Car -1 -1 1.733088 401.792603 337.015472 527.269287 462.457367 1.796873 1.536865 4.871495 -10.941526 -2.665797 57.565774 1.545259 0.995879
Car -1 -1 0.748410 716.744751 295.323486 886.688110 367.984253 1.319757 1.864201 3.949594 -5.010039 -5.494094 72.535925 0.679449 1.103345
Car -1 -1 1.701815 668.871277 245.394699 756.046997 329.623322 1.822099 1.822182 4.374530 -8.282293 -7.269122 81.763854 1.600864 0.638890
Car -1 -1 1.716547 496.531006 302.507416 596.091919 395.828217 1.572989 1.576261 4.269639 -10.791614 -4.505254 67.109843 1.557107 0.918133
Car -1 -1 -1.370102 124.371323 920.013123 506.995972 1077.943359 0.985622 1.834760 4.227681 -4.990253 4.125530 21.071676 -1.602641 3.438081
Car -1 -1 1.770230 387.658630 304.675629 482.216400 384.126801 1.432233 1.511115 4.231214 -14.100133 -4.934205 70.122475 1.571798 1.310709
Car -1 -1 1.698106 625.508423 236.287720 689.279053 292.372070 1.399842 1.504429 4.254684 -11.167331 -9.287650 92.511112 1.577974 1.021600
Car -1 -1 1.718732 493.674896 251.077576 568.457642 310.247803 1.326150 1.656980 4.259780 -14.789364 -8.424137 88.776767 1.553657 1.094961
Car -1 -1 -1.544739 878.949219 180.946487 918.808533 218.155090 1.360577 1.656727 4.265114 -4.503732 -16.767520 134.138817 -1.578302 0.659322
Car -1 -1 -1.575474 953.124756 191.619125 996.991455 229.994751 1.331359 1.802639 4.254031 -0.789011 -15.082677 124.564131 -1.581808 0.844934
Car -1 -1 1.708923 547.244141 223.125214 617.636169 279.438538 1.473744 1.747837 4.248494 -14.428787 -10.215634 97.452830 1.561932 0.730138
Car -1 -1 1.701789 560.963318 280.386108 638.825867 346.051025 1.251847 1.534465 4.234401 -10.876201 -6.372713 76.825846 1.561154 1.272917
Car -1 -1 1.660070 684.936523 196.397232 737.265869 239.748184 1.383155 1.759763 4.249738 -11.982521 -13.877972 117.754422 1.558661 0.721683
Car -1 -1 -1.581618 984.617615 138.610565 1013.828186 164.555511 1.394563 1.771948 4.254111 0.447902 -27.469511 192.144465 -1.579287 0.381075
Car -1 -1 -1.558607 941.789429 148.834091 975.088257 180.118637 1.589195 1.857211 4.271567 -2.056525 -23.147687 168.412212 -1.570818 0.315597
Car -1 -1 1.618440 785.572144 173.783524 827.832397 211.097183 1.412791 1.757015 4.237358 -9.105935 -17.295816 135.970953 1.551570 0.464462
Car -1 -1 1.649618 727.956543 240.700256 785.292175 298.597839 1.370944 1.525857 4.243121 -7.690102 -8.858178 90.057735 1.564433 0.949399
Car -1 -1 1.640802 791.539307 145.553879 824.879517 175.924271 1.457307 1.636125 4.250979 -11.122512 -23.214778 166.930789 1.574271 0.401468
Car -1 -1 -1.600905 1092.032593 138.786453 1123.179077 165.069855 1.533270 1.900440 4.243801 7.890268 -27.056089 189.723983 -1.559341 0.174522
Car -1 -1 1.635822 749.098511 140.416779 781.041443 168.626358 1.461269 1.709603 4.257038 -14.950833 -25.696680 181.748184 1.553746 0.365615
Car -1 -1 -1.686749 1091.352417 898.672180 1418.847656 1080.000000 1.232587 1.563048 4.641477 1.703070 4.043321 20.084003 -1.602154 1.268310
Car -1 -1 -1.562586 932.254211 139.350006 961.066528 161.982498 1.356270 1.773412 4.252562 -3.119971 -26.763203 186.500903 -1.579313 0.129975
