Car -1 -1 -1.648070 972.236694 717.155701 1197.382690 953.516724 0.647218 1.718918 4.633726 1.321222 2.755778 22.431787 -1.589239 1.759803
Car -1 -1 2.768686 1677.583008 350.020111 1902.106079 432.951599 1.354179 1.847080 4.150466 19.316036 -3.087741 49.599185 3.140058 1.285381
Car -1 -1 1.874543 166.564346 250.606140 268.891632 323.923065 1.570334 1.494429 4.200841 -21.929400 -7.245044 66.544580 1.556207 1.249104
Car -1 -1 1.824416 303.833740 241.622452 399.890594 315.047852 1.588446 1.579184 4.251334 -18.170272 -7.641302 67.707467 1.562230 1.098876
Car -1 -1 1.772948 439.123535 205.500290 505.526428 253.494522 1.366022 1.505074 4.236374 -18.369229 -11.809005 85.957275 1.562413 0.897612
Car -1 -1 1.915966 76.403671 253.494110 176.598862 315.865997 1.281850 1.358034 4.214059 -25.674837 -7.773998 69.077934 1.560110 0.990031
Car -1 -1 1.853976 261.556335 232.800308 344.108093 290.403259 1.343619 1.401824 4.227241 -21.769950 -9.184945 74.864237 1.570988 1.063746
Car -1 -1 1.794813 366.686127 181.884644 426.774017 223.235138 1.353352 1.506220 4.245892 -24.855169 -15.011788 100.097461 1.551425 0.516778
Car -1 -1 1.708945 580.854431 152.989960 628.160706 191.830963 1.564607 1.767168 4.239906 -18.008270 -19.135333 117.356677 1.556683 0.455115
Car -1 -1 2.746603 1818.129517 373.577454 1920.945068 462.155945 1.377685 1.872910 3.229220 21.353149 -2.417292 47.529136 -3.114340 0.362162
Car -1 -1 1.713091 575.193909 138.584625 612.923828 168.450241 1.549631 1.694491 4.227211 -21.965998 -23.846021 138.598663 1.555912 0.442358
