Car -1 -1 -0.788158 597.590271 379.162842 825.654907 490.646606 1.399640 1.808944 4.011128 -5.270411 -1.932480 52.783916 -0.887677 1.994556
Car -1 -1 -1.454417 851.572754 310.805695 953.848206 407.881104 1.573305 1.891453 4.309533 -2.036285 -4.054788 64.187505 -1.486131 1.119879
Car -1 -1 -1.521986 672.873840 713.963623 884.867432 939.767456 0.924399 1.751318 4.230484 -2.015169 2.709064 27.123845 -1.596145 3.438585
Car -1 -1 -1.632617 1044.892212 748.891418 1259.522949 971.393555 0.717921 1.648908 4.447388 1.451067 2.860361 26.658961 -1.578240 1.197074
Car -1 -1 -0.938936 942.312622 290.762421 1089.226318 355.286011 1.217800 1.835033 3.791540 0.664854 -5.990432 75.192919 -0.930095 0.714142
Car -1 -1 -1.772077 1370.023193 822.498108 1670.054321 1070.215820 0.606973 1.566216 4.306242 4.440336 3.249996 23.926760 -1.588584 3.737524
Car -1 -1 -0.109870 1297.961060 432.656433 1647.209839 572.107239 1.654367 1.892460 4.773226 7.512118 -0.326805 43.529600 0.061022 3.258288
Car -1 -1 -1.716786 1292.206055 253.460159 1369.582886 309.124664 1.276878 1.641810 4.258357 10.888532 -8.451393 88.972893 -1.595011 0.727297
Car -1 -1 1.745833 397.427856 294.933868 498.337708 368.813690 1.348979 1.708792 4.248993 -14.316858 -5.505381 72.941834 1.552019 1.244811
Car -1 -1 1.789334 293.334595 301.050568 391.129303 372.221619 1.269192 1.469334 4.236388 -16.959239 -5.373372 72.236631 1.558736 1.406378
Car -1 -1 1.723574 514.757812 304.168823 607.339661 379.261292 1.324656 1.607461 4.240582 -10.983296 -5.082119 70.560176 1.569155 1.248651
Car -1 -1 2.093997 572.331726 358.055786 752.946472 441.615112 1.204311 1.763618 3.701762 -7.054759 -3.072306 59.543281 1.976065 0.596229
Car -1 -1 -1.372661 127.606682 917.278992 506.516327 1078.460693 0.968447 1.821119 4.215474 -5.009359 4.131022 21.191305 -1.604788 3.715962
Car -1 -1 1.694048 610.503723 245.066971 680.378601 311.413177 1.585155 1.588883 4.247534 -10.922548 -8.230489 87.359530 1.569663 1.095199
Car -1 -1 1.770479 344.246552 267.169342 432.010986 337.845947 1.466752 1.521668 4.241380 -17.385672 -6.829378 79.768369 1.555883 1.285616
Car -1 -1 -0.286054 77.746811 397.016357 331.694275 510.031433 1.465525 1.890934 4.033031 -15.084865 -1.551760 52.653115 -0.565075 1.842340
Car -1 -1 1.727416 483.804443 261.456207 559.649109 321.076843 1.329775 1.548437 4.251305 -14.395282 -7.705757 84.764630 1.559194 1.001792
Car -1 -1 -1.561212 926.036926 214.571182 975.714661 261.370270 1.337273 1.743243 4.228723 -1.614195 -11.924069 107.608489 -1.576212 0.869616
Car -1 -1 -1.592640 1026.666870 210.988235 1078.893921 256.503601 1.344303 1.819600 4.239668 2.402789 -12.252567 109.146825 -1.570629 0.754839
Car -1 -1 1.713728 549.495544 257.674561 633.124084 340.406403 1.789206 1.551348 4.589747 -11.419377 -6.649939 78.588518 1.569432 0.517057
Car -1 -1 1.643367 675.917297 272.370789 753.020264 339.325897 1.317437 1.742629 4.259885 -7.978958 -6.814763 79.755577 1.543656 1.060165
Car -1 -1 1.651993 672.768311 203.413559 724.862976 246.839081 1.354022 1.655438 4.256043 -12.202492 -13.308686 115.179988 1.546444 0.755599
Car -1 -1 1.624934 651.084534 314.199188 736.897888 388.196747 1.194721 1.736435 4.252709 -7.243956 -4.657469 67.233309 1.517605 1.258126
Car -1 -1 1.622790 746.827332 207.565445 798.327820 251.646194 1.335802 1.658709 4.248181 -8.982575 -12.881524 113.144630 1.543566 0.742332
Car -1 -1 1.711103 519.113525 236.993423 584.319519 296.031250 1.477745 1.525911 4.251877 -14.807486 -9.204001 92.969485 1.553157 0.879722
Car -1 -1 1.605226 804.563538 137.790039 834.263550 164.792755 1.535437 1.703003 4.247392 -11.735293 -26.638730 187.252056 1.542637 0.359761
Car -1 -1 1.614022 773.405396 159.823410 816.684875 208.607956 1.883466 1.795974 4.351827 -9.739746 -17.496534 136.351434 1.542712 0.322411
Car -1 -1 -1.686355 1092.187134 898.500977 1416.478027 1080.000000 1.223131 1.569695 4.595981 1.700385 4.029163 20.135056 -1.602105 1.304497
Car -1 -1 1.679295 628.399292 333.393158 738.625366 418.059662 1.129031 1.743330 4.194092 -7.298111 -3.623535 62.936192 1.563850 0.291655
