Car -1 -1 1.878573 160.873413 260.313995 259.414429 328.833649 1.320542 1.358589 4.226179 -21.788531 -7.041410 65.389750 1.556933 1.543531
Car -1 -1 1.932287 15.404668 269.211029 123.439636 335.528015 1.297450 1.265370 4.224036 -25.457232 -6.678280 64.121774 1.554357 1.238282
Car -1 -1 1.814227 318.031464 252.129623 419.302429 316.774170 1.310098 1.773518 4.295842 -17.697101 -7.625450 67.907044 1.559290 1.250923
Car -1 -1 1.838151 243.657166 241.052048 336.084686 301.845673 1.337592 1.563716 4.248172 -21.274564 -8.472729 71.715380 1.549768 1.320529
Car -1 -1 1.782108 422.873230 249.176788 510.615326 311.641663 1.300730 1.564322 4.244616 -14.751255 -7.792309 68.258502 1.569272 1.390232
Car -1 -1 1.886109 135.345978 239.826889 224.813873 300.886749 1.349765 1.275468 4.217638 -25.156570 -8.601083 72.501797 1.552129 0.938844
Car -1 -1 1.732829 513.481079 195.001114 582.711670 258.532166 1.834871 1.625043 4.509273 -15.044673 -11.434634 84.171154 1.555958 0.496271
Car -1 -1 1.797710 376.938690 221.559006 460.086792 281.729187 1.463253 1.663562 4.233393 -18.153024 -9.645812 76.420196 1.564490 1.046924
Car -1 -1 1.857306 201.904892 221.327652 281.065369 273.780060 1.286253 1.411207 4.222743 -25.393031 -10.333864 79.583052 1.548441 0.666642
Car -1 -1 1.694710 585.431641 140.751724 633.694824 189.357513 2.231466 1.828328 4.743319 -18.274630 -19.867749 121.048326 1.544872 0.194649
Car -1 -1 1.740121 502.807648 161.099274 549.492310 197.496185 1.403034 1.601329 4.251464 -21.990990 -18.667558 116.201902 1.553085 0.601107
Car -1 -1 1.777862 397.420807 192.780136 461.751190 238.312927 1.325263 1.577205 4.241187 -21.732059 -13.447950 93.286787 1.548985 0.917115
Car -1 -1 1.810000 321.874329 206.672134 400.933411 262.141876 1.511443 1.673992 4.250090 -21.683249 -10.997746 82.144548 1.551922 0.755124
Car -1 -1 1.736606 436.275757 210.226044 503.615417 260.767426 1.291217 1.622475 4.239541 -17.878415 -11.259682 83.253090 1.525071 0.921400
Car -1 -1 1.726034 555.232666 128.894730 594.478455 158.157578 1.605645 1.764571 4.263401 -25.528216 -27.078087 153.204018 1.560922 0.187143
