Car -1 -1 -1.644498 956.138367 715.503662 1181.074829 973.443115 0.852026 1.784420 4.222452 1.146336 2.889974 21.916788 -1.592242 4.200737
Car -1 -1 1.854441 197.050385 254.130890 292.197266 315.093567 1.269352 1.465141 4.240878 -21.774710 -7.728486 68.653900 1.547310 1.240116
Car -1 -1 1.789200 363.478699 166.418747 425.901031 220.555679 1.847050 1.595578 4.544242 -25.295836 -15.402786 101.555518 1.545084 0.354961
Car -1 -1 1.730770 539.375244 175.853241 590.715698 213.238556 1.278629 1.587126 4.248343 -17.738362 -15.937928 103.352587 1.560796 0.670517
Car -1 -1 1.827212 299.002441 245.673264 396.165253 318.567688 1.541454 1.608142 4.268607 -18.166007 -7.508734 67.252495 1.563392 1.250380
Car -1 -1 1.771942 452.219208 194.589767 523.304993 245.799469 1.516132 1.779422 4.252326 -18.368975 -12.518137 88.939156 1.568271 0.844271
Car -1 -1 1.849268 272.374146 229.218491 351.642639 288.362518 1.288343 1.305784 4.250594 -21.335880 -9.236541 74.486422 1.570298 1.003926
Car -1 -1 1.853826 234.021301 208.354523 306.410675 259.096008 1.389350 1.280568 4.237290 -25.289909 -11.193658 82.755431 1.557242 0.862860
Car -1 -1 1.741822 515.393860 158.125031 561.236145 191.103287 1.334387 1.516672 4.247983 -22.456948 -19.977280 122.338070 1.560278 0.608923
Car -1 -1 1.696748 588.571411 136.764389 625.230164 164.583740 1.380402 1.655258 4.234399 -22.204242 -25.367009 145.562857 1.545374 0.365710
Car -1 -1 1.835992 266.626038 156.748383 324.353577 192.885071 1.510588 1.626460 4.245560 -34.963847 -19.294672 118.688335 1.549510 0.423499
Car -1 -1 1.665882 638.280273 133.550476 677.330994 167.424042 1.705205 1.909997 4.229178 -18.035929 -24.241026 140.194180 1.537935 0.364295
