Car -1 -1 -1.431119 550.078979 582.438416 762.238159 796.842712 0.793299 1.511212 4.232387 -3.066994 1.314232 23.253293 -1.562257 4.972227
Car -1 -1 2.745642 1653.591797 195.677979 1807.310425 253.138199 1.369598 1.861033 3.738302 24.557147 -10.126612 69.118913 3.087020 2.252090
Car -1 -1 -3.056318 596.698181 175.442154 732.508728 225.311768 1.392504 1.877131 4.390118 -10.249182 -12.162350 77.112716 3.094730 1.621227
Car -1 -1 2.677631 1830.073120 189.694550 1920.672974 253.569702 1.502677 1.873937 4.153520 30.155485 -10.022151 68.583966 3.091876 0.778515
Car -1 -1 2.901288 1356.252563 171.550156 1514.712646 234.181396 1.675128 1.899640 4.510695 16.387059 -11.507996 74.486754 3.117838 1.757114
Car -1 -1 -2.899301 307.661102 188.184738 470.272949 239.973343 1.330538 1.865755 4.579755 -19.084939 -11.181704 73.650086 3.130332 2.065716
Car -1 -1 -2.816587 3.125133 173.262863 162.259949 231.905746 1.623818 1.893821 4.557395 -30.794263 -11.980960 77.074664 3.086490 1.091653
Car -1 -1 1.638640 724.600159 124.369698 772.354492 171.532852 1.745285 1.834435 4.262435 -9.812081 -18.777298 103.756221 1.544352 0.626141
Car -1 -1 1.684831 656.590393 133.273895 707.116821 174.849579 1.372888 1.802531 4.243824 -12.773417 -18.440477 102.397821 1.560729 0.733800
Car -1 -1 2.863621 1299.278931 165.402542 1425.662231 211.029144 1.325760 1.861851 4.214005 15.943374 -13.911418 84.843849 3.049369 0.613700
Car -1 -1 1.700511 604.674683 130.654953 651.151611 168.142578 1.426740 1.628298 4.280401 -16.537592 -20.190742 110.595659 1.552078 0.649615
