Car -1 -1 -1.581693 644.735352 359.237915 760.249512 473.185486 1.034775 1.694700 4.245089 -4.385428 -2.317233 37.748451 -1.697349 2.547499
Car -1 -1 -1.575745 883.984497 389.113708 1011.758606 517.946960 1.045406 1.773978 4.249922 -0.117893 -1.591816 35.489046 -1.579067 3.366190
Car -1 -1 -1.709322 1533.924683 613.860901 1790.161255 871.509888 0.854107 1.700489 4.306896 6.911297 1.738517 21.787881 -1.402154 3.133468
Car -1 -1 -1.579047 891.647522 185.910339 958.836121 260.514832 1.569751 1.835548 4.256560 -0.950788 -9.953211 68.246840 -1.592977 1.004304
Car -1 -1 2.835881 1486.207520 156.955872 1622.586182 206.434250 1.586388 1.867517 4.392045 23.561946 -14.221465 85.992822 3.103316 0.447976
Car -1 -1 2.766965 1717.319458 185.928223 1873.744019 250.722687 1.541820 1.851828 3.936389 26.747203 -10.295327 69.549960 3.134104 1.396282
Car -1 -1 2.722646 1753.352051 138.761063 1914.582031 217.725449 2.309694 2.101405 5.108918 32.371551 -12.928266 79.839141 3.107850 0.525329
Car -1 -1 2.804103 1537.506348 162.683762 1692.224365 222.237656 1.734369 1.905374 4.559743 23.446918 -12.349926 77.702727 3.097166 0.738367
Car -1 -1 -1.574662 894.885254 116.023346 930.942749 151.002792 1.353585 1.805181 4.238391 -2.339451 -23.048677 121.287303 -1.593948 0.524459
Car -1 -1 2.788163 1626.616333 183.121536 1773.819336 231.149216 1.259352 1.831253 3.573118 25.175209 -11.396087 73.577907 3.117834 0.338746
Car -1 -1 0.789598 764.850891 133.622925 847.366943 171.758179 1.391020 1.871527 4.011608 -6.780672 -18.162685 100.937337 0.722522 0.324871
Car -1 -1 -1.613581 959.156372 125.346558 1002.541077 161.682358 1.382931 1.863924 4.281877 1.351266 -21.117109 114.096645 -1.601738 0.534127
Car -1 -1 -1.644498 1100.225342 105.040123 1137.533691 133.357437 1.309278 1.746664 4.261290 10.225617 -26.841244 136.362827 -1.569650 0.450828
Car -1 -1 2.682739 1842.973999 179.034882 1916.948853 232.113327 1.476491 1.857931 3.555775 32.197482 -11.346321 73.616605 3.095038 0.232141
Car -1 -1 -1.619105 1033.784180 73.627266 1061.222168 102.022835 2.023696 1.872847 4.699870 7.805598 -38.547930 183.957107 -1.576699 0.100096
Car -1 -1 -1.575252 908.640259 84.768227 932.822998 109.170815 1.373036 1.719236 4.258758 -2.585400 -34.647724 167.521561 -1.590684 0.260413
Car -1 -1 1.902401 532.212036 81.133400 597.747009 124.819122 2.339703 1.936897 4.923410 -26.437562 -29.780353 148.270019 1.725949 0.058667
Car -1 -1 -1.581785 992.216675 69.938255 1020.266541 91.944237 1.665128 1.847164 4.358793 4.455610 -42.214849 197.612542 -1.559241 0.077121
Car -1 -1 1.662581 760.032104 86.417259 788.499146 111.388649 1.416415 1.722707 4.262397 -13.661987 -34.036206 165.104472 1.580021 0.237165
