Car -1 -1 -1.609344 984.553772 460.365173 1124.954712 600.062439 1.255237 1.823802 4.233740 0.906654 -0.109987 42.326811 -1.587927 1.926782
Car -1 -1 -1.708755 1223.427979 576.870789 1414.520630 728.378357 0.884191 1.658501 4.234116 4.086131 1.300885 35.271073 -1.593420 2.674385
Car -1 -1 -1.534532 795.325500 445.335938 917.880493 558.232483 1.051157 1.861787 4.262112 -2.227548 -0.706892 45.954491 -1.582967 2.198741
Car -1 -1 -0.179296 895.880859 294.705505 1085.108643 363.348328 1.370188 1.839659 4.468299 -0.106541 -5.496768 72.438609 -0.180767 2.099844
Car -1 -1 -1.650542 1048.680298 789.297058 1283.589600 1028.613159 0.770788 1.681156 4.227430 1.491613 3.160784 25.110156 -1.591209 2.576020
Car -1 -1 -1.533309 750.887390 648.535156 933.589050 840.389526 0.875819 1.762609 4.267265 -1.598992 2.122852 30.574010 -1.585561 2.256485
Car -1 -1 -1.414451 305.012238 753.909851 562.528442 986.123169 0.774455 1.569383 4.228384 -5.119006 2.901265 25.880325 -1.609726 2.786354
Car -1 -1 -1.672099 1087.203857 400.543518 1220.742065 521.257446 1.313848 1.818941 4.358447 2.785327 -1.344979 48.761904 -1.615040 1.625583
Car -1 -1 -1.638480 1028.989502 258.737579 1100.975830 323.570221 1.412213 1.763410 4.258452 2.143509 -7.467652 82.773297 -1.612590 1.030505
Car -1 -1 -1.501612 599.083923 923.696472 888.320557 1080.000000 0.709262 1.787272 4.260910 -1.765615 3.949812 20.945315 -1.585710 3.641925
Car -1 -1 1.665183 620.676819 234.644028 683.876099 287.305817 1.311780 1.677265 4.252465 -11.735241 -9.759626 95.544405 1.542970 0.963478
Car -1 -1 1.657146 676.653320 254.981186 755.351624 334.272919 1.676879 1.806353 4.277435 -8.088401 -7.091301 81.265502 1.557942 0.788284
Car -1 -1 -1.547989 1029.564697 180.256775 1073.035034 218.363998 1.510659 1.792183 4.233604 2.849832 -16.488750 132.482501 -1.526481 0.521985
Car -1 -1 1.716357 533.521851 199.907730 586.778931 241.941193 1.339410 1.507867 4.243522 -18.069952 -13.511241 115.592984 1.561288 0.749969
Car -1 -1 1.668020 618.197632 196.168732 669.364258 237.640915 1.352020 1.602513 4.251205 -15.030070 -14.131131 119.264147 1.542658 0.689582
Car -1 -1 1.676702 658.066345 175.695160 703.180786 212.161087 1.365044 1.582339 4.245640 -15.340645 -17.287653 136.031945 1.564404 0.471121
Car -1 -1 1.645350 742.290039 204.324783 796.224426 249.363434 1.370092 1.720380 4.243114 -9.063872 -12.852328 112.065184 1.564645 0.766534
Car -1 -1 1.644278 721.060852 234.932037 780.197632 290.403046 1.327071 1.672544 4.251757 -8.278550 -9.591784 94.646682 1.557032 0.896432
Car -1 -1 1.631125 766.471497 187.508041 812.848022 227.506149 1.356625 1.615989 4.246545 -9.101592 -15.119102 124.191098 1.557969 0.451060
Car -1 -1 1.626974 790.320129 162.920456 831.055664 200.518753 1.465120 1.785838 4.252511 -9.321406 -18.641937 142.499858 1.561653 0.321887
Car -1 -1 1.636495 743.309570 139.269043 775.263794 165.674927 1.436375 1.721419 4.246510 -15.621840 -26.395161 185.440523 1.552452 0.305148
