Car -1 -1 -1.781829 1386.245483 807.401733 1681.763550 1052.386719 0.712496 1.576648 4.215893 4.663320 3.232400 24.458424 -1.593427 3.273448
Car -1 -1 1.739413 399.464020 294.128571 498.130676 375.243195 1.481336 1.675355 4.247356 -13.914344 -5.208452 70.971141 1.545812 1.156958
Car -1 -1 -1.663826 1054.657104 767.345032 1287.871826 1004.035339 0.720652 1.634780 4.261573 1.546023 2.984943 25.567804 -1.603432 3.832183
Car -1 -1 -1.531827 678.211060 882.830811 935.449890 1079.912476 0.914085 1.744070 4.244095 -1.424894 3.920932 22.463585 -1.595174 6.057526
Car -1 -1 1.785431 258.987457 308.322845 371.529205 382.342102 1.240728 1.610933 4.243358 -17.129110 -5.005566 70.140705 1.545908 1.152289
Car -1 -1 1.685311 530.783508 287.988403 622.922791 372.121796 1.549136 1.724826 4.235976 -10.731719 -5.346466 71.631059 1.536598 1.029543
Car -1 -1 1.714455 479.722382 261.948975 558.782166 324.980072 1.360135 1.665660 4.246377 -14.331578 -7.537431 83.948982 1.545367 1.027330
Car -1 -1 -1.597369 1016.580200 192.927170 1064.965210 235.096100 1.346346 1.866048 4.248411 2.086236 -14.606290 122.033851 -1.580276 0.720177
Car -1 -1 -1.511276 1047.301025 176.024551 1092.495972 213.872223 1.473732 1.600296 4.244657 3.760227 -16.985311 134.682526 -1.483364 0.463093
Car -1 -1 -1.571420 943.426575 163.835922 979.387756 195.916931 1.400307 1.817212 4.256484 -1.643271 -19.604895 148.280801 -1.582502 0.503391
Car -1 -1 -1.554332 880.058533 158.275574 917.311340 193.780716 1.578800 1.907951 4.257671 -5.215830 -20.485688 154.027075 -1.588183 0.472641
Car -1 -1 -1.608796 1091.498535 141.901718 1124.332153 169.168365 1.447248 1.898457 4.267842 7.857915 -26.536639 187.089819 -1.566819 0.177879
Car -1 -1 -1.577880 1000.587769 154.063644 1034.186890 185.672882 1.463690 1.767351 4.239542 1.448494 -21.871021 161.192255 -1.568894 0.366111
Car -1 -1 -1.569685 936.485962 131.402451 964.594482 158.454697 1.460657 1.806479 4.242640 -2.992728 -28.888222 198.845624 -1.584734 0.238340
Car -1 -1 -1.568083 956.260986 141.339584 990.334412 172.350906 1.566360 1.879925 4.233854 -1.242931 -25.125782 178.948960 -1.575029 0.189163
Car -1 -1 1.649254 775.080750 186.587357 818.520813 229.166321 1.508978 1.574022 4.251559 -8.376454 -14.244459 118.148427 1.578475 0.269938
