Car -1 -1 -0.333154 1708.935913 328.033264 1919.792725 435.533508 1.711648 1.878066 4.883955 19.002309 -3.082943 47.869175 0.044732 0.806668
Car -1 -1 0.110436 1281.227539 307.632935 1487.769897 390.116852 1.374592 1.863538 4.452088 10.254364 -4.534605 53.850686 0.298605 3.153987
Car -1 -1 0.830304 851.112793 290.108521 1002.813110 362.324951 1.273247 1.874622 3.567269 -1.170422 -5.615973 58.525025 0.810308 0.941242
Car -1 -1 1.926298 1.713256 400.234406 268.075745 684.595764 2.242419 1.638280 5.576784 -10.937475 0.568250 28.309178 1.557607 2.318330
Car -1 -1 1.813063 321.234009 347.095581 451.177948 443.746887 1.141766 1.399497 4.332235 -11.984533 -2.905715 44.941024 1.552455 1.677060
Car -1 -1 -1.747173 1512.764404 652.322021 1886.222900 1050.607422 1.698883 1.938522 5.141016 6.379925 3.020551 19.558299 -1.431856 1.970308
Car -1 -1 -1.576491 919.525513 179.990707 961.003845 225.311249 1.828873 1.778660 4.594840 -1.517938 -16.914915 111.470113 -1.590108 0.383921
Car -1 -1 1.687780 591.445068 183.872391 644.139648 235.833054 1.819683 1.762415 4.277366 -16.779367 -15.420054 104.206876 1.528130 0.752539
Car -1 -1 1.506763 666.067383 235.284195 734.005859 296.920868 1.442611 1.787049 4.266004 -9.199382 -9.087560 74.008797 1.383096 0.804497
Car -1 -1 0.169946 1297.723877 156.817581 1374.769043 189.113708 1.580739 1.856047 4.139813 23.447186 -23.314479 139.944763 0.335950 0.137731
