Car -1 -1 1.827519 286.950745 255.925201 384.811707 326.060944 1.381556 1.553576 4.275900 -18.091374 -7.144574 65.709366 1.558851 1.231391
Car -1 -1 1.931135 43.327301 249.766647 148.821838 323.073273 1.568661 1.334728 4.232290 -25.670474 -7.286135 66.680527 1.563647 1.313188
Car -1 -1 1.883530 159.419968 263.031250 260.554047 329.542236 1.286794 1.345885 4.247089 -21.709458 -6.988113 65.191332 1.562069 1.450445
Car -1 -1 1.716365 530.893860 197.469604 596.540955 253.145538 1.588131 1.654953 4.257418 -14.815110 -11.880103 86.158483 1.546079 0.873529
Car -1 -1 1.778545 435.769745 205.206390 509.545258 254.754303 1.371804 1.639714 4.238115 -18.152245 -11.647996 84.957264 1.568047 0.972819
Car -1 -1 1.890398 145.948441 235.327698 237.583466 294.422760 1.355928 1.355577 4.242226 -25.242078 -8.940442 73.999721 1.561664 0.969320
Car -1 -1 1.812663 327.369049 211.724579 401.224274 261.241180 1.272502 1.478492 4.223361 -21.865798 -11.203420 83.085077 1.555325 0.843986
Car -1 -1 1.796759 360.986847 229.311462 439.223572 288.930084 1.413007 1.509294 4.246401 -18.375717 -9.191537 74.542891 1.555065 1.040006
Car -1 -1 1.842793 249.613068 233.719788 333.542725 293.183716 1.377818 1.437563 4.236377 -21.881153 -8.980074 73.912145 1.554970 1.144754
Car -1 -1 1.732271 514.671692 175.493744 570.553894 221.089249 1.556961 1.744880 4.237438 -18.588920 -15.477299 102.465943 1.552807 0.691458
