Car -1 -1 1.689446 585.704346 359.139465 745.511902 541.456970 1.764388 1.642946 4.351221 -4.484909 -1.212054 33.703239 1.557153 4.226457
Car -1 -1 -1.547658 775.642456 692.247009 985.450195 930.865845 0.575426 1.659736 4.271039 -0.709085 2.165127 20.820577 -1.581702 4.553794
Car -1 -1 2.797333 1560.785034 227.317200 1730.733521 285.899353 1.303068 1.868016 4.377502 21.539352 -9.192828 68.796176 3.100755 1.940103
Car -1 -1 2.828056 1505.852173 217.043564 1652.323120 271.211304 1.348440 1.852309 4.045903 20.319383 -9.985147 71.870757 3.103586 0.534857
Car -1 -1 0.384097 0.000000 261.820312 96.036720 337.883026 1.379528 1.846909 3.836313 -24.157101 -6.101677 54.644512 -0.032149 0.619656
Car -1 -1 -1.947699 1726.164917 157.805099 1802.482178 195.683075 1.161819 1.558426 4.277324 36.533524 -16.998808 99.122155 -1.594577 0.605313
Car -1 -1 -1.968861 1795.944092 151.969650 1871.108154 193.943649 1.360049 1.436407 4.258655 39.478356 -16.991965 98.685168 -1.588318 0.582644
Car -1 -1 2.449678 1830.979614 220.876877 1920.364868 289.294067 1.642048 1.848220 3.313391 29.208908 -8.855174 67.336230 2.858959 0.259178
Car -1 -1 -2.052995 1003.602417 151.376694 1083.141968 196.898941 1.560560 1.680058 4.322444 3.738309 -17.290619 101.275063 -2.016099 0.591658
Car -1 -1 -1.920444 1659.220459 155.546875 1735.994263 196.231003 1.320072 1.740676 4.283916 33.193128 -16.802606 98.305162 -1.594810 0.607234
Car -1 -1 1.581984 819.969116 147.128067 860.565063 187.994125 1.413675 1.805113 4.289577 -5.697109 -18.162377 103.739691 1.527121 0.351835
Car -1 -1 2.685514 1884.006348 137.925491 1918.777588 164.793152 1.045458 1.863908 2.459944 51.231948 -21.383326 116.526197 3.099736 0.075058
