Car -1 -1 1.994962 489.629272 410.958496 717.271179 566.206238 1.329913 1.371605 4.635865 -5.596027 -0.410917 42.119339 1.862874 1.927502
Car -1 -1 -1.520033 409.113464 729.287598 644.036011 980.852722 0.774329 1.701635 4.249755 -3.835705 2.727476 24.128932 -1.677681 3.989193
Car -1 -1 2.654176 884.706116 323.398346 1095.931885 427.582275 1.507525 1.844141 3.694995 0.282789 -2.801812 56.471411 2.659184 2.264308
Car -1 -1 2.975857 1384.367798 306.838226 1587.974487 383.085297 1.383551 1.847151 4.195309 12.051358 -4.037299 64.963988 -3.123905 2.416472
Car -1 -1 -2.993638 447.515228 290.284637 638.869812 367.988678 1.393157 1.827043 4.098886 -10.097404 -4.381723 64.981005 3.135391 2.369714
Car -1 -1 -2.242254 815.599182 232.236343 968.451355 314.450470 1.718344 1.836631 4.321493 -2.495372 -6.825325 78.770572 -2.273922 1.292397
Car -1 -1 -3.080353 731.036255 282.781281 924.156250 356.292023 1.356109 1.869206 4.338224 -3.586855 -4.850041 67.996748 -3.133054 2.107362
Car -1 -1 -1.632755 779.712769 738.901306 1053.476440 1058.010254 1.065074 1.786048 4.482683 -0.608341 3.059516 23.022677 -1.659172 2.367950
Car -1 -1 -2.806959 173.937347 257.904144 381.344696 348.131836 1.753978 1.929662 4.428026 -17.419858 -5.159829 69.209016 -3.053537 2.075213
Car -1 -1 2.815416 1674.200562 318.528290 1878.294922 399.145752 1.363680 1.864054 3.774759 18.584261 -3.654944 63.798914 3.098867 0.987053
Car -1 -1 2.976351 1178.643555 315.632141 1392.715210 392.340454 1.293900 1.865832 4.277789 6.926103 -3.668545 61.936843 3.087714 2.007342
Car -1 -1 1.698713 446.510651 222.601761 518.677063 278.589203 1.278365 1.683605 4.258674 -15.940835 -8.757905 89.586613 1.522618 0.823085
Car -1 -1 1.646626 548.226868 223.646988 616.260925 280.604797 1.316631 1.766697 4.278423 -12.667757 -8.666127 89.332327 1.505760 0.687983
Car -1 -1 2.857150 1805.719604 325.643829 1919.333862 423.354004 1.455148 1.842026 3.826398 20.797421 -3.135509 61.241648 -3.098659 0.509729
Car -1 -1 3.000602 1280.122192 292.273102 1472.629150 356.312164 1.251419 1.857695 4.150611 10.080573 -4.919617 69.940737 -3.139438 0.839795
Car -1 -1 -2.527274 0.906666 283.110840 87.256096 366.498016 1.484512 1.831678 3.482051 -23.620433 -4.597268 66.821756 -2.867049 0.355241
Car -1 -1 1.696036 449.961334 197.628281 511.080048 248.280457 1.368065 1.581456 4.255733 -17.855655 -10.703699 99.697148 1.518816 0.444915
Car -1 -1 2.816833 1790.027466 301.568848 1917.097412 366.640381 1.236234 1.828041 3.238721 22.802910 -4.805413 70.940068 3.127841 0.248789
Car -1 -1 1.650273 599.195984 116.370956 632.927673 145.429749 1.614591 1.911851 4.276409 -25.203258 -27.447032 194.311055 1.521287 0.310036
