Car -1 -1 0.150323 1333.022095 287.681671 1559.411743 371.452911 1.270967 1.910547 4.661314 11.467633 -5.158682 51.602111 0.369001 3.429852
Car -1 -1 2.759635 1679.573730 234.544189 1860.645020 299.537659 1.417105 1.885991 4.211803 24.060245 -8.298724 64.984595 3.114231 2.544531
Car -1 -1 -1.545920 872.822388 317.921356 971.736084 425.526520 1.367064 1.799670 4.265567 -0.795312 -3.510724 44.496740 -1.563792 1.777742
Car -1 -1 0.384948 0.442058 231.374847 158.425308 315.017395 1.593499 1.957778 4.644899 -23.522961 -6.816157 55.967853 -0.012930 0.916219
Car -1 -1 2.862563 1505.689819 206.017700 1662.758667 268.493774 1.572736 1.891566 4.166677 20.702925 -10.241796 72.761843 3.139767 0.935815
Car -1 -1 2.825781 1541.817871 227.732452 1713.093384 284.103180 1.264894 1.894393 4.359397 20.807296 -9.157169 68.250027 3.121699 1.413716
Car -1 -1 -1.979382 1796.093872 151.729797 1872.728394 192.940979 1.313110 1.374596 4.263754 39.484458 -17.027686 98.673004 -1.598742 0.545601
Car -1 -1 -1.926514 1730.096802 158.788147 1803.135010 195.537445 1.113278 1.431008 4.256141 36.172820 -16.812399 97.951644 -1.572756 0.573560
Car -1 -1 -1.900560 1673.345825 158.613358 1739.956177 194.228149 1.025968 1.238612 4.269173 33.371091 -16.787569 97.543677 -1.570927 0.667688
Car -1 -1 2.696706 1883.911743 137.561813 1919.374146 165.011230 1.073362 1.853954 2.653223 53.064715 -22.139593 120.636248 3.111107 0.091920
