Car -1 -1 -1.631469 1011.270935 745.080750 1234.588623 967.360901 0.793175 1.773782 4.226187 1.167244 2.873819 26.669374 -1.587730 2.850420
Car -1 -1 -1.507980 655.994446 807.297119 897.646362 1060.458008 0.650470 1.717664 4.561928 -1.802606 3.209375 24.343474 -1.581894 2.248498
Car -1 -1 -1.766428 1339.757812 777.289429 1621.078979 1012.313660 0.773972 1.593860 4.246961 4.396842 3.086460 25.541359 -1.595953 2.437044
Car -1 -1 1.701666 519.417114 289.163818 615.797180 382.267670 1.654356 1.706501 4.247757 -10.680443 -5.011478 69.822615 1.549877 0.979220
Car -1 -1 1.744132 401.609467 304.884064 498.310120 378.903900 1.287584 1.556934 4.238494 -13.877752 -5.124983 70.934799 1.550931 1.495798
Car -1 -1 1.782316 269.898895 304.764404 373.698975 377.786194 1.251532 1.599807 4.238222 -17.233798 -5.174968 71.141811 1.544649 1.130144
Car -1 -1 1.736273 453.925201 265.979858 537.521240 339.523071 1.527414 1.526005 4.244989 -14.252349 -6.762701 79.477417 1.558833 1.241426
Car -1 -1 1.671473 661.441711 302.942719 738.799133 381.616699 1.353846 1.442852 4.232464 -7.355417 -4.991617 69.757826 1.566419 1.194380
Car -1 -1 -1.537806 844.596130 227.905579 897.263184 275.746552 1.280767 1.689765 4.237412 -4.396578 -10.619465 100.404503 -1.581567 1.066257
Car -1 -1 1.769467 342.638367 278.835876 423.701996 342.726929 1.235339 1.315752 4.228917 -17.282268 -6.609729 78.591453 1.553012 1.186997
Car -1 -1 1.723350 505.352753 242.583481 578.382507 304.123505 1.479424 1.591312 4.253144 -14.569540 -8.655570 89.563091 1.562089 0.913034
Car -1 -1 -1.545523 865.888245 190.088028 911.256287 237.173645 1.532792 1.775247 4.257255 -4.542442 -14.365041 120.917813 -1.583072 0.641047
Car -1 -1 -1.629191 1069.669189 280.280060 1146.433472 353.656158 1.401186 1.744812 4.288646 3.120222 -6.059911 75.996032 -1.588157 0.906180
Car -1 -1 -1.567114 945.587585 256.830688 1010.513733 320.664673 1.422649 1.780664 4.250909 -0.462905 -7.735255 84.826869 -1.572571 1.198684
Car -1 -1 -1.554669 952.089172 193.914932 995.007141 233.371536 1.351196 1.684060 4.267702 -0.798843 -14.205411 118.922676 -1.561386 0.456337
Car -1 -1 -1.620546 1031.079956 210.291580 1088.451050 261.350952 1.391604 1.807647 4.239278 2.595876 -11.927823 107.308864 -1.596360 0.541092
Car -1 -1 -1.566006 948.221313 223.395111 1004.306152 276.925629 1.390418 1.847719 4.274775 -0.571064 -10.031463 95.987369 -1.571955 0.504656
Car -1 -1 1.642811 716.279297 212.659378 775.986511 269.972961 1.616443 1.791832 4.258607 -8.928358 -10.816084 100.417550 1.554132 0.584643
Car -1 -1 -1.647015 1197.302856 194.759277 1246.692627 233.259491 1.293085 1.678710 4.266867 10.117586 -14.762958 122.938167 -1.564902 0.531464
Car -1 -1 -1.591528 1004.185669 162.764893 1043.839966 198.781982 1.531929 1.811074 4.258902 1.706362 -19.370099 147.462097 -1.579957 0.343190
Car -1 -1 -1.570114 1014.175720 194.080292 1062.073608 235.194397 1.321737 1.777050 4.244658 2.039585 -14.480589 121.553030 -1.553337 0.454410
Car -1 -1 -1.590695 957.684265 284.131104 1029.781372 345.935516 1.165278 1.650619 4.253210 -0.012571 -6.457919 77.875798 -1.590857 1.294145
Car -1 -1 -1.547885 880.053894 152.076569 913.904724 183.399902 1.364407 1.778228 4.234389 -5.774520 -23.038181 168.165256 -1.582210 0.245361
Car -1 -1 -1.554497 951.565125 215.452515 1000.212402 258.103394 1.211337 1.821141 4.252072 -0.608280 -11.540670 104.126802 -1.560339 0.439418
Car -1 -1 1.634160 774.999268 185.633118 818.335815 230.506836 1.533360 1.548991 4.241730 -8.577461 -14.747498 121.902466 1.563912 0.405073
Car -1 -1 1.712348 549.270508 228.755875 614.339783 281.387329 1.326591 1.606194 4.244731 -14.428975 -10.156020 97.419590 1.565305 0.647097
Car -1 -1 -1.578874 945.574341 165.516388 982.265198 203.223236 1.508817 1.673280 4.377433 -1.448204 -18.100528 139.468855 -1.589257 0.279716
Car -1 -1 -1.554993 893.268555 138.549026 921.775879 163.452209 1.414460 1.657581 4.234646 -5.729541 -26.936926 188.295343 -1.585412 0.221581
Car -1 -1 -1.564347 939.668396 137.177017 969.331848 163.671951 1.561132 1.808818 4.267901 -2.536358 -26.787001 187.953577 -1.577840 0.146421
Car -1 -1 1.655467 745.725342 198.182526 796.555847 243.120850 1.383083 1.637613 4.246240 -9.128075 -13.275931 113.877815 1.575482 0.425630
Car -1 -1 -1.667076 1150.099731 164.985977 1193.438477 201.613647 1.461004 1.841106 4.263731 9.633960 -19.433743 148.701221 -1.602379 0.216282
Car -1 -1 -1.612204 1083.093628 133.063538 1114.697754 160.095627 1.519709 1.770289 4.255000 7.711362 -28.643960 198.137889 -1.573304 0.112484
Car -1 -1 -1.589292 984.526001 133.786545 1015.343811 162.960297 1.733433 1.965978 4.294228 0.510190 -26.728552 186.876051 -1.586562 0.149709
Car -1 -1 -1.620995 1046.037720 261.541199 1118.291260 317.181274 1.173475 1.738079 4.274836 2.725336 -7.951155 86.014296 -1.589321 0.497171
Car -1 -1 1.658334 709.450928 240.451706 770.331787 296.256195 1.315156 1.545199 4.224644 -8.490258 -9.249041 93.130011 1.567420 0.451883
